  2100
  NON-PROTOCOL GAS FORCING : MEAN OF A1, A2, B1 & B2 (ERROR < 0.002W/m**2)
  YEAR      DIFF    QOZONE : DIFF = QTOTAL - QKYMAG = QNFB + QOZONE
X1234512345678901234567890
  1940    .00000     .0000
  1941    .00030     .0000
  1942    .00060     .0000
  1943    .00090     .0000
  1944    .00110     .0000
  1945    .00140     .0000
  1946    .00200     .0000
  1947    .00260     .0000
  1948    .00320     .0000
  1949    .00380     .0000
  1950    .00440     .0000
  1951    .00520     .0000
  1952    .00610     .0000
  1953    .00700     .0000
  1954    .00780     .0000
  1955    .00870     .0000
  1956    .01020     .0000
  1957    .01170     .0000
  1958    .01310     .0000
  1959    .01460     .0000
  1960    .01610     .0000
  1961    .01910     .0000
  1962    .02210     .0000
  1963    .02510     .0000
  1964    .02800     .0000
  1965    .03100     .0000
  1966    .03780     .0000
  1967    .04460     .0000
  1968    .05140     .0000
  1969    .05810     .0000
  1970    .06490     .0000
  1971    .07050    -.0047
  1972    .07620    -.0093
  1973    .08180    -.0140
  1974    .08460    -.0214
  1975    .08740    -.0289
  1976    .09100    -.0364
  1977    .09470    -.0438
  1978    .09830    -.0513
  1979    .10080    -.0599
  1980    .10340    -.0685
  1981    .10530    -.0771
  1982    .10720    -.0857
  1983    .10910    -.0942
  1984    .11200    -.1019
  1985    .11490    -.1095
  1986    .11920    -.1171
  1987    .12350    -.1247
  1988    .12780    -.1323
  1989    .13140    -.1407
  1990    .13490    -.1491
  1991    .13510    -.1575
  1992    .13460    -.1659
  1993    .13350    -.1743
  1994    .13560    -.1787
  1995    .13830    -.1819
  1996    .14150    -.1839
  1997    .14510    -.1850
  1998    .14900    -.1852
  1999    .15310    -.1845
  2000    .15740    -.1832
  2001    .16220    -.1811
  2002    .16750    -.1785
  2003    .17320    -.1752
  2004    .17860    -.1721
  2005    .18355    -.1693
  2006    .18810    -.1666
  2007    .19240    -.1642
  2008    .19640    -.1618
  2009    .20012    -.1595
  2010    .20365    -.1572
  2011    .20635    -.1549
  2012    .20822    -.1526
  2013    .20943    -.1502
  2014    .20988    -.1479
  2015    .20978    -.1455
  2016    .20912    -.1429
  2017    .20800    -.1403
  2018    .20642    -.1375
  2019    .20440    -.1347
  2020    .20198    -.1317
  2021    .19977    -.1286
  2022    .19772    -.1254
  2023    .19590    -.1221
  2024    .19383    -.1191
  2025    .19173    -.1162
  2026    .18958    -.1134
  2027    .18745    -.1106
  2028    .18532    -.1079
  2029    .18320    -.1053
  2030    .18110    -.1027
  2031    .17910    -.1001
  2032    .17725    -.0975
  2033    .17552    -.0950
  2034    .17388    -.0926
  2035    .17230    -.0902
  2036    .17077    -.0879
  2037    .16928    -.0857
  2038    .16790    -.0835
  2039    .16650    -.0814
  2040    .16520    -.0793
  2041    .16383    -.0772
  2042    .16242    -.0753
  2043    .16095    -.0733
  2044    .15947    -.0714
  2045    .15798    -.0695
  2046    .15650    -.0676
  2047    .15500    -.0658
  2048    .15342    -.0640
  2049    .15182    -.0622
  2050    .15025    -.0605
  2051    .14875    -.0587
  2052    .14738    -.0570
  2053    .14607    -.0554
  2054    .14478    -.0537
  2055    .14353    -.0521
  2056    .14235    -.0506
  2057    .14120    -.0490
  2058    .14010    -.0476
  2059    .13900    -.0461
  2060    .13798    -.0447
  2061    .13700    -.0433
  2062    .13600    -.0419
  2063    .13508    -.0406
  2064    .13412    -.0393
  2065    .13325    -.0380
  2066    .13238    -.0368
  2067    .13155    -.0356
  2068    .13070    -.0344
  2069    .12990    -.0332
  2070    .12910    -.0321
  2071    .12835    -.0309
  2072    .12760    -.0298
  2073    .12690    -.0288
  2074    .12618    -.0277
  2075    .12548    -.0266
  2076    .12477    -.0256
  2077    .12405    -.0246
  2078    .12342    -.0236
  2079    .12278    -.0227
  2080    .12212    -.0217
  2081    .12148    -.0208
  2082    .12085    -.0199
  2083    .12027    -.0190
  2084    .11968    -.0181
  2085    .11905    -.0172
  2086    .11847    -.0164
  2087    .11790    -.0155
  2088    .11735    -.0147
  2089    .11677    -.0139
  2090    .11622    -.0131
  2091    .11565    -.0123
  2092    .11513    -.0116
  2093    .11457    -.0108
  2094    .11402    -.0101
  2095    .11353    -.0093
  2096    .11303    -.0086
  2097    .11250    -.0079
  2098    .11197    -.0072
  2099    .11147    -.0065
  2100    .11097    -.0059
