1970 4   -5.86
1971 4   -2.51
1972 4   -10.05
1973 4   -4.19
1974 4   -2.51
1975 4   -3.35
1976 4   -3.35
1977 4   -0.84
1978 4   -5.02
1979 4   -4.19
1980 4   -10.88
1981 4   -1.67
1982 4   -1.67
1983 4   -2.51
1984 4   -3.35
1985 4   -2.51
1986 4   -3.35
1987 4   -0.84
1988 4   -3.35
1989 4   -3.35
1990 4   -3.35
1991 4   -2.51
1992 4   -1.67
1993 4   -1.67
1994 4   -1.67
1995 4   -1.67
1996 4   -1.67
1997 4   -1.67
1998 4   -1.67
1999 4   -3.35
2000 4   -3.35
2001 4   -3.35
2002 4   -3.35
2003 4   -2.51
2004 4   -5.86
2005 4   -5.86
2006 4   -5.86
2007 4   -5.86
2008 4   -5.86
2009 4   -5.86
1991 8   -17.58
1992 8   -8.37
1993 8   -15.91
1994 8   -28.47
1995 8   -27.63
1996 8   -16.75
1997 8   -14.23
1998 8   -13.40
1999 8   -40.19
2000 8   -39.35
2001 8   -40.19
2002 8   -47.72
2003 8   -58.61
2004 8   -41.03
2005 8   -98.80
2006 8   -112.19
2007 8   -73.68
2008 8   -58.61
2009 8   -64.47
1970 12  -44.37
1971 12  -56.93
1972 12  -70.33
1973 12  -113.87
1974 12  -109.68
1975 12  -146.52
1976 12  -155.73
1977 12  -125.59
1978 12  -217.69
1979 12  -216.85
1980 12  -143.17
1981 12  -219.36
1993 12  -452.95
1994 12  -380.95
1995 12  -389.32
1996 12  -349.97
1997 12  -231.92
1998 12  -308.95
1999 12  -315.64
2000 12  -299.74
2001 12  -323.18
2002 12  -397.69
2003 12  -411.93
2004 12  -407.74
2005 12  -463.00
2006 12  -519.93
2007 12  -684.03
2008 12  -782.83
2009 12  -774.46
1999 20  0.00
2000 20  0.00
2001 20  0.00
2002 20  0.00
2003 20  0.00
2004 20  0.00
2005 20  0.00
2006 20  0.00
2007 20  0.00
2008 20  0.00
2009 20  0.00
1982 24  -5.02
1983 24  -5.02
1984 24  -4.19
1985 24  -5.86
1986 24  -4.19
1987 24  -5.02
1988 24  -5.86
1989 24  -5.86
1990 24  -5.86
1991 24  -5.86
1992 24  -5.86
1993 24  -5.86
1994 24  -5.86
1995 24  -5.02
1996 24  -5.86
1997 24  -19.26
1998 24  -95.45
1999 24  -50.24
2000 24  -143.17
2001 24  -172.47
2002 24  -202.61
2003 24  -202.61
2004 24  -137.31
2005 24  -107.17
2006 24  -108.84
2007 24  -96.28
2008 24  -90.42
2009 24  -164.10
1976 28  0.00
1977 28  0.00
1978 28  -0.84
1979 28  -0.84
1980 28  -0.84
1981 28  -0.84
1982 28  -1.67
1983 28  -1.67
1984 28  -3.35
1985 28  -3.35
1986 28  -3.35
1987 28  -4.19
1988 28  -4.19
1989 28  -4.19
1990 28  -4.19
1991 28  -4.19
1992 28  -4.19
1993 28  -4.19
1994 28  -4.19
1995 28  -5.02
1996 28  -5.02
1997 28  -5.02
1998 28  -5.02
1999 28  -5.02
2000 28  -5.02
2001 28  -5.02
2002 28  -5.02
2003 28  -5.86
2004 28  -5.86
2005 28  -5.86
2006 28  -5.86
2007 28  -5.86
2008 28  -5.86
2009 28  -5.86
1992 31  -149.03
1993 31  -148.19
1994 31  -163.26
1995 31  -206.80
1996 31  -251.18
1997 31  -331.55
1998 31  -364.20
1999 31  -422.81
2000 31  -463.00
2001 31  -341.60
2002 31  -271.27
2003 31  -343.27
2004 31  -339.92
2005 31  -346.62
2006 31  -382.62
2007 31  -345.78
2008 31  -493.98
2009 31  -433.70
1970 32  -1210.66
1971 32  -1249.18
1972 32  -1160.43
1973 32  -1188.90
1974 32  -1064.98
1975 32  -1040.70
1976 32  -1011.40
1977 32  -1039.03
1978 32  -1004.70
1979 32  -1138.66
1980 32  -1010.56
1981 32  -956.14
1982 32  -839.76
1983 32  -1053.26
1984 32  -1100.15
1985 32  -1131.12
1986 32  -1080.05
1987 32  -1122.75
1988 32  -1072.52
1989 32  -872.41
1990 32  -712.50
1991 32  -879.11
1992 32  -864.88
1993 32  -1348.81
1994 32  -1163.78
1995 32  -1117.73
1996 32  -1321.18
1997 32  -1402.39
1998 32  -1559.80
1999 32  -1427.51
2000 32  -1974.24
2001 32  -926.00
2002 32  -777.81
2003 32  -1110.19
2004 32  -1279.32
2005 32  -1349.65
2006 32  -1284.34
2007 32  -1330.39
2008 32  -1146.20
2009 32  -1490.31
1976 36  -2186.06
1977 36  -2157.59
1978 36  -1770.78
1979 36  -1862.04
1980 36  -2151.73
1981 36  -993.82
1982 36  -1322.02
1983 36  -1913.95
1984 36  -2037.03
1985 36  -2274.81
1986 36  -1901.39
1987 36  -1940.75
1988 36  -2247.18
1989 36  -2366.07
1990 36  -2479.93
1991 36  -2380.30
1992 36  -2356.86
1993 36  -2496.68
1994 36  -2480.77
1995 36  -2653.25
1996 36  -2870.09
1997 36  -2711.85
1998 36  -2775.48
1999 36  -2783.86
2000 36  -2918.65
2001 36  -3003.22
2002 36  -2125.78
2003 36  -2304.95
2004 36  -2039.54
2005 36  -2346.81
2006 36  -1988.47
2007 36  -2348.49
2008 36  -2389.51
2009 36  -2340.11
1970 40  -818.83
1971 40  -825.53
1972 40  -890.83
1973 40  -951.12
1974 40  -905.90
1975 40  -956.14
1976 40  -787.02
1977 40  -779.48
1978 40  -854.83
1979 40  -1013.07
1980 40  -956.98
1981 40  -941.91
1982 40  -898.37
1983 40  -1085.08
1984 40  -1206.48
1985 40  -1078.38
1986 40  -1080.05
1987 40  -445.42
1988 40  -1090.10
1989 40  -1023.96
1990 40  -471.37
1991 40  -140.66
1992 40  -109.68
1993 40  -85.40
1994 40  -79.54
1995 40  -427.00
1996 40  -509.89
1997 40  -571.00
1998 40  -596.12
1999 40  -581.89
2000 40  -603.66
2001 40  -1165.45
2002 40  -1129.45
2003 40  -1142.01
2004 40  -1263.41
2005 40  -1121.92
2006 40  -1344.62
2007 40  -1254.20
2008 40  -1183.87
2009 40  -1148.71
1996 48  -13.40
1997 48  -10.88
1998 48  -10.88
1999 48  -9.21
2000 48  -10.88
2001 48  -10.88
2002 48  -15.07
2003 48  -28.47
2004 48  -35.16
2005 48  -37.68
2006 48  -35.16
2007 48  -49.40
2008 48  -49.40
2009 48  -57.77
1972 50  -9.21
1973 50  -14.23
1974 50  -10.05
1975 50  -14.23
1976 50  -23.44
1977 50  -23.44
1978 50  -30.98
1979 50  -30.98
1980 50  -27.63
1981 50  -31.82
1982 50  -29.30
1983 50  -25.12
1984 50  -25.12
1985 50  -19.26
1986 50  -38.51
1987 50  -41.03
1988 50  -43.54
1989 50  -42.70
1990 50  -63.63
1991 50  -37.68
1992 50  -19.26
1993 50  -16.75
1994 50  0.00
1995 50  0.00
1996 50  0.00
1997 50  0.00
1998 50  -622.91
1999 50  -359.18
2000 50  -463.00
2001 50  -458.81
2002 50  -375.09
2003 50  -418.63
2004 50  -401.88
2005 50  -425.32
2006 50  -424.49
2007 50  -400.21
2008 50  -330.71
2009 50  -301.41
1997 51  -1.67
1998 51  -1.67
1999 51  -0.84
2000 51  -29.30
2001 51  -25.12
2002 51  0.00
2003 51  0.00
2004 51  -31.82
2005 51  -58.61
2006 51  -63.63
2007 51  -97.96
2008 51  -77.86
2009 51  -78.70
1970 52  -1.67
1971 52  -5.02
1972 52  -5.02
1973 52  -5.86
1974 52  -5.86
1975 52  -5.02
1976 52  -5.86
1977 52  -5.86
1978 52  -6.70
1979 52  -6.70
1980 52  -8.37
1981 52  -6.70
1982 52  -6.70
1983 52  -7.54
1984 52  -6.70
1985 52  -7.54
1986 52  -11.72
1987 52  -10.05
1988 52  -12.56
1989 52  -13.40
1990 52  -10.05
1991 52  -9.21
1992 52  -5.86
1993 52  -8.37
1994 52  -9.21
1995 52  -4.19
1996 52  -4.19
1997 52  -4.19
1970 56  -1867.07
1971 56  -2056.29
1972 56  -2262.25
1973 56  -2495.01
1974 56  -2385.33
1975 56  -1872.09
1976 56  -1924.84
1977 56  -1704.64
1978 56  -1872.09
1979 56  -2201.13
1980 56  -1828.55
1981 56  -1738.13
1982 56  -1754.04
1983 56  -1945.77
1984 56  -1915.63
1985 56  -1975.07
1986 56  -1975.07
1987 56  -2080.57
1988 56  -2123.27
1989 56  -2078.05
1990 56  -2111.54
1991 56  -1042.38
1992 56  -2182.71
1993 56  -2211.18
1994 56  -2304.95
1995 56  -2120.75
1996 56  -2843.30
1997 56  -3277.83
1998 56  -3319.70
1999 56  -3528.17
2000 56  -4065.69
2001 56  -4151.09
2002 56  -4056.48
2003 56  -3601.85
2004 56  -4879.49
2005 56  -5326.58
2006 56  -5001.73
2007 56  -4891.21
2008 56  -5583.62
2009 56  -4864.42
1998 60  -2.51
1999 60  -2.51
2000 60  -2.51
2001 60  -2.51
2002 60  -3.35
2003 60  -3.35
2004 60  -3.35
2005 60  0.00
2006 60  0.00
2007 60  0.00
2008 60  0.00
2009 60  0.00
1980 64  -0.84
1981 64  -1.67
1982 64  -1.67
1983 64  -1.67
1984 64  -1.67
1985 64  -1.67
1986 64  -1.67
1987 64  -1.67
1988 64  -1.67
1989 64  -1.67
1990 64  -1.67
1991 64  -1.67
1992 64  -0.84
1993 64  0.00
1994 64  -0.84
1995 64  -0.84
1996 64  -0.84
1997 64  -0.84
1998 64  -0.84
1999 64  -0.84
2000 64  -0.84
2001 64  -0.84
2002 64  -0.84
2003 64  -0.84
2004 64  -0.84
2005 64  -0.84
2006 64  -0.84
2007 64  -0.84
2008 64  -0.84
2009 64  -0.84
1970 68  0.00
1971 68  0.00
1972 68  0.00
1973 68  0.00
1974 68  0.00
1975 68  0.00
1976 68  -12.56
1977 68  -13.40
1978 68  -11.72
1979 68  -87.07
1980 68  -72.84
1981 68  -97.12
1982 68  -103.82
1983 68  -85.40
1984 68  -82.89
1985 68  -99.63
1986 68  -85.40
1987 68  -94.61
1988 68  -122.24
1989 68  -123.91
1990 68  -20.09
1991 68  -15.07
1992 68  -18.42
1993 68  -14.23
1994 68  -15.91
1995 68  -17.58
1996 68  -359.18
1997 68  -331.55
1998 68  -316.48
1999 68  -260.38
2000 68  -5.86
2001 68  -8.37
2002 68  -9.21
2003 68  -17.58
2004 68  -18.42
2005 68  -11.72
2006 68  -25.95
2007 68  -21.77
2008 68  -16.75
2009 68  -19.26
2000 70  -51.91
2001 70  -47.72
2002 70  -57.77
2003 70  -66.98
2004 70  -69.49
2005 70  -77.86
2006 70  -82.89
2007 70  -87.91
2008 70  -92.93
2009 70  -158.24
1992 72  -4.19
1993 72  -4.19
1994 72  -2.51
1995 72  0.00
1996 72  -0.84
1997 72  -3.35
1998 72  -2.51
1999 72  -2.51
2000 72  -1.67
2001 72  -5.02
2002 72  -5.02
2003 72  -5.02
2004 72  -3.35
2005 72  -8.37
2006 72  -9.21
2007 72  -10.88
2008 72  -13.40
2009 72  -13.40
1970 76  -61.96
1971 76  -66.14
1972 76  -71.17
1973 76  -92.10
1974 76  -85.40
1975 76  -81.21
1976 76  -2588.78
1977 76  -2635.66
1978 76  -3257.74
1979 76  -3873.12
1980 76  -3667.99
1981 76  -3747.53
1982 76  -4164.48
1983 76  -4196.30
1984 76  -5110.57
1985 76  -6035.74
1986 76  -6049.13
1987 76  -6568.23
1988 76  -6821.08
1989 76  -6723.95
1990 76  -6595.02
1991 76  -6283.56
1992 76  -6602.55
1993 76  -6729.82
1994 76  -7439.80
1995 76  -7183.61
1996 76  -7351.89
1997 76  -8699.86
1998 76  -9126.03
1999 76  -9591.54
2000 76  -10001.79
2001 76  -9429.11
2002 76  -8814.57
2003 76  -8715.77
2004 76  -9023.04
2005 76  -9367.99
2006 76  -9885.41
2007 76  -10161.70
2008 76  -10340.87
2009 76  -10772.90
1985 84  -0.84
1986 84  -2.51
1987 84  -0.84
1988 84  -0.84
1989 84  -1.67
1990 84  -0.84
1991 84  -1.67
1992 84  -2.51
1993 84  -2.51
1994 84  -2.51
1995 84  -1.67
1996 84  -3.35
1997 84  -1.67
1998 84  -2.51
1999 84  -4.19
2000 84  -2.51
2001 84  -4.19
2002 84  -0.84
2003 84  -0.84
2004 84  -1.67
2005 84  -1.67
2006 84  -1.67
2007 84  -1.67
2008 84  -2.51
2009 84  -2.51
1970 90  -0.84
1971 90  -0.84
1972 90  -0.84
1973 90  -0.84
1974 90  -0.84
1975 90  -0.84
1976 90  -0.84
1977 90  -0.84
1978 90  -0.84
1979 90  -0.84
1980 90  -0.84
1981 90  -0.84
1982 90  -0.84
1983 90  -0.84
1984 90  -0.84
1985 90  -0.84
1986 90  -0.84
1987 90  -0.84
1988 90  -0.84
1990 90  -0.84
1991 90  -0.84
1992 90  -0.84
1993 90  -0.84
1994 90  -0.84
1996 90  -0.84
1970 96  -5.02
1971 96  -5.02
1972 96  -5.86
1973 96  -5.02
1974 96  -4.19
1975 96  -3.35
1976 96  -2.51
1977 96  -2.51
1978 96  -2.51
1979 96  -2.51
1980 96  -4.19
1981 96  -4.19
1982 96  -6.70
1983 96  -10.05
1984 96  -6.70
1985 96  -4.19
1986 96  -7.54
1987 96  -7.54
1988 96  -9.21
1989 96  -10.88
1990 96  -8.37
1991 96  -8.37
1992 96  -15.91
1993 96  -18.42
1994 96  -16.75
1995 96  -22.61
1996 96  -22.61
1997 96  -20.09
1998 96  -14.23
1999 96  -13.40
2000 96  -14.23
2001 96  -7.54
2002 96  -7.54
2003 96  -13.40
2004 96  -15.07
2005 96  -14.23
2006 96  -11.72
2007 96  -13.40
2008 96  -16.75
2009 96  -9.21
1984 100 -3.35
1985 100 -6.70
1986 100 -7.54
1987 100 -4.19
1988 100 -2.51
1989 100 -3.35
1990 100 -728.41
1991 100 -327.36
1992 100 -477.23
1993 100 -555.93
1994 100 -468.02
1995 100 -551.75
1996 100 -635.47
1997 100 -586.91
1998 100 -661.43
1999 100 -552.59
2000 100 -518.26
2001 100 -555.10
2002 100 -321.50
2003 100 -429.51
2004 100 -406.07
2005 100 -448.77
2006 100 -478.91
2007 100 -483.09
2008 100 -550.07
2009 100 -315.64
1970 104 -21.77
1971 104 -22.61
1972 104 -15.91
1973 104 -18.42
1974 104 -19.26
1975 104 -20.93
1976 104 -18.42
1977 104 -19.26
1978 104 -23.44
1979 104 -22.61
1980 104 -23.44
1981 104 -21.77
1982 104 -21.77
1983 104 -22.61
1984 104 -21.77
1985 104 -23.44
1986 104 -25.12
1987 104 -20.93
1988 104 -15.91
1989 104 -20.09
1990 104 -20.09
1991 104 -18.42
1992 104 -15.07
1993 104 -19.26
1994 104 -22.61
1995 104 -23.44
1996 104 -22.61
1997 104 -24.28
1998 104 -10.05
1999 104 -10.05
2000 104 -9.21
2001 104 -7.54
2002 104 -7.54
2003 104 -12.56
2004 104 -9.21
2005 104 -9.21
2006 104 -8.37
2007 104 -8.37
2008 104 -8.37
2009 104 -8.37
1970 108 0.00
1971 108 0.00
1972 108 0.00
1973 108 0.00
1974 108 0.00
1975 108 0.00
1976 108 0.00
1977 108 0.00
1978 108 0.00
1979 108 0.00
1980 108 -0.84
1981 108 -0.84
1982 108 -0.84
1983 108 -0.84
1984 108 -0.84
1985 108 -0.84
1986 108 -0.84
1987 108 -0.84
1988 108 -0.84
1989 108 -0.84
1990 108 -0.84
1991 108 -1.67
1992 108 -1.67
1993 108 -1.67
1994 108 -1.67
1995 108 -1.67
1996 108 -1.67
1997 108 -1.67
1998 108 -1.67
1999 108 -2.51
2000 108 -2.51
2001 108 -4.19
2002 108 -2.51
2003 108 -2.51
2004 108 -3.35
2005 108 -0.84
2006 108 -0.84
2007 108 -1.67
2008 108 -1.67
2009 108 -0.84
1992 112 -3020.80
1993 112 -1736.46
1994 112 -1606.68
1995 112 -843.11
1996 112 -1522.12
1997 112 -1280.99
1998 112 -1135.31
1999 112 -1113.54
2000 112 -1882.14
2001 112 -1975.91
2002 112 -2361.88
2003 112 -2646.55
2004 112 -2353.51
2005 112 -1854.51
2006 112 -2398.72
2007 112 -2229.60
2008 112 -1661.10
2009 112 -1615.06
1978 120 -2.51
1979 120 -9.21
1980 120 -71.17
1981 120 -158.24
1982 120 -110.52
1983 120 -128.10
1984 120 -154.89
1985 120 -92.10
1986 120 -96.28
1987 120 -99.63
1988 120 -99.63
1989 120 -75.35
1990 120 -80.38
1991 120 -74.52
1992 120 -77.03
1993 120 -76.19
1994 120 -82.89
1995 120 -82.05
1996 120 -21.77
1997 120 -23.44
1998 120 -25.95
1999 120 -25.95
2000 120 -25.95
2001 120 -25.95
2002 120 -25.95
2003 120 -25.95
2004 120 -25.95
2005 120 -25.95
2006 120 -17.58
2007 120 -16.75
2008 120 -15.91
2009 120 -19.26
1970 124 -771.94
1971 124 -593.61
1972 124 -637.15
1973 124 -1816.00
1974 124 -915.95
1975 124 -1486.96
1976 124 -5226.95
1977 124 -6080.95
1978 124 -6816.05
1979 124 -7540.27
1980 124 -7006.95
1981 124 -6813.54
1982 124 -5516.64
1983 124 -5525.85
1984 124 -5643.07
1985 124 -6152.95
1986 124 -5658.14
1987 124 -3255.23
1988 124 -3151.41
1989 124 -5444.64
1990 124 -5302.30
1991 124 -5381.01
1992 124 -4458.36
1993 124 -4751.39
1994 124 -4872.80
1995 124 -4667.67
1996 124 -5149.09
1997 124 -5746.88
1998 124 -5490.69
1999 124 -8629.54
2000 124 -8588.51
2001 124 -8505.62
2002 124 -8786.94
2003 124 -9442.51
2004 124 -10525.07
2005 124 -10080.49
2006 124 -9969.14
2007 124 -9633.40
2008 124 -9806.71
2009 124 -8636.23
1976 132 0.00
1977 132 0.00
1978 132 0.00
1979 132 -0.84
1980 132 -0.84
1981 132 -0.84
1982 132 -0.84
1983 132 -0.84
1984 132 -0.84
1985 132 -0.84
1986 132 -0.84
1987 132 -0.84
1988 132 -0.84
1989 132 -0.84
1990 132 -0.84
1991 132 -0.84
1992 132 -0.84
1993 132 -0.84
1994 132 -0.84
1995 132 -0.84
1996 132 -0.84
1997 132 -0.84
1998 132 -0.84
1999 132 -1.67
2000 132 -1.67
2001 132 -1.67
2002 132 -1.67
2003 132 -1.67
2004 132 -1.67
2005 132 -1.67
2006 132 -1.67
2007 132 -1.67
2008 132 -1.67
2009 132 -1.67
1977 136 -0.84
1978 136 -0.84
1979 136 -0.84
1980 136 -0.84
1981 136 -0.84
1982 136 -0.84
1983 136 -0.84
1984 136 -0.84
1985 136 -0.84
1986 136 -0.84
1987 136 -0.84
1988 136 -0.84
1989 136 -0.84
1990 136 -0.84
1991 136 -0.84
1992 136 -0.84
1993 136 -0.84
1994 136 -0.84
1995 136 -0.84
1996 136 -0.84
1997 136 -0.84
1998 136 -0.84
1999 136 -0.84
2000 136 -0.84
2001 136 -0.84
2002 136 -0.84
2003 136 -0.84
2004 136 -0.84
2005 136 -1.67
2006 136 -1.67
2007 136 -1.67
2008 136 -2.51
2009 136 0.00
1975 140 0.00
1976 140 -0.84
1977 140 -0.84
1978 140 -0.84
1979 140 -0.84
1980 140 -0.84
1981 140 -0.84
1982 140 -0.84
1983 140 -0.84
1984 140 -0.84
1985 140 -0.84
1986 140 -0.84
1987 140 0.00
1988 140 0.00
1989 140 0.00
1990 140 0.00
1991 140 0.00
1992 140 0.00
1993 140 0.00
1994 140 0.00
1995 140 0.00
1996 140 -0.84
1997 140 -0.84
1998 140 -0.84
1999 140 -0.84
2000 140 -0.84
2001 140 -0.84
2002 140 -0.84
2003 140 -0.84
2004 140 -0.84
2005 140 -0.84
2006 140 -0.84
2007 140 -0.84
2008 140 -0.84
2009 140 -0.84
1970 144 -34.33
1971 144 -25.12
1972 144 -72.00
1973 144 -82.89
1974 144 -56.10
1975 144 -53.58
1976 144 -67.82
1977 144 -59.44
1978 144 -66.98
1979 144 -70.33
1980 144 -88.75
1981 144 -84.56
1982 144 -141.50
1983 144 -135.63
1984 144 -147.36
1985 144 -80.38
1986 144 -97.96
1987 144 -79.54
1988 144 -71.17
1989 144 -66.14
1990 144 -60.28
1991 144 -80.38
1992 144 -82.05
1993 144 -92.10
1994 144 -95.45
1995 144 -102.14
1996 144 -123.91
1997 144 -109.68
1998 144 -125.59
1999 144 -127.26
2000 144 -150.71
2001 144 -104.66
2002 144 -60.28
2003 144 -74.52
2004 144 -78.70
2005 144 -99.63
2006 144 -181.68
2007 144 -108.84
2008 144 -135.63
2009 144 -141.50
1997 148 -1.67
1998 148 -1.67
1999 148 -1.67
2000 148 -1.67
2001 148 -1.67
2002 148 -1.67
2003 148 -1.67
2004 148 -1.67
2005 148 -1.67
2006 148 -1.67
2007 148 -1.67
2008 148 -1.67
2009 148 -1.67
1970 152 -22.61
1971 152 -21.77
1972 152 -9.21
1973 152 -8.37
1974 152 -10.88
1975 152 -6.70
1976 152 -9.21
1977 152 -13.40
1978 152 -14.23
1979 152 -14.23
1980 152 -7.54
1981 152 -20.09
1982 152 -11.72
1983 152 -8.37
1984 152 -8.37
1985 152 -6.70
1986 152 -14.23
1987 152 -16.75
1988 152 -16.75
1989 152 -25.12
1990 152 -153.22
1991 152 -260.38
1992 152 -252.85
1993 152 -185.03
1994 152 -353.32
1995 152 -223.55
1996 152 -349.97
1997 152 -298.06
1998 152 -394.34
1999 152 -334.06
2000 152 -72.00
2001 152 -80.38
2002 152 -113.03
2003 152 -357.51
2004 152 -357.51
2005 152 -149.87
2006 152 -133.12
2007 152 -137.31
2008 152 -120.56
2009 152 -215.17
1989 156 -720.04
1990 156 -1539.70
1991 156 -1688.73
1992 156 -5810.52
1993 156 -5714.23
1994 156 -6092.67
1995 156 -6449.34
1996 156 -7885.22
1997 156 -9530.42
1998 156 -9849.41
1999 156 -8972.81
2000 156 -9750.61
2001 156 -9807.55
2002 156 -11831.18
2003 156 -16640.34
2004 156 -20702.68
2005 156 -21647.94
2006 156 -23065.40
2007 156 -23869.16
2008 156 -23470.63
2009 156 -29129.60
1970 158 -420.30
1971 158 -488.12
1972 158 -508.21
1973 158 -580.21
1974 158 -464.67
1975 158 -698.27
1976 158 -396.86
1977 158 -498.16
1978 158 -498.16
1979 158 -485.61
1980 158 -392.67
1981 158 -391.83
1982 158 -469.70
1983 158 -489.79
1984 158 -530.82
1985 158 -790.36
1986 158 -900.88
1987 158 -1051.59
1988 158 -1123.59
1989 158 -1147.87
1990 158 -1244.99
1991 158 -1311.97
1992 158 -1326.20
1993 158 -1475.23
1994 158 -1606.68
1995 158 -1654.41
1996 158 -1846.14
1997 158 -1954.14
1998 158 -1492.82
1999 158 -5492.36
2000 158 -5377.66
2001 158 -8710.75
2002 158 -9191.33
2003 158 -10283.94
2004 158 -11005.65
2005 158 -10808.90
2006 158 -10962.11
2007 158 -13744.30
2008 158 -13604.48
2009 158 -14801.74
1970 170 -66.14
1971 170 -87.07
1972 170 -123.91
1973 170 -147.36
1974 170 -150.71
1975 170 -169.96
1976 170 -148.19
1977 170 -230.24
1978 170 -254.52
1979 170 -277.13
1980 170 -308.11
1981 170 -359.18
1982 170 -158.24
1983 170 -155.73
1984 170 -154.89
1985 170 -155.73
1986 170 -171.64
1987 170 -166.61
1988 170 -174.15
1989 170 -222.71
1990 170 -201.78
1991 170 -172.47
1992 170 -206.80
1993 170 -242.80
1994 170 -231.92
1995 170 -1534.68
1996 170 -1530.49
1997 170 -1591.61
1998 170 -1564.82
1999 170 -1486.96
2000 170 -1576.54
2001 170 -1576.54
2002 170 -1481.93
2003 170 -1474.40
2004 170 -1491.98
2005 170 -1286.02
2006 170 -1416.63
2007 170 -822.18
2008 170 -1182.20
2009 170 -1043.21
1996 174 -3.35
1997 174 -3.35
1998 174 -3.35
1999 174 -4.19
2000 174 -4.19
2001 174 -4.19
2002 174 -3.35
2003 174 -3.35
2004 174 -3.35
2005 174 -4.19
2006 174 -4.19
2007 174 -4.19
2008 174 -5.02
2009 174 -5.02
1985 178 -0.84
1986 178 -1.67
1987 178 -0.84
1988 178 0.00
1989 178 -2.51
1990 178 -5.86
1991 178 -6.70
1992 178 -8.37
1993 178 -8.37
1994 178 -8.37
1995 178 -9.21
1996 178 -10.88
1997 178 -10.05
1998 178 -10.88
1999 178 -4.19
2000 178 -12.56
2001 178 -14.23
2002 178 -12.56
2003 178 -12.56
2004 178 -4.19
2005 178 -4.19
2006 178 -10.88
2007 178 -4.19
2008 178 -4.19
2009 178 -4.19
1990 180 -15.07
1991 180 -20.09
1992 180 -23.44
1993 180 -25.95
1994 180 -28.47
1995 180 -28.47
1996 180 -31.82
1997 180 -25.95
1998 180 -26.79
1999 180 -26.79
2000 180 -26.79
2001 180 -26.79
2002 180 -26.79
2003 180 -26.79
2004 180 -23.44
2005 180 -24.28
2006 180 -24.28
2007 180 -24.28
2008 180 -25.12
2009 180 -25.12
1970 188 -18.42
1971 188 -25.12
1972 188 -41.86
1973 188 -32.65
1974 188 -25.95
1975 188 -29.30
1976 188 -30.14
1977 188 -30.98
1978 188 -36.00
1979 188 -35.16
1980 188 -30.98
1981 188 -31.82
1982 188 -21.77
1983 188 -25.95
1984 188 -30.14
1985 188 -35.16
1986 188 -28.47
1987 188 -22.61
1988 188 -15.07
1989 188 -23.44
1990 188 -33.49
1991 188 -29.30
1992 188 -17.58
1993 188 -25.95
1994 188 -31.82
1995 188 -31.82
1996 188 -30.14
1997 188 -31.82
1998 188 -30.14
1999 188 -45.21
2000 188 -52.75
2001 188 -39.35
2002 188 -51.07
2003 188 -72.00
2004 188 -71.17
2005 188 -33.49
2006 188 -32.65
2007 188 -44.37
2008 188 -41.86
2009 188 -51.91
1992 191 -155.73
1993 191 -194.24
1994 191 -79.54
1995 191 -72.00
1996 191 -62.79
1997 191 -132.29
1998 191 -141.50
1999 191 -139.82
2000 191 -126.42
2001 191 -122.24
2002 191 -157.40
2003 191 -226.06
2004 191 -256.20
2005 191 -218.52
2006 191 -215.17
2007 191 -241.97
2008 191 -249.50
2009 191 -213.50
1970 192 -209.31
1971 192 -237.78
1972 192 -241.13
1973 192 -267.08
1974 192 -337.41
1975 192 -349.13
1976 192 -318.99
1977 192 -329.04
1978 192 -366.72
1979 192 -325.69
1980 192 -353.32
1981 192 -389.32
1982 192 -331.55
1983 192 -352.48
1984 192 -429.51
1985 192 -399.37
1986 192 -425.32
1987 192 -387.65
1988 192 -410.25
1989 192 -417.79
1990 192 -265.41
1991 192 -165.78
1992 192 -131.45
1993 192 -118.89
1994 192 -105.49
1995 192 -150.71
1996 192 -193.40
1997 192 -118.89
1998 192 -128.10
1999 192 -122.24
2000 192 -128.94
2001 192 -128.94
2002 192 -89.59
2003 192 -89.59
2004 192 -79.54
2005 192 -74.52
2006 192 -79.54
2007 192 -79.54
2008 192 -92.93
2009 192 -108.01
1970 196 -15.07
1971 196 -14.23
1972 196 -19.26
1973 196 -25.95
1974 196 -15.91
1975 196 -14.23
1976 196 -15.91
1977 196 -19.26
1978 196 -20.09
1979 196 -23.44
1980 196 -20.09
1981 196 -25.95
1982 196 -25.12
1983 196 -32.65
1984 196 -30.98
1985 196 -25.95
1986 196 -30.98
1987 196 -34.33
1988 196 -44.37
1989 196 -52.75
1990 196 -61.12
1991 196 -51.07
1992 196 -50.24
1993 196 0.00
1994 196 0.00
1995 196 -0.84
1996 196 -0.84
1997 196 -0.84
1998 196 0.00
1999 196 -0.84
2000 196 -75.35
2001 196 -72.84
2002 196 -77.03
2003 196 -65.31
2004 196 -62.79
2005 196 -63.63
2006 196 -63.63
2007 196 -53.58
2008 196 -60.28
2009 196 -66.98
1978 200 -1337.09
1979 200 -1379.79
1980 200 -1457.65
1981 200 -1394.86
1982 200 -1219.87
1983 200 -1188.06
1984 200 -1203.97
1985 200 -1208.15
1986 200 -1229.92
1987 200 -1236.62
1988 200 -1340.44
1989 200 -1352.16
1990 200 -1352.16
1992 203 -918.46
1993 203 -803.76
1994 203 -952.79
1995 203 -1686.22
1996 203 -1643.52
1997 203 -1343.79
1998 203 -1421.65
1999 203 -1521.28
2000 203 -1437.56
2001 203 -1557.29
2002 203 -1509.56
2003 203 -1599.15
2004 203 -1929.86
2005 203 -2091.45
2006 203 -2079.73
2007 203 -1878.79
2008 203 -1979.26
2009 203 -1740.64
1970 208 -432.02
1971 208 -424.49
1972 208 -416.11
1973 208 -608.68
1974 208 -551.75
1975 208 -468.02
1976 208 -389.32
1977 208 -442.91
1978 208 -400.21
1979 208 -386.81
1980 208 -391.83
1981 208 -382.62
1982 208 -463.00
1983 208 -519.10
1984 208 -533.33
1985 208 -516.58
1986 208 -550.07
1987 208 -482.26
1988 208 -417.79
1989 208 -401.88
1990 208 -273.78
1991 208 -270.43
1992 208 -268.76
1993 208 -275.46
1994 208 -262.90
1995 208 -277.97
1996 208 -276.29
1997 208 -288.01
1998 208 -256.20
1999 208 -272.11
2000 208 -261.22
2001 208 -231.08
2002 208 -232.76
2003 208 -240.29
2004 208 -267.08
2005 208 -250.34
2006 208 -253.69
2007 208 -269.59
2008 208 -229.41
2009 208 -219.36
1987 214 -15.07
1988 214 -16.75
1989 214 -15.91
1990 214 -15.91
1991 214 -15.91
1992 214 -15.91
1993 214 -15.91
1994 214 -13.40
1995 214 -12.56
1977 218 -92.93
1978 218 -94.61
1979 218 -112.19
1980 218 -94.61
1981 218 -89.59
1982 218 -96.28
1983 218 -80.38
1984 218 -106.33
1985 218 -53.58
1986 218 -59.44
1987 218 -55.26
1988 218 -72.84
1989 218 -53.58
1990 218 -47.72
1991 218 -30.98
1992 218 -26.79
1993 218 -97.12
1994 218 -118.05
1995 218 -114.70
1996 218 -196.75
1997 218 -167.45
1998 218 -237.78
1999 218 -259.55
2000 218 -310.62
2001 218 -390.16
2002 218 -520.77
2003 218 -578.54
2004 218 -602.82
2005 218 -581.89
2006 218 -553.42
2007 218 -393.51
2008 218 -572.68
2009 218 -672.31
1976 222 -15.91
1977 222 -16.75
1978 222 -17.58
1979 222 -17.58
1980 222 -8.37
1981 222 -10.05
1982 222 -10.05
1983 222 -10.05
1984 222 -3.35
1985 222 -10.88
1986 222 -10.88
1987 222 -7.54
1988 222 -7.54
1989 222 -8.37
1990 222 -11.72
1991 222 -10.88
1992 222 -10.05
1993 222 -13.40
1994 222 -15.07
1995 222 -22.61
1998 222 -26.79
1999 222 -27.63
2000 222 -23.44
2001 222 -24.28
2002 222 -21.77
2003 222 -20.09
2004 222 -20.09
2005 222 -20.93
2006 222 -17.58
2007 222 -21.77
2008 222 -25.95
2009 222 -18.42
2000 226 -4.19
2001 226 -3.35
2002 226 -2.51
2003 226 -2.51
2004 226 -4.19
2005 226 -4.19
2006 226 -4.19
2007 226 -4.19
2008 226 -4.19
2009 226 -4.19
1975 230 0.00
1976 230 -13.40
1977 230 -17.58
1978 230 -25.12
1979 230 -23.44
1980 230 -24.28
1981 230 -27.63
1982 230 -25.95
1983 230 -18.42
1984 230 -19.26
1985 230 -20.09
1986 230 -23.44
1987 230 -30.14
1988 230 -28.47
1989 230 -24.28
1990 230 -16.75
1991 230 -18.42
1992 230 -18.42
1993 230 -19.26
1994 231 -19.26
1995 231 -36.84
1996 231 -39.35
1997 231 -39.35
1998 231 -41.03
1999 231 -40.19
2000 231 -31.82
2001 231 -31.82
2002 231 -31.82
2003 231 -31.82
2004 231 -31.82
2005 231 -31.82
2006 231 -31.82
2007 231 -31.82
2008 231 -31.82
2009 231 -31.82
1994 232 -2.51
1995 232 -3.35
1996 232 -3.35
1997 232 -3.35
1998 232 -5.02
1999 232 -5.02
2000 232 -4.19
2001 232 -6.70
2002 232 -5.86
2003 232 -5.86
2004 232 -11.72
2005 232 -14.23
2006 232 -4.19
2007 232 -5.86
2008 232 -2.51
2009 232 -1.67
1990 233 -22.61
1991 233 -21.77
1992 233 -14.23
1993 233 -10.88
1994 233 -14.23
1995 233 -27.63
1996 233 -15.91
1999 233 -38.51
2000 233 -41.03
2001 233 -36.00
2002 233 -56.93
2003 233 -31.82
2004 233 -43.54
2005 233 -37.68
2006 233 -48.56
2007 233 -35.16
2008 233 -36.00
2009 233 -16.75
1980 234 -3.35
1981 234 -4.19
1982 234 -7.54
1983 234 -6.70
1984 234 -8.37
1985 234 -5.86
1986 234 -4.19
1987 234 -8.37
1988 234 -6.70
1989 234 -6.70
1990 234 -6.70
1991 234 0.00
2000 234 -1.67
2001 234 -1.67
2002 234 -1.67
2003 234 -1.67
2004 234 -1.67
2005 234 -2.51
2006 234 -2.51
2007 234 -2.51
2008 234 -3.35
2009 234 -3.35
1978 242 -2.51
1979 242 -5.86
1980 242 -4.19
1981 242 -5.02
1982 242 -9.21
1983 242 -8.37
1984 242 -5.86
1985 242 -5.86
1986 242 -4.19
1987 242 -3.35
1988 242 -3.35
1989 242 -3.35
1990 242 -4.19
1991 242 -4.19
1992 242 -4.19
1993 242 -4.19
1994 242 -3.35
1995 242 -4.19
1996 242 -4.19
1997 242 -4.19
1998 242 -3.35
1999 242 -3.35
2000 242 -3.35
2001 242 -2.51
2002 242 -1.67
2003 242 -3.35
2004 242 -10.05
2005 242 -10.88
2006 242 -5.86
2007 242 -7.54
2008 242 -7.54
2009 242 -6.70
1970 246 -389.32
1971 246 -450.44
1972 246 -622.08
1973 246 -658.08
1974 246 -849.81
1975 246 -730.92
1976 246 -788.69
1977 246 -818.83
1978 246 -824.69
1979 246 -915.95
1980 246 -910.09
1981 246 -842.27
1982 246 -787.02
1983 246 -788.69
1984 246 -719.20
1985 246 -743.48
1986 246 -911.77
1987 246 -1053.26
1988 246 -1192.24
1989 246 -1170.48
1990 246 -998.00
1991 246 -1190.57
1992 246 -1265.08
1993 246 -1185.55
1994 246 -1291.04
1995 246 -783.67
1996 246 -748.50
1997 246 -735.11
1998 246 -766.92
1999 246 -742.64
2000 246 -710.83
2001 246 -619.57
2002 246 -696.59
2003 246 -720.04
2004 246 -709.15
2005 246 -794.55
2006 246 -765.25
2007 246 -812.97
2008 246 -844.79
2009 246 -766.92
1970 251 -6193.98
1971 251 -5938.61
1972 251 -6395.75
1973 251 -6569.90
1974 251 -5695.81
1975 251 -5436.26
1976 251 -5361.75
1977 251 -4948.98
1978 251 -4816.70
1979 251 -4237.32
1980 251 -3879.82
1981 251 -3846.33
1982 251 -3777.67
1983 251 -3148.06
1984 251 -3163.13
1985 251 -3412.63
1986 251 -3381.65
1987 251 -3621.94
1988 251 -3637.01
1989 251 -3840.47
1990 251 -3514.78
1991 251 -3508.08
1992 251 -3227.60
1993 251 -3487.98
1994 251 -3649.57
1995 251 -3587.62
1996 251 -3467.05
1997 251 -3724.09
1998 251 -3734.14
1999 251 -9877.04
2000 251 -9522.88
2001 251 -8665.54
2002 251 -8753.45
2003 251 -8575.11
2004 251 -8883.22
2005 251 -8576.79
2006 251 -8613.63
2007 251 -8879.87
2008 251 -8076.11
2009 251 -6861.26
1997 254 -2.51
1998 254 -2.51
1999 254 -2.51
2000 254 -2.51
2001 254 -3.35
2002 254 -3.35
2003 254 -3.35
2004 254 -3.35
2005 254 -3.35
2006 254 -3.35
2007 254 -3.35
2008 254 -3.35
2009 254 -3.35
1980 258 -2.51
1981 258 -2.51
1982 258 -2.51
1983 258 -3.35
1984 258 -3.35
1985 258 -3.35
1986 258 -3.35
1987 258 -3.35
1988 258 -2.51
2000 258 -2.51
2001 258 -2.51
2002 258 -2.51
2003 258 -2.51
2004 258 -2.51
2005 258 -2.51
2006 258 -2.51
2007 258 -2.51
2008 258 -2.51
2009 258 -2.51
1975 262 -0.84
1976 262 -1.67
1977 262 -2.51
1978 262 -2.51
1979 262 -3.35
1980 262 -5.02
1981 262 -3.35
1982 262 -3.35
1983 262 -3.35
1984 262 -3.35
1985 262 -3.35
1986 262 -3.35
1987 262 -2.51
1988 262 -2.51
1989 262 -2.51
1990 262 -2.51
1991 262 -2.51
1992 262 -2.51
1993 262 -2.51
1994 262 -2.51
1995 262 -2.51
1996 262 -2.51
1997 262 -2.51
1998 262 -2.51
1999 262 -2.51
2000 262 -2.51
2001 262 -3.35
2002 262 -4.19
2003 262 -4.19
2004 262 -4.19
2005 262 -4.19
2006 262 -4.19
2007 262 -4.19
2008 262 -4.19
2009 262 -4.19
1977 266 -13.40
1978 266 -6.70
1979 266 0.00
1980 266 -0.84
1981 266 -3.35
1982 266 -3.35
1983 266 -1.67
1984 266 -10.05
1985 266 -11.72
1986 266 -12.56
1987 266 -14.23
1988 266 -14.23
1989 266 -4.19
1990 266 -5.02
1991 266 -5.86
1992 266 -4.19
1993 266 -20.09
1994 266 -18.42
1995 266 -30.14
1996 266 -30.14
1997 266 -26.79
1998 266 -35.16
1999 266 -29.30
2000 266 -32.65
2001 266 -32.65
2002 266 -27.63
2003 266 -27.63
2004 266 -25.95
2005 266 -26.79
2006 266 -24.28
2007 266 -25.12
2008 266 -21.77
2009 266 -20.93
1998 268 -17.58
1999 268 -14.23
2000 268 -14.23
2001 268 -20.09
2002 268 -22.61
2003 268 -26.79
2004 268 -12.56
2005 268 -15.91
2006 268 -18.42
2007 268 -34.33
2008 268 -41.03
2009 268 -17.58
2001 275 -0.84
2002 275 -0.84
2003 275 -0.84
2004 275 -92.93
2005 275 -3.35
2006 275 -5.86
2007 275 -6.70
2008 275 -4.19
2009 275 -7.54
1991 276 -12861.00
1992 276 -13308.93
1993 276 -12973.19
1994 276 -14080.87
1995 276 -14105.99
1996 276 -13717.50
1997 276 -15332.56
1998 276 -15978.92
1999 276 -15951.29
2000 276 -15001.85
2001 276 -14701.27
2002 276 -14445.07
2003 276 -14425.82
2004 276 -14979.24
2005 276 -15108.18
2006 276 -14690.39
2007 276 -14243.30
2008 276 -13842.25
2009 276 -12861.83
1970 280 -10247.10
1971 280 -10095.56
1972 280 -11261.85
1973 280 -13012.54
1974 280 -12063.94
1975 280 -9696.19
1976 280 -10351.76
1977 280 -11037.47
1978 280 -11502.14
1979 280 -12817.46
1980 280 -11416.74
1981 280 -10432.14
1982 280 -9376.36
1983 280 -10228.68
1984 280 -9950.72
1985 280 -9342.04
1986 280 -9131.05
1987 280 -8688.14
1988 280 -9807.55
1989 280 -10465.63
1990 280 -10660.70
1975 288 -25.95
1976 288 -31.82
1977 288 -18.42
1978 288 -18.42
1979 288 -15.91
1980 288 -15.91
1981 288 -18.42
1982 288 -19.26
1983 288 -20.93
1984 288 -12.56
1985 288 -12.56
1986 288 -13.40
1987 288 -18.42
1988 288 -17.58
1989 288 -16.75
1990 288 -17.58
1991 288 -16.75
1992 288 -16.75
1993 288 -25.12
1994 288 -25.12
1995 288 -41.03
1996 288 -41.03
1997 288 -45.21
1998 288 -52.75
1999 288 -52.75
2000 288 -52.75
2001 288 -52.75
2002 288 -52.75
2003 288 -52.75
2004 288 -52.75
2005 288 -52.75
2006 288 -52.75
2007 288 -52.75
2008 288 -52.75
2009 288 -52.75
1980 292 0.00
1981 292 0.00
1982 292 -0.84
1983 292 -0.84
1984 292 -0.84
1985 292 -0.84
1986 292 -1.67
1987 292 -0.84
1988 292 -0.84
1989 292 -0.84
1990 292 -0.84
1992 292 -0.84
1993 292 -0.84
1994 292 -0.84
1995 292 0.00
1996 292 -1.67
1997 292 -1.67
1998 292 -14.23
1999 292 -15.07
2000 292 -15.91
2001 292 -15.91
2002 292 -15.91
2003 292 -15.91
2004 292 -16.75
2005 292 -16.75
2006 292 -17.58
2007 292 -18.42
2008 292 -18.42
2009 292 -19.26
1970 300 -272.11
1971 300 -259.55
1972 300 -358.34
1973 300 -383.46
1974 300 -256.20
1975 300 -346.62
1976 300 -343.27
1977 300 -286.34
1978 300 -288.01
1979 300 -318.16
1980 300 -344.11
1981 300 -365.88
1982 300 -354.99
1983 300 -397.69
1984 300 -415.28
1985 300 -450.44
1986 300 -471.37
1987 300 -310.62
1988 300 -317.32
1989 300 -462.16
1990 300 -512.40
1991 300 -442.91
1992 300 -393.51
1993 300 -270.43
1994 300 -306.43
1995 300 -324.02
1996 300 -425.32
1997 300 -405.23
1998 300 -411.09
1999 300 -425.32
2000 300 -535.84
2001 300 -573.52
2002 300 -617.05
2003 300 -619.57
2004 300 -663.10
2005 300 -560.12
2006 300 -682.36
2007 300 -617.05
2008 300 -658.92
2009 300 -582.73
2000 304 -0.84
2001 304 -0.84
2002 304 -0.84
2003 304 -0.84
2004 304 -0.84
2005 304 -0.84
2006 304 -0.84
2007 304 -0.84
2008 304 -0.84
2009 304 -0.84
1975 312 -1.67
1976 312 -1.67
1977 312 -2.51
1978 312 -3.35
1979 312 -5.02
1980 312 -7.54
1981 312 -10.88
1982 312 -10.05
1983 312 -10.05
1984 312 -10.05
1985 312 -8.37
1986 312 -10.88
1987 312 -10.05
1988 312 -10.05
1989 312 -10.05
1990 312 -10.05
1991 312 -10.05
1992 312 -10.05
1993 312 -11.72
1994 312 -13.40
1995 312 -13.40
1996 312 -13.40
1997 312 -15.07
1998 312 -17.58
1999 312 -20.09
2000 312 -20.09
2001 312 -20.09
2002 312 -20.93
2003 312 -20.93
2004 312 -20.93
2005 312 -20.93
2006 312 -22.61
2007 312 -22.61
2008 312 -24.28
2009 312 -24.28
1970 320 -19.26
1971 320 -17.58
1972 320 -14.23
1973 320 -17.58
1974 320 -17.58
1975 320 -15.91
1976 320 -13.40
1977 320 -11.72
1978 320 -21.77
1979 320 -25.12
1980 320 -26.79
1981 320 -30.14
1982 320 -26.79
1983 320 -29.30
1984 320 -46.89
1985 320 -43.54
1986 320 -45.21
1987 320 -38.51
1988 320 -43.54
1989 320 -36.00
1990 320 -39.35
1991 320 -40.19
1992 320 -37.68
1993 320 -31.82
1994 320 -31.82
1995 320 -30.14
1996 320 -12.56
1997 320 -12.56
1998 320 -22.61
1999 320 -91.26
2000 320 -21.77
2001 320 -38.51
2002 320 -25.12
2003 320 -51.91
2004 320 -40.19
2005 320 -37.68
2006 320 -42.70
2007 320 -46.89
2008 320 -30.98
2009 320 -51.07
1976 324 -1.67
1977 324 -1.67
1978 324 -1.67
1979 324 -1.67
1980 324 -1.67
1981 324 -1.67
1982 324 -1.67
1983 324 -1.67
1984 324 -1.67
1985 324 -1.67
1986 324 -1.67
1987 324 -2.51
1988 324 -2.51
1989 324 -2.51
1990 324 -2.51
1991 324 -2.51
1992 324 -2.51
1993 324 -2.51
1994 324 -2.51
1995 324 -2.51
1996 324 -2.51
1997 324 -2.51
1998 324 -15.07
1999 324 -15.91
2000 324 -15.91
2001 324 -15.91
2002 324 -15.91
2003 324 -15.91
2004 324 -15.91
2005 324 -15.91
2006 324 -15.91
2007 324 -18.42
2008 324 -18.42
2009 324 -18.42
1998 328 -2.51
1999 328 -2.51
2000 328 -1.67
2001 328 -1.67
2002 328 -1.67
2003 328 -1.67
2004 328 -1.67
2005 328 -1.67
2006 328 -1.67
2007 328 -1.67
2008 328 -1.67
2009 328 -1.67
1998 332 -6.70
1999 332 -10.05
2000 332 -10.05
2001 332 -10.88
2002 332 -3.35
2003 332 -4.19
2004 332 -6.70
2005 332 -5.86
2006 332 -6.70
2007 332 -5.86
2008 332 -5.86
2009 332 -5.02
1976 340 -26.79
1977 340 -19.26
1978 340 -22.61
1979 340 -21.77
1980 340 -24.28
1981 340 -24.28
1982 340 -24.28
1983 340 -25.95
1984 340 -24.28
1985 340 -25.95
1986 340 -24.28
1987 340 -22.61
1988 340 -24.28
1989 340 -24.28
1990 340 -22.61
1991 340 -20.93
1992 340 -20.93
1993 340 -20.93
1994 340 -18.42
1995 340 -17.58
1970 344 -24.28
1971 344 -28.47
1972 344 -30.98
1973 344 -27.63
1974 344 -22.61
1975 344 -20.09
1976 344 -19.26
1977 344 -16.75
1978 344 -16.75
1979 344 -15.07
1980 344 -14.23
1981 344 -13.40
1982 344 -15.07
1983 344 -12.56
1984 344 -15.91
1985 344 -17.58
1986 344 -20.09
1987 344 -16.75
1999 344 -55.26
2000 344 -46.05
2001 344 -44.37
2002 344 -50.24
2003 344 -44.37
2004 344 -39.35
2005 344 -37.68
2006 344 -46.05
2007 344 -40.19
2008 344 -29.30
2009 344 -26.79
1970 348 -755.20
1971 348 -781.99
1972 348 -748.50
1973 348 -823.02
1974 348 -796.22
1975 348 -1197.27
1976 348 -1414.95
1977 348 -1450.12
1978 348 -1503.70
1979 348 -1462.68
1980 348 -648.03
1981 348 -666.45
1982 348 -628.77
1983 348 -605.33
1984 348 -560.96
1985 348 -579.38
1986 348 -693.24
1987 348 -686.55
1988 348 -735.94
1989 348 -730.08
1990 348 -691.57
1991 348 -437.88
1992 348 -353.32
1993 348 -385.14
1994 348 -565.98
1995 348 -620.40
1996 348 -446.25
1997 348 -436.21
1998 348 -558.45
1999 348 -379.27
2000 348 -442.91
2001 348 -787.02
2002 348 -1022.28
2003 348 -879.95
2004 348 -927.67
2005 348 -1259.22
2006 348 -1405.74
2007 348 -1273.46
2008 348 -1234.11
2009 348 -1164.61
1970 352 -10.05
1971 352 -10.88
1972 352 -11.72
1973 352 -19.26
1974 352 -18.42
1975 352 -15.91
1976 352 -10.88
1977 352 -15.07
1978 352 -10.05
1979 352 -15.91
1980 352 -15.07
1981 352 -19.26
1982 352 -16.75
1983 352 -11.72
1984 352 -16.75
1985 352 -17.58
1986 352 -22.61
1987 352 -21.77
1988 352 -19.26
1989 352 -17.58
1990 352 -65.31
1991 352 -61.12
1992 352 -71.17
1993 352 -63.63
1994 352 -71.17
1995 352 -72.00
1996 352 -70.33
1997 352 -82.89
1998 352 -108.01
1999 352 -124.75
2000 352 -129.77
2001 352 -139.82
2002 352 -147.36
2003 352 -142.33
2004 352 -155.73
2005 352 -164.94
2006 352 -198.43
2007 352 -225.22
2008 352 -212.66
2009 352 -202.61
1970 356 -1995.17
1971 356 -2278.99
1972 356 -2605.52
1973 356 -2805.62
1974 356 -2749.53
1975 356 -2701.81
1976 356 -3062.66
1977 356 -3339.79
1978 356 -3570.03
1979 356 -3724.93
1980 356 -3499.71
1981 356 -4333.61
1982 356 -4316.86
1983 356 -4010.43
1984 356 -4215.55
1985 356 -4363.75
1986 356 -4718.74
1987 356 -4529.52
1988 356 -5135.69
1989 356 -5163.32
1990 356 -4929.73
1991 356 -5010.10
1992 356 -5150.76
1993 356 -5171.69
1994 356 -5046.94
1995 356 -5417.84
1996 356 -5866.61
1997 356 -6373.98
1998 356 -7153.46
1999 356 -9145.28
2000 356 -12497.63
2001 356 -11781.78
2002 356 -17904.59
2003 356 -19461.88
2004 356 -20969.76
2005 356 -21112.93
2006 356 -21045.95
2007 356 -24446.03
2008 356 -16388.33
2009 356 -17199.63
1970 360 -179.17
1971 360 -234.43
1972 360 -433.70
1973 360 -387.65
1974 360 -682.36
1975 360 -653.06
1976 360 -609.52
1977 360 -1101.82
1978 360 -1243.32
1979 360 -1211.50
1980 360 -1232.43
1981 360 -1261.74
1982 360 -1287.69
1983 360 -2266.44
1984 360 -1916.47
1985 360 -2013.59
1986 360 -2050.43
1987 360 -1998.52
1988 360 -1917.30
1989 360 -1561.47
1990 360 -2173.50
1991 360 -1903.91
1992 360 -1857.02
1993 360 -1811.81
1994 360 -1900.56
1995 360 -1759.90
1996 360 -2346.81
1997 360 -1604.17
1998 360 -1703.80
1999 360 -1145.36
2000 360 -1544.73
2001 360 -3468.73
2002 360 -2639.85
2003 360 -2614.73
2004 360 -3369.09
2005 360 -4269.98
2006 360 -4911.31
2007 360 -5154.11
2008 360 -5141.55
2009 360 -5215.23
1990 364 -1747.34
1991 364 -2041.22
1992 364 -2348.49
1993 364 -3343.14
1994 364 -2987.31
1995 364 -2616.41
1996 364 -3158.94
1997 364 -3189.92
1998 364 -2888.51
1999 364 -2913.63
2000 364 -3225.92
2001 364 -3230.11
2002 364 -2840.79
2003 364 -2744.51
2004 364 -3706.51
2005 364 -4145.22
2006 364 -5078.76
2007 364 -5191.79
2008 364 -4464.22
2009 364 -4842.65
1996 368 -627.94
1997 368 -636.31
1998 368 -652.22
1999 368 -654.73
2000 368 -715.01
2001 368 -776.97
2002 368 -760.22
2003 368 -550.07
2004 368 -593.61
2005 368 -554.26
2006 368 -511.56
2007 368 -477.23
2008 368 -632.96
2009 368 -607.84
1970 372 -153.22
1971 372 -185.87
1972 372 -159.91
1973 372 -181.68
1974 372 -182.52
1975 372 -167.45
1976 372 -226.89
1977 372 -229.41
1978 372 -211.82
1979 372 -221.87
1980 372 -178.33
1981 372 -226.06
1982 372 -168.29
1983 372 -162.43
1984 372 -188.38
1985 372 -169.96
1986 372 -126.42
1987 372 -125.59
1988 372 -114.70
1989 372 -128.94
1990 372 -163.26
1991 372 -179.17
1992 372 -164.10
1993 372 -139.82
1994 372 -138.98
1995 372 -138.15
1996 372 -144.01
1997 372 -169.96
1998 372 -169.96
1999 372 -153.22
2000 372 -158.24
2001 372 -174.99
2002 372 -217.69
2003 372 -222.71
2004 372 -246.15
2005 372 -272.11
2006 372 -315.64
2007 372 -116.38
2008 372 -267.08
2009 372 -144.01
1970 376 -169.96
1971 376 -190.06
1972 376 -234.43
1973 376 -195.08
1974 376 -194.24
1975 376 -294.71
1976 376 -290.53
1977 376 -264.57
1978 376 -308.95
1979 376 -391.00
1980 376 -515.75
1981 376 -504.02
1982 376 -545.05
1983 376 -511.56
1984 376 -469.70
1985 376 -494.81
1986 376 -424.49
1987 376 -478.07
1988 376 -502.35
1989 376 -591.10
1990 376 -368.39
1991 376 -579.38
1992 376 -258.71
1993 376 -322.34
1994 376 -261.22
1995 376 -314.81
1996 376 -303.08
1997 376 -296.39
1998 376 -305.60
1999 376 -293.04
2000 376 -1466.02
2001 376 -1327.88
2002 376 -1064.14
2003 376 -1055.77
2004 376 -1495.33
2005 376 -1309.46
2006 376 -1293.55
2007 376 -727.57
2008 376 -721.71
2009 376 -784.50
1970 382 -5100.53
1971 382 -5797.12
1972 382 -5872.47
1973 382 -6307.84
1974 382 -5480.64
1975 382 -4273.32
1976 382 -5156.62
1977 382 -5131.51
1978 382 -4647.57
1979 382 -5322.40
1980 382 -4639.20
1981 382 -4681.90
1982 382 -3967.73
1983 382 -4248.21
1984 382 -3837.95
1985 382 -4069.87
1986 382 -4033.03
1987 382 -4905.45
1988 382 -5019.31
1989 382 -2857.53
1990 382 -3177.36
1991 382 -2155.08
1992 382 -2237.97
1993 382 -2088.94
1994 382 -2257.23
1995 382 -2181.04
1996 382 -3019.96
1997 382 -3247.69
1998 382 -3671.34
1999 382 -5528.36
2000 382 -4562.18
2001 382 -5154.11
2002 382 -5379.33
2003 382 -5492.36
2004 382 -5175.04
2005 382 -5299.79
2006 382 -5399.43
2007 382 -5367.61
2008 382 -5054.48
2009 382 -5295.61
1970 384 0.00
1971 384 0.00
1972 384 0.00
1973 384 0.00
1974 384 0.00
1975 384 -0.84
1976 384 0.00
1977 384 -1.67
1978 384 -0.84
1979 384 -1.67
1980 384 -1.67
1981 384 -0.84
1982 384 -2.51
1983 384 -1.67
1984 384 -3.35
1985 384 -1.67
1986 384 -2.51
1987 384 -4.19
1988 384 -4.19
1989 384 -4.19
1990 384 -9.21
1991 384 -8.37
1992 384 -10.88
1993 384 -10.88
1994 384 -11.72
1995 384 -15.91
1996 384 -19.26
1997 384 -23.44
1998 384 -17.58
1999 384 -20.93
2000 384 -16.75
2001 384 -16.75
2002 384 -18.42
2003 384 -15.07
2004 384 -14.23
2005 384 -15.91
2006 384 -18.42
2007 384 -23.44
2008 384 -18.42
2009 384 -20.93
1970 388 -30.98
1971 388 -33.49
1972 388 -27.63
1973 388 -35.16
1974 388 -44.37
1975 388 -48.56
1976 388 -41.03
1977 388 -27.63
1978 388 -21.77
1979 388 -22.61
1980 388 -24.28
1981 388 -21.77
1982 388 -26.79
1983 388 -24.28
1984 388 -17.58
1985 388 -13.40
1986 388 -10.05
1987 388 -14.23
1988 388 -18.42
1989 388 -15.07
1990 388 -15.91
1991 388 -15.07
1992 388 -12.56
1993 388 -10.05
1994 388 -10.05
1995 388 -9.21
1996 388 -19.26
1997 388 -20.09
1998 388 -19.26
1999 388 -11.72
2000 388 -28.47
2001 388 -28.47
2002 388 -32.65
2003 388 -25.12
2004 388 -22.61
2005 388 -13.40
2006 388 -29.30
2007 388 -25.12
2008 388 -32.65
2009 388 -34.33
1973 392 -10452.23
1974 392 -9313.57
1975 392 -8461.25
1976 392 -8787.78
1977 392 -9135.23
1978 392 -10036.12
1979 392 -10029.42
1980 392 -5603.71
1981 392 -5656.46
1982 392 -5391.05
1983 392 -5819.72
1984 392 -6188.95
1985 392 -5964.57
1986 392 -6502.92
1987 392 -6618.46
1988 392 -6866.29
1989 392 -6930.76
1990 392 -24239.22
1991 392 -24585.85
1992 392 -25130.06
1993 392 -25228.85
1994 392 -27134.44
1995 392 -28457.29
1996 392 -29246.82
1997 392 -29975.22
1998 392 -28679.16
1999 392 -29755.03
2000 392 -28998.15
2001 392 -27770.75
2002 392 -28506.69
2003 392 -29567.48
2004 392 -30244.82
2005 392 -29523.11
2006 392 -29193.23
2007 392 -28829.87
2008 392 -25163.55
2009 392 -26960.29
1970 393 -16410.10
1971 393 -16971.06
1972 393 -18753.56
1997 398 -124.75
1998 398 -134.80
1999 398 -120.56
2000 398 -200.10
2001 398 -270.43
2002 398 -266.25
2003 398 -375.93
2004 398 -411.93
2005 398 -425.32
2006 398 -420.30
2007 398 -921.81
2008 398 -529.14
2009 398 -327.36
1976 400 -49.40
1977 400 -37.68
1978 400 -77.86
1979 400 -66.98
1980 400 -72.00
1981 400 -105.49
1982 400 -108.01
1983 400 -105.49
1984 400 -110.52
1985 400 -113.03
1986 400 -115.54
1987 400 -128.10
1988 400 -122.24
1989 400 -92.93
1990 400 -53.58
1991 400 -118.89
1992 400 -124.75
1993 400 -133.12
1994 400 -131.45
1995 400 -135.63
1996 400 -136.47
1997 400 -124.75
1998 400 -135.63
1999 400 -130.61
2000 400 -108.84
2001 400 -126.42
2002 400 -160.75
2003 400 -180.01
2004 400 -191.73
2005 400 -108.84
2006 400 -152.38
2007 400 -143.17
2008 400 -154.89
2009 400 -104.66
1976 404 -32.65
1977 404 -62.79
1978 404 -56.10
1979 404 -58.61
1980 404 -63.63
1981 404 -82.89
1982 404 -48.56
1983 404 -43.54
1984 404 -58.61
1985 404 -59.44
1986 404 -57.77
1987 404 -72.84
1988 404 -51.91
1989 404 -46.89
1990 404 -49.40
1991 404 -107.17
1992 404 -127.26
1993 404 -98.80
1994 404 -86.24
1995 404 -90.42
1996 404 -20.09
1997 404 -37.68
1998 404 -50.24
1999 404 -58.61
2000 404 -63.63
2001 404 -51.91
2002 404 -55.26
2003 404 -41.86
2004 404 -49.40
2005 404 -50.24
2006 404 -18.42
2007 404 -61.12
2008 404 -76.19
2009 404 -47.72
1970 410 -53.58
1971 410 -112.19
1972 410 -242.80
1973 410 -193.40
1974 410 -213.50
1975 410 -144.84
1976 410 -188.38
1977 410 -219.36
1978 410 -485.61
1979 410 -481.42
1980 410 -293.04
1981 410 -442.91
1982 410 -481.42
1983 410 -502.35
1984 410 -575.19
1985 410 -640.50
1986 410 -617.89
1987 410 -668.96
1988 410 -863.20
1989 410 -931.02
1990 410 -5410.31
1991 410 -7443.99
1992 410 -10974.67
1993 410 -12034.63
1994 410 -12703.59
1995 410 -13386.79
1996 410 -14290.18
1997 410 -17902.92
1998 410 -19208.19
1999 410 -19785.89
2000 410 -19676.21
2001 410 -20418.02
2002 410 -21611.10
2003 410 -22990.05
2004 410 -22841.02
2005 410 -23972.14
2006 410 -24942.51
2007 410 -26305.56
2008 410 -26344.91
2009 410 -28257.19
1970 414 -2174.34
1971 414 -2034.52
1972 414 -1621.75
1973 414 -1580.73
1974 414 -1250.01
1975 414 -849.81
1976 414 -231.08
1977 414 -241.13
1978 414 -301.41
1979 414 -359.18
1980 414 -329.04
1981 414 -339.92
1982 414 -363.37
1983 414 -469.70
1984 414 -225.22
1985 414 -350.81
1986 414 -292.20
1987 414 -292.20
1988 414 -346.62
1989 414 -360.02
1990 414 -338.25
1991 414 -69.49
1992 414 -444.58
1993 414 -604.49
1994 414 -877.44
1995 414 -1163.78
1996 414 -1148.71
1997 414 -1125.26
1998 414 -1027.31
1999 414 -1193.92
2000 414 -927.67
2001 414 -1013.91
2002 414 -1070.01
2003 414 -1731.43
2004 414 -1882.98
2005 414 -1779.99
2006 414 -902.56
2007 414 -1015.58
2008 414 -899.21
2009 414 -917.63
1991 416 0.00
1996 417 -10.88
1997 417 -10.05
1998 417 -15.91
1999 417 -11.72
2000 417 -5.86
2001 417 -22.61
2002 417 -22.61
2003 417 -5.02
2004 417 -16.75
2005 417 -30.98
2006 417 -30.98
2007 417 -33.49
2008 417 -61.96
2009 417 -62.79
1998 418 -0.84
1999 418 -0.84
2000 418 -0.84
2001 418 -0.84
2002 418 -0.84
2003 418 -0.84
2004 418 -0.84
2005 418 -0.84
2006 418 -0.84
2007 418 -0.84
2008 418 -0.84
2009 418 -0.84
1996 422 -91.26
1997 422 -73.68
1998 422 -92.10
1999 422 -95.45
2000 422 -79.54
2001 422 -91.26
2002 422 -93.77
2003 422 -70.33
2004 422 -67.82
2005 422 -50.24
2006 422 -36.84
2007 422 -61.12
2008 422 -61.96
2009 422 -73.68
1992 428 -18.42
1993 428 -24.28
1994 428 -20.09
1995 428 -19.26
1996 428 -19.26
1997 428 -17.58
1998 428 -31.82
1999 428 -64.47
2000 428 -64.47
2001 428 -52.75
2002 428 -63.63
2003 428 -66.98
2004 428 -67.82
2005 428 -81.21
2006 428 -91.26
2007 428 -95.45
2008 428 -98.80
2009 428 -63.63
1975 430 -11.72
1976 430 -13.40
1977 430 -10.88
1978 430 -8.37
1979 430 -12.56
1980 430 -15.91
1981 430 -14.23
1982 430 -13.40
1983 430 -13.40
1984 430 -13.40
1985 430 -13.40
1986 430 -13.40
1987 430 -11.72
1988 430 -10.05
1989 430 -10.05
1990 430 -2.51
1991 430 -1.67
1992 430 -1.67
1993 430 -1.67
1994 430 -1.67
1995 430 -1.67
1996 430 -1.67
1997 430 -1.67
1998 430 -2.51
1999 430 -2.51
2000 430 -2.51
2001 430 -4.19
2002 430 -5.02
2003 430 -5.02
2004 430 -5.02
2005 430 -5.02
2006 430 -5.02
2007 430 -5.02
2008 430 -5.02
2009 430 -5.02
1971 434 -15.07
1972 434 -284.67
1973 434 -333.23
1974 434 -332.39
1975 434 -183.36
1976 434 -243.64
1977 434 -308.11
1978 434 -290.53
1979 434 -272.11
1980 434 -235.27
1981 434 -217.69
1990 434 -711.66
1991 434 -795.39
1992 434 -711.66
1993 434 -787.02
1994 434 -805.43
1995 434 -895.86
1996 434 -894.18
1997 434 -931.02
1998 434 -931.02
1999 434 -943.58
2000 434 -925.16
2001 434 -925.16
2002 434 -919.30
2003 434 -908.42
2004 434 -921.81
2005 434 -950.28
2006 434 -912.60
2007 434 -905.07
2008 434 -886.65
2009 434 -931.02
1992 440 -17.58
1993 440 -32.65
1994 440 -45.21
1995 440 -41.86
1996 440 -54.42
1997 440 -100.47
1998 440 -133.12
1999 440 -115.54
2000 440 -100.47
2001 440 -104.66
2002 440 -118.89
2003 440 -135.63
2004 440 -172.47
2005 440 -190.06
2006 440 -184.20
2007 440 -177.50
2008 440 -223.55
2009 440 -131.45
1980 442 -32.65
1981 442 -34.33
1982 442 -32.65
1983 442 -28.47
1984 442 -25.12
1985 442 -20.93
1986 442 -15.07
1987 442 -10.88
1988 442 -13.40
1989 442 -15.91
1990 442 -15.91
1991 442 -5.02
1992 442 -5.02
1993 442 -0.84
1994 442 -1.67
1995 442 -10.88
1996 442 -19.26
1997 442 -15.07
1998 442 -15.07
1999 442 -16.75
2000 442 -10.05
2001 442 -9.21
2002 442 -9.21
2003 442 -11.72
2004 442 -10.88
2005 442 -17.58
2006 442 -18.42
2007 442 -11.72
2008 442 -10.88
2009 442 -12.56
1970 446 -0.84
1971 446 -0.84
1972 446 -0.84
1973 446 -0.84
1974 446 -2.51
1975 446 -2.51
1976 446 -0.84
1977 446 -1.67
1978 446 -7.54
1979 446 -0.84
1980 446 -0.84
1981 446 -1.67
1982 446 -13.40
1983 446 -1.67
1984 446 -4.19
1985 446 -1.67
1986 446 -0.84
1987 446 -1.67
1988 446 -3.35
1989 446 -2.51
1990 446 -1.67
1991 446 -3.35
1992 446 -3.35
1993 446 -4.19
1994 446 -3.35
1995 446 -4.19
1996 446 -6.70
1997 446 -8.37
1998 446 -7.54
1999 446 -5.86
2000 446 -9.21
2001 446 -5.86
2002 446 -5.86
2003 446 -5.02
2004 446 -5.02
2005 446 -5.86
2006 446 -5.02
2007 446 -5.02
2008 446 -3.35
2009 446 -5.02
1970 450 -6.70
1971 450 -5.86
1972 450 -5.86
1973 450 -6.70
1974 450 -4.19
1975 450 -2.51
1976 450 -0.84
1977 450 -0.84
1978 450 -0.84
1979 450 -1.67
1980 450 -0.84
1981 450 -0.84
1982 450 -0.84
1983 450 -0.84
1984 450 -0.84
1985 450 -0.84
1986 450 0.00
1987 450 -0.84
1988 450 -0.84
1989 450 -0.84
1990 450 -2.51
1991 450 -2.51
1992 450 -3.35
1993 450 -4.19
1994 450 -5.02
1995 450 -5.02
1996 450 -5.02
1997 450 -5.02
1998 450 -19.26
1999 450 -19.26
2000 450 -20.93
2001 450 -20.93
2002 450 -20.93
2003 450 -20.93
2004 450 -20.93
2005 450 -17.58
2006 450 -20.09
2007 450 -20.09
2008 450 -15.91
2009 450 -8.37
1975 454 -10.88
1976 454 -13.40
1977 454 -16.75
1978 454 -20.09
1979 454 -17.58
1980 454 -11.72
1981 454 -10.05
1982 454 -5.02
1983 454 -5.86
1984 454 -5.02
1985 454 -4.19
1986 454 -3.35
1987 454 -5.86
1988 454 -5.86
1989 454 -5.86
1990 454 -7.54
1991 454 -8.37
1992 454 -8.37
1993 454 -9.21
1994 454 -9.21
1995 454 -9.21
1996 454 -9.21
1997 454 -9.21
1998 454 -32.65
1999 454 -29.30
2000 454 -29.30
2001 454 -21.77
2002 454 -21.77
2003 454 -23.44
2004 454 -23.44
2005 454 -21.77
2006 454 -16.75
2007 454 -19.26
2008 454 -17.58
2009 454 -15.07
1970 458 -17.58
1971 458 -22.61
1972 458 -40.19
1973 458 -46.89
1974 458 -32.65
1975 458 -28.47
1976 458 -39.35
1977 458 -277.13
1978 458 -390.16
1979 458 -399.37
1980 458 -346.62
1981 458 -376.76
1982 458 -374.25
1983 458 -369.23
1984 458 -426.16
1985 458 -310.62
1986 458 -307.27
1987 458 -288.01
1988 458 -294.71
1989 458 -252.01
1990 458 -184.20
1991 458 -336.57
1992 458 -359.18
1993 458 -384.30
1994 458 -423.65
1995 458 -456.30
1996 458 -483.93
1997 458 -1635.99
1998 458 -1414.95
1999 458 -4614.92
2000 458 -2616.41
2001 458 -3179.04
2002 458 -4335.28
2003 458 -5170.02
2004 458 -6063.36
2005 458 -5895.91
2006 458 -5535.90
2007 458 -7248.07
2008 458 -3554.13
2009 458 -3519.80
1981 470 -2.51
1982 470 -2.51
1983 470 -8.37
1984 470 -3.35
1985 470 -6.70
1986 470 0.00
1990 470 -2.51
1991 470 -3.35
1992 470 -2.51
1993 470 -3.35
1994 470 -4.19
1995 470 -4.19
1996 470 -5.02
1997 470 -5.02
1998 470 -3.35
1999 470 -3.35
1980 478 0.00
1981 478 0.00
1982 478 -9.21
1983 478 -7.54
1984 478 0.00
1985 478 0.00
1986 478 -29.30
1987 478 -66.98
1988 478 -69.49
1989 478 -69.49
1990 478 -69.49
1991 478 -72.00
1992 478 -72.00
1993 478 -72.00
1994 478 -72.00
1995 478 -73.68
1996 478 -73.68
1997 478 -73.68
1998 478 -0.84
1999 478 0.00
2000 478 -1.67
2001 478 0.00
2002 478 0.00
2003 478 0.00
2004 478 0.00
2005 478 -0.84
2006 478 -0.84
2007 478 -0.84
2008 478 -0.84
2009 478 -0.84
1976 480 -5.86
1977 480 -9.21
1978 480 -8.37
1979 480 -10.05
1980 480 -7.54
1981 480 -8.37
1982 480 -10.05
1983 480 -5.86
1984 480 -5.86
1985 480 -6.70
1986 480 -8.37
1987 480 -10.05
1988 480 -8.37
1989 480 -8.37
1990 480 -14.23
1991 480 -18.42
1992 480 -20.93
1993 480 -24.28
1994 480 -29.30
1995 480 -20.93
1996 480 -21.77
1997 480 -25.12
1998 480 -23.44
1999 480 -15.91
2000 480 -16.75
2001 480 -16.75
2002 480 -16.75
2003 480 -14.23
2004 480 -14.23
2005 480 -15.91
2006 480 -15.91
2007 480 -15.07
2008 480 -18.42
2009 480 -19.26
1976 484 -14.23
1977 484 -13.40
1978 484 -12.56
1979 484 -11.72
1980 484 -531.65
1981 484 -607.01
1982 484 -535.84
1983 484 -418.63
1984 484 -1725.57
1985 484 -1785.02
1986 484 -1338.76
1987 484 -1491.14
1988 484 -1896.37
1989 484 -1707.99
1990 484 -2883.49
1991 484 -3411.79
1992 484 -3496.36
1993 484 -3732.46
1994 484 -4123.46
1995 484 -3680.55
1996 484 -3637.85
1997 484 -3245.18
1998 484 -3133.83
1999 484 -3183.22
2000 484 -2283.18
2001 484 -2260.58
2002 484 -3102.85
2003 484 -3193.27
2004 484 -2754.55
2005 484 -2720.23
2006 484 -2827.39
2007 484 -2914.47
2008 484 -2945.45
2009 484 -1937.40
1999 496 0.00
2000 496 -0.84
2001 496 -2.51
2002 496 -5.02
2003 496 -2.51
2004 496 -1.67
2005 496 -1.67
2006 496 -1.67
2007 496 -2.51
2008 496 -2.51
2009 496 -2.51
1993 498 -13.40
1994 498 -14.23
1995 498 -15.07
1996 498 -14.23
1997 498 -27.63
1998 498 -20.93
1999 498 -11.72
2000 498 -10.88
2001 498 -13.40
2002 498 -12.56
2003 498 -20.09
2004 498 -23.44
2005 498 -22.61
2006 498 -28.47
2007 498 -30.14
2008 498 -28.47
2009 498 -16.75
2006 499 -0.84
2007 499 -0.84
2008 499 -0.84
2009 499 -0.84
1976 504 -127.26
1977 504 -154.89
1978 504 -164.94
1979 504 -135.63
1980 504 -92.93
1981 504 -104.66
1982 504 -105.49
1983 504 -109.68
1984 504 -80.38
1985 504 -76.19
1986 504 -79.54
1987 504 -84.56
1988 504 -131.45
1989 504 -119.73
1990 504 -149.03
1991 504 -167.45
1992 504 -184.20
1993 504 -165.78
1994 504 -237.78
1995 504 -215.17
1996 504 -220.20
1997 504 -262.90
1998 504 -197.59
1999 504 -180.85
2000 504 -180.01
2001 504 -178.33
2002 504 -185.87
2003 504 -186.71
2004 504 -210.15
2005 504 -241.13
2006 504 -261.22
2007 504 -295.55
2008 504 -311.46
2009 504 -333.23
1990 508 0.00
1991 508 -0.84
1992 508 -0.84
1993 508 -0.84
1994 508 -1.67
1995 508 -6.70
1996 508 -6.70
1997 508 -10.05
1998 508 -5.86
1999 508 -6.70
2000 508 -6.70
2001 508 -7.54
2002 508 -7.54
2003 508 -7.54
2004 508 -7.54
2005 508 -7.54
2006 508 -7.54
2007 508 -7.54
2008 508 0.00
2009 508 0.00
1996 512 -13.40
1997 512 -13.40
1998 512 -34.33
1999 512 -34.33
2000 512 -34.33
2001 512 -34.33
2002 512 -34.33
2003 512 -34.33
2004 512 -34.33
2005 512 -34.33
2006 512 -34.33
2007 512 -34.33
2008 512 -34.33
2009 512 -34.33
1997 516 -10.05
1998 516 -10.88
1999 516 -6.70
2000 516 -5.02
2001 516 -5.02
2002 516 -5.02
2003 516 -5.02
2004 516 -5.02
2005 516 -5.02
2006 516 -5.02
2007 516 -5.02
2008 516 -5.02
2009 516 -5.02
1978 524 0.00
1979 524 0.00
1980 524 -0.84
1981 524 -0.84
1982 524 -2.51
1983 524 -6.70
1984 524 -7.54
1985 524 -4.19
1986 524 -4.19
1987 524 -2.51
1988 524 -2.51
1989 524 -2.51
1990 524 0.00
1991 524 -3.35
1992 524 -2.51
1993 524 -4.19
1994 524 -5.02
1995 524 -5.86
1996 524 -6.70
1997 524 -8.37
1998 524 -8.37
1999 524 -9.21
2000 524 -10.05
2001 524 -11.72
2002 524 -10.88
2003 524 -10.88
1979 528 -107.17
1980 528 -69.49
1981 528 -2173.50
1982 528 -2063.82
1983 528 -3233.46
1984 528 -3588.45
1985 528 -3028.33
1986 528 -3353.19
1987 528 -2638.17
1988 528 -3971.08
1989 528 -3773.49
1990 528 -4141.04
1991 528 -1967.54
1992 528 -1937.40
1993 528 -2090.61
1994 528 -2460.68
1995 528 -2642.36
1996 528 -1731.43
1997 528 -2313.32
1998 528 -2064.66
1999 528 -4459.19
2000 528 -4976.61
2001 528 -5439.61
2002 528 -5186.76
2003 528 -6184.77
2004 528 -6132.02
2005 528 -7141.74
2006 528 -6579.95
2007 528 -6943.31
2008 528 -6459.38
2009 528 -6830.29
1998 530 -99.63
1999 530 -99.63
2000 530 -97.12
2001 530 -97.12
2002 530 -97.12
2003 530 -92.10
2004 530 -92.93
2005 530 -94.61
2006 530 -96.28
2007 530 -97.96
2008 530 -99.63
2009 530 -95.45
1976 532 -20.09
1977 532 -18.42
1978 532 -22.61
1979 532 -23.44
1980 532 -46.05
1981 532 -35.16
1982 532 -26.79
1983 532 -35.16
1984 532 -25.12
1985 532 -25.12
1998 533 -0.84
1999 533 -0.84
2000 533 -0.84
2001 533 -0.84
2002 533 -0.84
2003 533 -0.84
2004 533 -0.84
2005 533 -0.84
2006 533 -0.84
2007 533 -1.67
2008 533 -0.84
2009 533 -0.84
2001 540 -10.05
2002 540 -8.37
2003 540 -10.05
2004 540 -7.54
2005 540 -6.70
2006 540 -4.19
2007 540 -11.72
2008 540 -15.07
2009 540 -14.23
2000 548 -0.84
2001 548 -0.84
2002 548 -0.84
2003 548 -0.84
2004 548 -0.84
2005 548 -0.84
2006 548 -0.84
2007 548 -1.67
2008 548 -1.67
2009 548 -1.67
1970 554 -154.89
1971 554 -144.84
1972 554 -158.24
1973 554 -139.82
1974 554 -156.57
1975 554 -123.91
1976 554 -149.03
1977 554 -147.36
1978 554 -144.84
1979 554 -153.22
1980 554 -144.84
1981 554 -123.91
1982 554 -137.31
1983 554 -128.94
1984 554 -154.05
1985 554 -133.96
1986 554 -129.77
1987 554 -146.52
1988 554 -133.12
1989 554 -125.59
1990 554 -267.08
1991 554 -246.99
1992 554 -263.73
1993 554 -275.46
1994 554 -321.50
1995 554 -324.02
1996 554 -308.95
1997 554 -312.29
1998 554 -248.66
1999 554 -290.53
2000 554 -288.01
2001 554 -220.20
2002 554 -252.85
2003 554 -246.15
2004 554 -284.67
2005 554 -267.92
2006 554 -295.55
2007 554 -268.76
2008 554 -303.08
2009 554 -270.43
1971 558 -4.19
1972 558 -2.51
1973 558 -2.51
1974 558 -6.70
1975 558 -6.70
1976 558 -11.72
1977 558 -13.40
1978 558 -10.05
1979 558 -5.02
1980 558 -8.37
1981 558 -18.42
1982 558 -11.72
1983 558 -12.56
1984 558 -10.05
1985 558 -13.40
1986 558 -12.56
1987 558 -18.42
1988 558 -14.23
1989 558 -17.58
1990 558 -10.88
1991 558 -7.54
1992 558 -9.21
1993 558 -9.21
1994 558 -6.70
1995 558 -7.54
1996 558 -6.70
1997 558 -10.05
1998 558 -18.42
1999 558 -32.65
2000 558 -25.95
2001 558 -25.12
2002 558 -20.93
2003 558 -35.16
2004 558 -30.14
2005 558 -30.14
2006 558 -30.14
2007 558 -28.47
2008 558 -27.63
2009 558 -21.77
2004 562 -17.58
2005 562 -6.70
2006 562 -7.54
2007 562 -7.54
2008 562 -12.56
2009 562 -7.54
1976 566 -47.72
1977 566 -50.24
1978 566 -50.24
1979 566 -58.61
1997 566 -506.54
1998 566 -349.13
1999 566 -310.62
2000 566 -362.53
2001 566 -523.28
2002 566 -574.35
2003 566 -246.15
2004 566 -151.54
2005 566 -167.45
2006 566 -184.20
2007 566 -92.10
2008 566 -188.38
2009 566 -110.52
1970 579 -14.23
1971 579 -15.07
1972 579 -15.91
1973 579 -14.23
1974 579 -15.07
1975 579 -13.40
1976 579 -15.07
1977 579 -25.12
1978 579 -231.08
1979 579 -446.25
1980 579 -406.90
1981 579 -382.62
1982 579 -377.60
1983 579 -417.79
1984 579 -427.83
1985 579 -749.34
1986 579 -752.69
1987 579 -689.89
1988 579 -617.89
1989 579 -737.62
1990 579 -484.77
1991 579 -400.21
1992 579 -437.88
1993 579 -388.48
1994 579 -358.34
1995 579 -439.56
1996 579 -662.26
1997 579 -755.20
1998 579 -725.06
1999 579 -769.43
2000 579 -755.20
2001 579 -642.17
2002 579 -645.52
2003 579 -643.01
2004 579 -667.29
2005 579 -672.31
2006 579 -720.04
2007 579 -742.64
2008 579 -886.65
2009 579 -774.46
2004 585 -0.84
2005 585 -0.84
2006 585 -0.84
2007 585 -0.84
2008 585 -0.84
2009 585 -0.84
1972 586 -86.24
1973 586 -84.56
1974 586 -94.61
1975 586 -174.99
1976 586 -158.24
1977 586 -154.05
1978 586 -169.12
1979 586 -185.03
1980 586 -221.87
1981 586 -265.41
1982 586 -205.96
1983 586 -231.08
1984 586 -231.08
1985 586 -265.41
1986 586 -293.87
1987 586 -269.59
1988 586 -290.53
1989 586 -260.38
1990 586 -189.22
1991 586 -262.06
1992 586 -282.99
1993 586 -318.16
1994 586 -286.34
1995 586 -304.76
1996 586 -295.55
1997 586 -287.18
1998 586 -288.01
1999 586 -349.13
2000 586 -350.81
2001 586 -327.36
2002 586 -317.32
2003 586 -346.62
2004 586 -378.44
2005 586 -528.30
2006 586 -501.51
2007 586 -374.25
2008 586 -343.27
2009 586 -356.67
1977 590 -54.42
1978 590 -60.28
1979 590 -61.12
1980 591 -25.12
1981 591 -24.28
1982 591 -26.79
1983 591 -25.12
1984 591 -26.79
1985 591 -19.26
1986 591 -19.26
1987 591 -13.40
1988 591 -5.02
1989 591 -6.70
1990 591 -6.70
1991 591 -9.21
1992 591 -11.72
1993 591 -14.23
1994 591 -11.72
1995 591 -11.72
1998 591 -31.82
1999 591 -31.82
2000 591 -25.95
2001 591 -20.09
2002 591 -28.47
2003 591 -17.58
2004 591 -41.03
2005 591 -43.54
2006 591 -43.54
2007 591 -71.17
2008 591 0.00
2009 591 0.00
1988 600 -10.05
1989 600 -10.05
1990 600 -10.05
1991 600 -8.37
1992 600 -8.37
1993 600 -8.37
1994 600 -6.70
1995 600 -8.37
1996 600 -7.54
1997 600 -14.23
1998 600 -15.91
1999 600 -10.88
2000 600 -9.21
2001 600 -12.56
2002 600 -10.88
2003 600 -6.70
2004 600 -3.35
2005 600 -3.35
2006 600 -41.03
2007 600 -46.89
2008 600 -29.30
2009 600 -25.12
1992 604 -21.77
1993 604 -22.61
1994 604 -23.44
1995 604 -195.08
1996 604 -108.01
1997 604 -137.31
1998 604 -142.33
1999 604 -126.42
2000 604 -107.17
2001 604 -122.24
2002 604 -150.71
2003 604 -143.17
2004 604 -184.20
2005 604 -151.54
2006 604 -188.38
2007 604 -99.63
2008 604 -221.03
2009 604 -247.83
1970 608 -181.68
1971 608 -164.94
1972 608 -177.50
1973 608 -255.36
1974 608 -225.22
1975 608 -319.83
1976 608 -277.97
1977 608 -267.92
1978 608 -289.69
1979 608 -238.62
1980 608 -194.24
1981 608 -190.89
1982 608 -233.59
1983 608 -239.45
1984 608 -161.59
1985 608 -123.08
1986 608 -148.19
1987 608 -153.22
1988 608 -151.54
1989 608 -174.15
1990 608 -205.13
1991 608 -171.64
1992 608 -180.01
1993 608 -189.22
1994 608 -175.82
1995 608 -178.33
1996 608 -37.68
1997 608 -27.63
1998 608 -88.75
1999 608 -128.10
2000 608 -96.28
2001 608 -85.40
2002 608 -110.52
2003 608 -99.63
2004 608 -81.21
2005 608 -48.56
2006 608 -61.96
2007 608 -87.91
2008 608 -81.21
2009 608 -103.82
1983 616 -467.19
1984 616 -2137.50
1985 616 -2148.38
1986 616 -2339.28
1987 616 -2307.46
1988 616 -2403.74
1989 616 -2259.74
1990 616 -1666.96
1991 616 -1358.86
1992 616 -1369.74
1993 616 -1389.84
1994 616 -1256.71
1995 616 -1335.41
1996 616 -1311.13
1997 616 -1631.80
1998 616 -1649.38
1999 616 -1650.22
2000 616 -2013.59
2001 616 -1697.11
2002 616 -1879.63
2003 616 -1797.58
2004 616 -1893.86
2005 616 -1975.07
2006 616 -2541.89
2007 616 -2526.82
2008 616 -2392.02
2009 616 -2488.31
1978 620 -404.39
1979 620 -442.07
1980 620 -434.53
1981 620 -408.58
1982 620 -685.71
1983 620 -519.10
1984 620 -703.29
1985 620 -766.92
1986 620 -1123.59
1987 620 -1067.49
1988 620 -1373.93
1989 620 -1468.54
1990 620 -1507.05
1991 620 -1252.53
1992 620 -1436.72
1993 620 -1358.86
1994 620 -1477.75
1995 620 -1534.68
1996 620 -1330.39
1997 620 -1596.64
1998 620 -1819.34
1999 620 -1730.60
2000 620 -1724.74
2001 620 -1638.50
2002 620 -1604.17
2003 620 -1654.41
2004 620 -1770.78
2005 620 -1833.58
2006 620 -1435.88
2007 620 -1660.27
2008 620 -1343.79
2009 620 -1234.11
1998 624 -15.07
1999 624 -15.91
2000 624 -15.91
2001 624 -16.75
2002 624 -16.75
2003 624 -16.75
2004 624 -16.75
2005 624 -16.75
2006 624 -16.75
2007 624 -17.58
2008 624 -17.58
2009 624 -17.58
1975 638 0.00
1976 638 0.00
1977 638 0.00
1978 638 0.00
1979 638 -5.86
1980 638 -6.70
1981 638 -6.70
1982 638 -7.54
1983 638 -7.54
1984 638 -7.54
1985 638 -7.54
1986 638 -6.70
1987 638 -7.54
1988 638 -11.72
1989 638 -10.88
1990 638 -11.72
1991 638 -12.56
1992 638 -13.40
1993 638 -20.93
1994 638 -21.77
1995 638 -18.42
1996 638 -15.91
1997 638 -16.75
1998 638 -19.26
1999 638 -17.58
2000 638 -20.93
2001 638 -22.61
2002 638 -28.47
2003 638 -28.47
2004 638 -30.14
2005 638 -30.14
2006 638 -30.14
2007 638 -30.98
2008 638 -32.65
2009 638 -32.65
1991 642 -204.29
1992 642 -615.38
1993 642 -390.16
1994 642 -380.11
1995 642 -415.28
1996 642 -507.37
1997 642 -422.81
1998 642 -408.58
1999 642 -852.32
2000 642 -1127.78
2001 642 -1109.36
2002 642 -1318.67
2003 642 -1178.85
2004 642 -1440.91
2005 642 -1274.29
2006 642 -1306.11
2007 642 -1419.98
2008 642 -1556.45
2009 642 -1017.26
1992 643 -19514.62
1993 643 -17201.30
1994 643 -12845.09
1995 643 -14961.66
1996 643 -14197.25
1997 643 -13060.26
1998 643 -9974.16
1999 643 -14240.79
2000 643 -13730.90
2001 643 -15590.43
2002 643 -14513.73
2003 643 -15680.86
2004 643 -15700.95
2005 643 -16251.02
2006 643 -16021.62
2007 643 -16508.90
2008 643 -16853.01
2009 643 -15643.18
1976 646 0.00
1977 646 0.00
1978 646 0.00
1979 646 0.00
1980 646 0.00
1981 646 -1.67
1982 646 -1.67
1983 646 -1.67
1984 646 -1.67
1985 646 -1.67
1986 646 -1.67
1987 646 -1.67
1988 646 -1.67
1989 646 -1.67
1990 646 -1.67
1991 646 -1.67
1992 646 -0.84
1993 646 -1.67
1994 646 -2.51
1995 646 -2.51
1996 646 -2.51
1997 646 -2.51
1998 646 -5.86
1999 646 -7.54
2000 646 -7.54
2001 646 -7.54
2002 646 -7.54
2003 646 -7.54
2004 646 -7.54
2005 646 -7.54
2006 646 -7.54
2007 646 -7.54
2008 646 -7.54
2009 646 -7.54
1977 662 -0.84
1978 662 -1.67
1979 662 -1.67
1980 662 -1.67
1981 662 -1.67
1982 662 -1.67
1983 662 -1.67
1984 662 -1.67
1985 662 -2.51
1986 662 -2.51
1987 662 -2.51
1988 662 -0.84
1989 662 -0.84
1990 662 -0.84
1991 662 -0.84
1992 662 -0.84
1993 662 -0.84
1994 662 -0.84
1995 662 -0.84
1996 662 -0.84
1997 662 -0.84
1998 662 -0.84
1999 662 -1.67
2000 662 -1.67
2001 662 -0.84
2002 662 -0.84
2003 662 -1.67
2004 662 -1.67
2005 662 -1.67
2006 662 -1.67
2007 662 -1.67
2008 662 -1.67
2009 662 -1.67
1992 666 -0.84
1993 666 -0.84
1994 666 -0.84
1995 666 -0.84
1996 666 -0.84
1997 666 0.00
1970 682 -141.50
1971 682 -154.89
1972 682 -133.12
1973 682 -216.85
1974 682 -269.59
1975 682 -341.60
1976 682 -703.29
1977 682 -924.32
1978 682 -983.77
1979 682 -1286.85
1980 682 -1448.44
1981 682 -1465.19
1982 682 -1929.02
1983 682 -2271.46
1984 682 -2201.97
1985 682 -2218.71
1986 682 -2352.67
1990 682 -623.75
1991 682 -1413.28
1992 682 -1747.34
1993 682 -1898.88
1994 682 -1841.11
1995 682 -1402.39
1996 682 -1891.35
1997 682 -3201.64
1998 682 -3515.61
1999 682 -3242.67
2000 682 -3467.89
2001 682 -4964.06
2002 682 -6384.87
2003 682 -6912.34
2004 682 -4038.89
2005 682 -4372.96
2006 682 -4547.10
2007 682 -4392.21
2008 682 -5242.02
2009 682 -5025.17
1970 686 -3.35
1971 686 -5.02
1972 686 -8.37
1973 686 -8.37
1974 686 -5.86
1975 686 -4.19
1976 686 -7.54
1977 686 -7.54
1978 686 -7.54
1979 686 -7.54
1980 686 -5.86
1981 686 -5.02
1982 686 -5.86
1983 686 -4.19
1984 686 -4.19
1985 686 -4.19
1986 686 -4.19
1987 686 -3.35
1988 686 -3.35
1989 686 -3.35
1990 686 -3.35
1991 686 -3.35
1992 686 -3.35
1993 686 -3.35
1994 686 -3.35
1995 686 -10.88
1996 686 -10.88
1997 686 -16.75
1998 686 -15.07
1999 686 -15.07
2000 686 -15.07
2001 686 -15.07
2002 686 -15.07
2003 686 -10.88
2004 686 -10.88
2005 686 -10.88
2006 686 -19.26
2007 686 -30.14
2008 686 -22.61
2009 686 -50.24
2006 688 -121.40
2007 688 -217.69
2008 688 -643.85
2009 688 -413.60
1976 690 -0.84
1977 690 -0.84
1978 690 -0.84
1979 690 -1.67
1980 690 -1.67
1981 690 -1.67
1982 690 -1.67
1983 690 -1.67
1984 690 -1.67
1985 690 -0.84
1986 690 -0.84
1987 690 -0.84
1988 690 -0.84
1989 690 -0.84
1990 690 -0.84
1991 690 -0.84
1992 690 -0.84
1993 690 -0.84
1994 690 -0.84
1995 690 -0.84
1996 690 -0.84
1997 690 -0.84
1998 690 -0.84
1999 690 -0.84
2000 690 -0.84
2001 690 -0.84
2002 690 -0.84
2003 690 -0.84
2004 690 -0.84
2005 690 -0.84
2006 690 -0.84
2007 690 -0.84
2008 690 -0.84
2009 690 -0.84
1976 694 -13.40
1977 694 -16.75
1978 694 -12.56
1979 694 -13.40
1980 694 -12.56
1981 694 -12.56
1982 694 -12.56
1983 694 -12.56
1984 694 -12.56
1985 694 -13.40
1986 694 -11.72
1987 694 -12.56
1988 694 -13.40
1989 694 -13.40
1990 694 -12.56
1991 694 -13.40
1992 694 -5.02
1993 694 -5.02
1994 694 -5.02
1995 694 -5.02
1996 694 -5.02
1997 694 -5.02
1998 694 -5.02
1999 694 -5.86
2000 694 -1.67
2001 694 -1.67
2002 694 -0.84
2003 694 -432.86
2004 694 -4.19
2005 694 -3.35
2006 694 -5.86
2007 694 -10.88
2008 694 -0.84
2009 694 -3.35
1970 702 -107.17
1971 702 -129.77
1972 702 -380.11
1973 702 -447.93
1974 702 -650.54
1975 702 -508.21
1976 702 -607.84
1977 702 -618.73
1978 702 -696.59
1979 702 -593.61
1980 702 -609.52
1981 702 -579.38
1982 702 -518.26
1983 702 -554.26
1984 702 -465.51
1985 702 -697.43
1986 702 -508.21
1987 702 -522.44
1988 702 -505.70
1989 702 -622.91
1990 702 -825.53
1991 702 -854.83
1992 702 -807.95
1993 702 -482.26
1994 702 -460.49
1995 702 -426.16
1996 702 -469.70
1997 702 -393.51
1998 702 -355.83
1999 702 -2501.70
2000 702 -2135.82
2001 702 -2461.52
2002 702 -3450.31
2003 702 -3467.05
2004 702 -4618.27
2005 702 -5536.73
2006 702 -5573.57
2007 702 -5622.97
2008 702 -5722.60
2009 702 -5843.17
1992 703 -925.16
1993 703 -334.90
1994 703 -293.87
1995 703 -354.16
1996 703 -544.21
1997 703 -603.66
1998 703 -524.12
1999 703 -1160.43
2000 703 -1328.72
2001 703 -551.75
2002 703 -627.10
2003 703 -577.70
2004 703 -603.66
2005 703 -619.57
2006 703 -637.15
2007 703 -686.55
2008 703 -685.71
2009 703 -660.59
1979 704 -37.68
1980 704 -37.68
1981 704 -37.68
1982 704 -37.68
1983 704 -33.49
1984 704 -33.49
1985 704 -33.49
1986 704 -29.30
1987 704 -30.14
1988 704 -18.42
1989 704 -44.37
1990 704 -56.10
1991 704 -46.89
1992 704 -69.49
1993 704 -49.40
1994 704 -35.16
1995 704 -77.03
1996 704 -37.68
1997 704 -35.16
1998 704 -142.33
1999 704 -262.90
2000 704 -115.54
2001 704 -207.64
2002 704 -152.38
2003 704 -382.62
2004 704 -160.75
2005 704 -262.90
2006 704 -342.44
2007 704 -677.34
2008 704 -551.75
2009 704 -608.68
1992 705 -17.58
1993 705 -4.19
1994 705 -4.19
1995 705 -25.95
1996 705 -67.82
1997 705 -10.88
1998 705 -94.61
1999 705 -103.82
2000 705 -106.33
2001 705 -103.82
2002 705 -100.47
2003 705 -102.98
2004 705 -160.75
2005 705 -149.03
2006 705 -169.12
2007 705 -151.54
2008 705 -169.12
2009 705 -119.73
1970 706 -1.67
1971 706 -1.67
1972 706 -1.67
1973 706 -1.67
1974 706 -1.67
1975 706 -1.67
1976 706 -1.67
1977 706 -1.67
1978 706 -2.51
1979 706 -2.51
1980 706 -2.51
1981 706 -2.51
1982 706 -2.51
1983 706 -2.51
1984 706 -2.51
1985 706 -1.67
1986 706 -2.51
1976 710 -509.89
1977 710 -519.10
1978 710 -519.10
1979 710 -552.59
1980 710 -586.08
1981 710 -619.57
1982 710 -636.31
1983 710 -653.06
1984 710 -615.38
1985 710 -594.45
1986 710 -586.08
1988 710 -311.46
1989 710 -307.27
1990 710 -292.20
1991 710 -282.99
1992 710 -272.94
1993 710 -540.03
1994 710 -512.40
1995 710 -514.07
1996 710 -227.73
1997 710 -207.64
1998 710 -523.28
1999 710 -496.49
2000 710 -522.44
2001 710 -606.17
2002 710 -652.22
2003 710 -1036.52
2004 710 -646.36
2005 710 -645.52
2006 710 -694.92
2007 710 -699.94
2008 710 -756.04
2009 710 -790.36
1978 716 -13.40
1979 716 -13.40
1980 716 -19.26
1981 716 -15.91
1982 716 -15.07
1983 716 -14.23
1984 716 -13.40
1985 716 -13.40
1986 716 -15.07
1987 716 -14.23
1988 716 -14.23
1989 716 -14.23
1990 716 -22.61
1991 716 -18.42
1992 716 -1.67
1993 716 -15.07
1994 716 -13.40
1995 716 -27.63
1996 716 -21.77
1997 716 -21.77
1998 716 -21.77
1999 716 -20.93
2000 716 -20.93
2001 716 -18.42
2002 716 -17.58
2003 716 -15.91
2004 716 -15.07
2005 716 -14.23
2006 716 -13.40
2007 716 -12.56
2008 716 -11.72
2009 716 -11.72
1970 724 -427.00
1971 724 -431.18
1972 724 -435.37
1973 724 -460.49
1974 724 -460.49
1975 724 -435.37
1976 724 -431.18
1977 724 -489.79
1978 724 -485.61
1979 724 -485.61
1980 724 -502.35
1981 724 -1535.52
1982 724 -1515.42
1983 724 -3585.10
1984 724 -1746.50
1985 724 -1605.85
1986 724 -4211.37
1987 724 -4132.67
1988 724 -4694.46
1989 724 -2221.22
1990 724 -4620.78
1991 724 -4775.67
1992 724 -4724.60
1993 724 -4250.72
1994 724 -4741.35
1995 724 -6315.38
1996 724 -5300.63
1997 724 -6436.78
1998 724 -7441.48
1999 724 -7143.42
2000 724 -7549.48
2001 724 -7760.47
2002 724 -7658.33
2003 724 -7572.93
2004 724 -7174.40
2005 724 -6835.31
2006 724 -6510.46
2007 724 -6431.75
2008 724 -6286.07
2009 724 -5873.31
1976 736 -0.84
1977 736 -0.84
1978 736 -0.84
1979 736 -0.84
1980 736 -0.84
1981 736 -6.70
1982 736 -8.37
1983 736 -7.54
1984 736 -7.54
1985 736 -15.91
1986 736 -11.72
1987 736 -12.56
1988 736 -12.56
1989 736 -12.56
1990 736 -25.12
1991 736 -25.95
1992 736 -27.63
1993 736 -28.47
1994 736 -29.30
1995 736 -30.14
1996 736 -30.14
1997 736 -87.07
1998 736 -88.75
1999 736 -102.14
2000 736 -118.89
2001 736 -97.96
2002 736 -103.82
2003 736 -105.49
2004 736 -126.42
2005 736 -139.82
2006 736 -154.89
2007 736 -181.68
2008 736 -230.24
2009 736 -195.92
1976 740 -8.37
1977 740 -6.70
1978 740 -6.70
1979 740 -7.54
1980 740 -7.54
1981 740 -7.54
1982 740 -8.37
1983 740 -8.37
1984 740 -6.70
1985 740 -15.91
1986 740 -6.70
1987 740 -10.88
1988 740 -5.02
1989 740 -5.86
1990 740 -5.86
1991 740 -7.54
1992 740 -7.54
1999 740 -6.70
2000 740 -5.86
2001 740 -5.86
2002 740 -5.86
2003 740 -5.86
2004 740 -5.86
2005 740 -5.86
2006 740 -5.86
2007 740 -5.86
2008 740 -5.86
2009 740 -5.86
1970 752 -1409.09
1971 752 -1661.10
1972 752 -1764.09
1973 752 -1754.88
1974 752 -1901.39
1975 752 -1648.55
1976 752 -1597.47
1977 752 -1337.09
1978 752 -1224.06
1979 752 -1512.07
1980 752 -1262.57
1981 752 -1157.08
1982 752 -1255.88
1983 752 -1316.16
1984 752 -1152.89
1985 752 -1085.91
1986 752 -1259.22
1987 752 -1124.43
1988 752 -1310.30
1989 752 -1109.36
1990 752 -1163.78
1991 752 -1124.43
1992 752 -1034.84
1993 752 -900.04
1994 752 -1100.98
1995 752 -1259.22
1996 752 -1313.65
1997 752 -1309.46
1998 752 -1142.01
1999 752 -1297.74
2000 752 -1027.31
2001 752 -1123.59
2002 752 -1279.32
2003 752 -1182.20
2004 752 -1244.15
2005 752 -1130.29
2006 752 -1127.78
2007 752 -1093.45
2008 752 -1105.17
2009 752 -837.25
1970 757 -449.60
1971 757 -457.14
1972 757 -453.79
1973 757 -474.72
1974 757 -455.46
1975 757 -354.16
1976 757 -376.76
1977 757 -357.51
1978 757 -354.99
1979 757 -373.41
1980 757 -576.03
1981 757 -520.77
1982 757 -589.42
1983 757 -637.15
1984 757 -420.30
1985 757 -444.58
1986 757 -400.21
1987 757 -387.65
1988 757 -396.86
1989 757 -411.09
1990 757 -411.09
1991 757 -411.09
1992 757 -309.78
1993 757 -355.83
1994 757 -374.25
1995 757 -389.32
1996 757 -359.18
1997 757 -348.30
1998 757 -360.85
1999 757 -391.83
2000 757 -427.00
2001 757 -416.95
2002 757 -391.00
2003 757 -378.44
2004 757 -409.42
2005 757 -401.04
2006 757 -438.72
2007 757 -431.18
2008 757 -401.88
2009 757 -373.41
1996 760 -199.27
1997 760 -572.68
1998 760 -620.40
1999 760 -545.89
2000 760 -502.35
2001 760 -529.98
2002 760 -625.43
2003 760 -584.40
2004 760 -604.49
2005 760 -620.40
2006 760 -730.08
2007 760 -596.96
2008 760 -575.19
2009 760 -842.27
1998 762 -0.84
1999 762 -0.84
2000 762 -0.84
2001 762 -0.84
2002 762 -0.84
2003 762 -0.84
2004 762 -0.84
2005 762 -0.84
2006 762 -0.84
2007 762 -0.84
2008 762 -0.84
2009 762 -0.84
1970 764 -243.64
1971 764 -197.59
1972 764 -385.14
1973 764 -421.97
1974 764 -335.74
1975 764 -378.44
1976 764 -355.83
1977 764 -421.97
1978 764 -379.27
1979 764 -341.60
1980 764 -280.48
1981 764 -272.94
1982 764 -271.27
1983 764 -179.17
1984 764 -205.13
1985 764 -140.66
1986 764 -236.10
1987 764 -239.45
1988 764 -182.52
1989 764 -246.15
1990 764 -277.97
1991 764 -270.43
1992 764 -349.97
1993 764 -375.09
1994 764 -376.76
1995 764 -470.53
1996 764 -565.14
1997 764 -654.73
1998 764 -1260.06
1999 764 -994.65
2000 764 -760.22
2001 764 -724.22
2002 764 -676.50
2003 764 -563.47
2004 764 -575.19
2005 764 -653.06
2006 764 -628.77
2007 764 -753.53
2008 764 -452.95
2009 764 -3950.15
1976 768 -2.51
1977 768 -3.35
1978 768 -6.70
1979 768 -5.02
1980 768 -3.35
1981 768 -3.35
1982 768 -2.51
1983 768 -1.67
1984 768 -2.51
1985 768 -1.67
1986 768 -2.51
1987 768 -1.67
1988 768 -1.67
1989 768 -1.67
1990 768 -25.95
1991 768 -27.63
1992 768 -28.47
1993 768 -34.33
1994 768 -36.00
1995 768 -36.84
1996 768 -39.35
1997 768 -41.86
1998 768 -41.03
1999 768 -2.51
2000 768 0.00
2001 768 -9.21
2002 768 -12.56
2003 768 -5.02
2004 768 -5.02
2005 768 -6.70
2006 768 -5.02
2007 768 -3.35
2008 768 -5.02
2009 768 -5.02
1977 780 -134.80
1978 780 -130.61
1979 780 -149.03
1980 780 -184.20
1981 780 -164.94
1982 780 -127.26
1983 780 -110.52
1984 780 -136.47
1985 780 -107.17
1986 780 -39.35
1987 780 -28.47
1988 780 -33.49
1989 780 -31.82
1990 780 -50.24
1991 780 -46.89
1992 780 -41.03
1993 780 -38.51
1994 780 -36.00
1995 780 -35.16
1996 780 -44.37
1997 780 -37.68
1998 780 -7.54
1999 780 -7.54
2000 780 -8.37
2001 780 -6.70
2002 780 -6.70
2003 780 -5.86
2004 780 0.00
2005 780 -56.10
2006 780 -13.40
2007 780 -25.12
2008 780 -34.33
2009 780 -31.82
1998 784 -35.16
1999 784 -32.65
2000 784 -32.65
2001 784 -30.14
2002 784 -35.16
2003 784 -25.12
2004 784 -25.95
2005 784 -25.95
2006 784 -25.95
2007 784 -26.79
2008 784 -27.63
2009 784 -27.63
1976 788 -66.14
1977 788 -36.84
1978 788 -50.24
1979 788 -45.21
1980 788 -56.10
1981 788 -51.91
1982 788 -54.42
1983 788 -46.89
1984 788 -62.79
1985 788 -54.42
1986 788 -64.47
1987 788 -61.12
1988 788 -73.68
1989 788 -83.73
1990 788 -92.93
1991 788 -93.77
1992 788 -86.24
1993 788 -110.52
1994 788 -115.54
1995 788 -95.45
1996 788 -112.19
1997 788 -118.89
1998 788 -138.15
1999 788 -180.01
2000 788 -168.29
2001 788 -170.80
2002 788 -111.35
2003 788 -81.21
2004 788 -102.14
2005 788 -128.94
2006 788 -263.73
2007 788 -219.36
2008 788 -248.66
2009 788 -267.92
1970 792 -272.94
1971 792 -265.41
1972 792 -299.74
1973 792 -348.30
1974 792 -316.48
1975 792 -391.83
1976 792 -430.35
1977 792 -609.52
1978 792 -568.49
1979 792 -465.51
1980 792 -403.55
1981 792 -442.91
1982 792 -472.21
1983 792 -525.79
1984 792 -587.75
1985 792 -604.49
1986 792 -778.64
1987 792 -931.86
1988 792 -814.64
1989 792 -661.43
1990 792 -2155.08
1991 792 -2220.39
1992 792 -2266.44
1993 792 -2705.99
1994 792 -2332.58
1995 792 -2685.90
1996 792 -2827.39
1997 792 -3070.20
1998 792 -3685.57
1999 792 -3021.64
2000 792 -2899.40
2001 792 -2810.65
2002 792 -2963.03
2003 792 -2782.18
2004 792 -3105.36
2005 792 -3164.81
2006 792 -4574.73
2007 792 -4647.57
2008 792 -4238.16
2009 792 -5480.64
1976 800 -2.51
1977 800 -3.35
1978 800 -4.19
1979 800 -4.19
1980 800 -2.51
1981 800 -2.51
1982 800 -2.51
1983 800 -1.67
1984 800 -1.67
1985 800 -1.67
1986 800 -1.67
1987 800 0.00
1988 800 0.00
1989 800 0.00
1990 800 0.00
1991 800 0.00
1992 800 0.00
1993 800 0.00
1994 800 0.00
1995 800 -2.51
1996 800 -2.51
1997 800 -0.84
1998 800 -2.51
1999 800 -2.51
2000 800 -6.70
2001 800 -5.02
2002 800 -5.02
2003 800 -5.02
2004 800 -5.86
2005 800 -5.02
2006 800 -5.02
2007 800 -15.91
2008 800 -3.35
2009 800 -9.21
1995 804 -925.16
1996 804 -1029.82
1997 804 -1224.06
1998 804 -1053.26
1999 804 -905.07
2000 804 -847.30
2001 804 -1631.80
2002 804 -1343.79
2003 804 -1566.49
2004 804 -1311.13
2005 804 -1196.43
2006 804 -992.14
2007 804 -1147.03
2008 804 -701.62
2009 804 -621.24
1996 807 -33.49
1997 807 -34.33
1998 807 -28.47
1999 807 -17.58
2000 807 -13.40
2001 807 -20.93
2002 807 -33.49
2003 807 -29.30
2004 807 -37.68
2005 807 -30.98
2006 807 -25.12
2007 807 -23.44
2008 807 -27.63
2009 807 -29.30
1976 818 -162.43
1977 818 -199.27
1978 818 -229.41
1979 818 -254.52
1980 818 -298.06
1981 818 -364.20
1982 818 -349.13
1983 818 -517.42
1984 818 -689.06
1985 818 -735.94
1986 818 -780.32
1987 818 -745.99
1988 818 -1218.20
1989 818 -1245.83
1990 818 -1190.57
1991 818 -1054.10
1992 818 -961.16
1993 818 -972.05
1994 818 -909.25
1995 818 -1186.38
1996 818 -1226.57
1997 818 -1191.41
1998 818 -1110.19
1999 818 -1265.92
2000 818 -1273.46
2001 818 -1384.81
2002 818 -1484.44
2003 818 -1655.24
2004 818 -1763.25
2005 818 -1790.04
2006 818 -1642.68
2007 818 -1687.90
2008 818 -1602.50
2009 818 -1531.33
1970 826 -8297.98
1971 826 -8349.06
1972 826 -8795.31
1973 826 -9558.88
1974 826 -9729.68
1975 826 -7778.05
1976 826 -8271.19
1977 826 -7921.22
1978 826 -7695.16
1979 826 -7102.39
1980 826 -5245.37
1981 826 -5381.84
1982 826 -5826.42
1983 826 -6050.81
1984 826 -5391.89
1985 826 -5339.14
1986 826 -5590.32
1987 826 -5650.60
1988 826 -5818.05
1989 826 -5959.55
1990 826 -5219.42
1991 826 -2234.62
1992 826 -2674.18
1993 826 -2970.56
1994 826 -3297.93
1995 826 -4233.97
1996 826 -4045.59
1997 826 -3905.77
1998 826 -3685.57
1999 826 -5926.89
2000 826 -5495.71
2001 826 -4794.93
2002 826 -5125.64
2003 826 -5602.88
2004 826 -5766.98
2005 826 -5399.43
2006 826 -5310.68
2007 826 -3650.41
2008 826 -3594.31
2009 826 -3260.25
1995 834 -11.72
1996 834 -14.23
1997 834 -13.40
1998 834 -13.40
1999 834 -13.40
2000 834 -13.40
2001 834 -13.40
2002 834 -13.40
2003 834 -13.40
2004 834 -13.40
2005 834 -13.40
2006 834 -13.40
2007 834 -13.40
2008 834 -13.40
2009 834 -13.40
1970 840 -3802.79
1971 840 -4186.25
1972 840 -4861.07
1973 840 -4345.33
1974 840 -3793.58
1975 840 -3838.79
1976 840 -31271.29
1977 840 -33922.86
1978 840 -36118.97
1979 840 -35374.65
1980 840 -29602.65
1981 840 -29903.22
1982 840 -28282.31
1983 840 -28186.02
1984 840 -31590.28
1985 840 -31624.61
1986 840 -32109.37
1987 840 -36239.53
1988 840 -36041.94
1989 840 -43285.83
1990 840 -43733.75
1991 840 -42648.68
1992 840 -45868.74
1993 840 -46307.46
1994 840 -47941.77
1995 840 -48422.35
1996 840 -50422.54
1997 840 -66417.37
1998 840 -66192.99
1999 840 -69025.40
2000 840 -61843.47
2001 840 -70119.69
2002 840 -70216.81
2003 840 -69864.33
2004 840 -77706.85
2005 840 -75954.48
2006 840 -78343.99
2007 840 -74948.95
2008 840 -65621.98
2009 840 -54402.83
1970 858 -34.33
1971 858 -32.65
1972 858 -28.47
1973 858 -20.09
1974 858 -28.47
1975 858 -32.65
1976 858 -44.37
1977 858 -61.12
1978 858 -78.70
1979 858 -96.28
1980 858 -82.05
1981 858 -63.63
1982 858 -72.00
1983 858 -64.47
1984 858 -56.93
1985 858 -52.75
1986 858 -62.79
1987 858 -71.17
1988 858 -65.31
1989 858 -60.28
1990 858 -49.40
1991 858 -61.96
1992 858 -55.26
1993 858 -51.91
1994 858 -47.72
1995 858 -46.89
1996 858 -69.49
1997 858 -72.00
1998 858 -87.91
1999 858 -97.12
2000 858 -57.77
2001 858 -59.44
2002 858 -36.84
2003 858 -41.03
2004 858 -57.77
2005 858 -46.05
2006 858 -45.21
2007 858 -62.79
2008 858 -66.98
2009 858 -68.65
1997 860 -596.12
1998 860 -555.10
1999 860 -565.14
2000 860 -577.70
2001 860 -552.59
2002 860 -545.05
2003 860 -584.40
2004 860 -544.21
2005 860 -414.44
2006 860 -416.11
2007 860 -377.60
2008 860 -369.23
2009 860 -356.67
1970 862 -494.81
1971 862 -493.14
1972 862 -536.68
1973 862 -568.49
1974 862 -412.76
1975 862 -588.59
1976 862 -669.80
1977 862 -712.50
1978 862 -838.09
1979 862 -710.83
1980 862 -728.41
1981 862 -800.41
1982 862 -925.16
1983 862 -744.32
1984 862 -642.17
1985 862 -685.71
1986 862 -948.60
1987 862 -973.72
1988 862 -1087.59
1989 862 -669.80
1990 862 -748.50
1991 862 -1655.24
1992 862 -1246.67
1993 862 -862.37
1994 862 -889.16
1995 862 -1201.45
1996 862 -902.56
1997 862 -3466.22
1998 862 -3493.01
1999 862 -3135.50
2000 862 -4049.78
2001 862 -3429.38
2002 862 -2745.34
2003 862 -2353.51
2004 862 -2184.39
2005 862 -2323.37
2006 862 -3712.37
2007 862 -3554.96
2008 862 -2852.51
2009 862 -2525.15
1994 887 0.00
1995 887 -48.56
1996 887 -50.24
1997 887 -49.40
1998 887 -49.40
1999 887 -49.40
2000 887 -51.91
2001 887 -57.77
2002 887 -61.96
2003 887 -89.59
2004 887 -89.59
2005 887 -95.45
2006 887 -106.33
2007 887 -109.68
2008 887 -113.87
2009 887 -118.05
1970 890 -19.26
1971 890 -19.26
1972 890 -16.75
1973 890 -415.28
1974 890 -539.19
1975 890 -564.31
1976 890 -656.40
1977 890 -937.72
1981 890 -946.93
1982 890 -757.71
1983 890 -964.51
1984 890 -1054.10
1985 890 -1032.33
1986 890 -940.23
1987 890 -1086.75
1988 890 -1100.15
1989 890 -1083.40
1990 890 -1083.40
1992 891 -233.59
1993 891 -178.33
1994 891 -178.33
1995 891 -187.54
1996 891 -267.08
1997 891 -244.48
1998 891 -84.56
1999 891 -57.77
2000 891 -56.10
2001 891 -87.07
2002 891 -106.33
2003 891 -116.38
2004 891 -107.17
2005 891 -113.03
1976 894 -4.19
1977 894 -5.02
1978 894 -5.86
1979 894 -6.70
1980 894 -5.86
1981 894 -5.86
1982 894 -12.56
1983 894 -12.56
1984 894 -20.93
1985 894 -25.95
1986 894 -20.93
1987 894 -23.44
1988 894 -24.28
1989 894 -21.77
1990 894 -20.09
1991 894 -20.09
1992 894 -19.26
1993 894 -16.75
1994 894 -16.75
1995 894 -23.44
1996 894 -23.44
1997 894 -23.44
1998 894 -25.12
1999 894 -25.95
2000 894 -26.79
2001 894 -25.12
2002 894 -25.95
2003 894 -25.95
2004 894 -26.79
2005 894 -27.63
2006 894 -29.30
2007 894 -30.98
2008 894 -32.65
2009 894 -34.33
