Date/Time	Cooling (E)	Heating (E)	HVAC Fan/Pump (E)	Hot Water (E)	Lights (E)	Lg. Appl. (E)	Vent Fan (E)	Misc. (E)
	kWh	kWh	kWh	kWh	kWh	kWh	kWh	kWh
8/6/2001 00:00	0.2989	0.0000	0.0547	0.09920	0.08315	0.10055	0.011700	0.29869
8/6/2001 01:00	0.2305	0.0000	0.0427	0.06620	0.04950	0.08360	0.011700	0.27502
8/6/2001 02:00	0.1849	0.0000	0.0346	0.05797	0.03366	0.07003	0.011700	0.27183
8/6/2001 03:00	0.1542	0.0000	0.0291	0.06035	0.03366	0.06144	0.011700	0.26800
8/6/2001 04:00	0.1323	0.0000	0.0252	0.08595	0.03366	0.07269	0.011700	0.25788
8/6/2001 05:00	0.1443	0.0000	0.0273	0.19988	0.03564	0.08648	0.011700	0.28777
8/6/2001 06:00	0.1873	0.0000	0.0352	0.41238	0.05742	0.14521	0.011700	0.33249
8/6/2001 07:00	0.3074	0.0000	0.0574	0.46793	0.10097	0.23148	0.041700	0.35330
8/6/2001 08:00	0.4734	0.0000	0.0855	0.45189	0.07920	0.30375	0.011700	0.29869
8/6/2001 09:00	0.6422	0.0000	0.1122	0.40290	0.03960	0.37753	0.011700	0.25421
8/6/2001 10:00	0.8587	0.0000	0.1448	0.34622	0.03168	0.39871	0.011700	0.26019
8/6/2001 11:00	1.1394	0.0000	0.1867	0.29662	0.03168	0.41558	0.011700	0.26027
8/6/2001 12:00	1.1101	0.0000	0.1770	0.25868	0.03168	0.40112	0.011700	0.25589
8/6/2001 13:00	1.2197	0.0000	0.1887	0.23666	0.03168	0.36431	0.011700	0.26473
8/6/2001 14:00	1.2700	0.0000	0.1965	0.21485	0.03168	0.33480	0.011700	0.27964
8/6/2001 15:00	1.3539	0.0000	0.2096	0.21821	0.03168	0.34138	0.011700	0.29518
8/6/2001 16:00	1.4572	0.0000	0.2257	0.24739	0.03366	0.38690	0.011700	0.34915
8/6/2001 17:00	1.4740	0.0000	0.2335	0.30756	0.04356	0.47090	0.011700	0.42416
8/6/2001 18:00	1.5470	0.0000	0.2506	0.36861	0.07326	0.42779	0.041700	0.46051
8/6/2001 19:00	1.2024	0.0000	0.1991	0.38283	0.14255	0.35199	0.011700	0.47534
8/6/2001 20:00	0.9258	0.0000	0.1572	0.34963	0.24352	0.31611	0.011700	0.49168
8/6/2001 21:00	0.7239	0.0000	0.1261	0.30601	0.31282	0.30055	0.011700	0.48020
8/6/2001 22:00	0.5429	0.0000	0.0969	0.24347	0.23363	0.24157	0.011700	0.41555
8/6/2001 23:00	0.4202	0.0000	0.0757	0.17437	0.16235	0.15890	0.011700	0.36111
8/7/2001 00:00	0.3181	0.0000	0.0579	0.09925	0.08315	0.10055	0.011700	0.29869
8/7/2001 01:00	0.2517	0.0000	0.0462	0.06346	0.04950	0.07966	0.011700	0.27502
8/7/2001 02:00	0.2016	0.0000	0.0375	0.05588	0.03366	0.06742	0.011700	0.27183
8/7/2001 03:00	0.1661	0.0000	0.0313	0.05810	0.03366	0.06007	0.011700	0.26800
8/7/2001 04:00	0.1386	0.0000	0.0264	0.08136	0.03366	0.07002	0.011700	0.25788
8/7/2001 05:00	0.1452	0.0000	0.0276	0.18620	0.03564	0.08238	0.011700	0.28777
8/7/2001 06:00	0.1806	0.0000	0.0341	0.38088	0.05742	0.13459	0.011700	0.33249
8/7/2001 07:00	0.2528	0.0000	0.0476	0.43050	0.10097	0.21032	0.041700	0.35330
8/7/2001 08:00	0.4157	0.0000	0.0754	0.41359	0.07920	0.27132	0.011700	0.29869
8/7/2001 09:00	0.6091	0.0000	0.1059	0.36836	0.03960	0.33250	0.011700	0.25421
8/7/2001 10:00	0.8344	0.0000	0.1391	0.31700	0.03168	0.34779	0.011700	0.26019
8/7/2001 11:00	1.1623	0.0000	0.1875	0.27256	0.03168	0.36309	0.011700	0.26027
8/7/2001 12:00	1.1583	0.0000	0.1810	0.23793	0.03168	0.35331	0.011700	0.25589
8/7/2001 13:00	1.3053	0.0000	0.1971	0.21867	0.03168	0.32072	0.011700	0.26473
8/7/2001 14:00	1.3391	0.0000	0.2048	0.19851	0.03168	0.29567	0.011700	0.27964
8/7/2001 15:00	1.4042	0.0000	0.2170	0.20181	0.03168	0.30433	0.011700	0.29518
8/7/2001 16:00	1.4711	0.0000	0.2302	0.22691	0.03366	0.35098	0.011700	0.34915
8/7/2001 17:00	1.4555	0.0000	0.2338	0.28238	0.04356	0.43555	0.011700	0.42416
8/7/2001 18:00	1.4475	0.0000	0.2387	0.33522	0.07326	0.39348	0.041700	0.46051
8/7/2001 19:00	1.0996	0.0000	0.1861	0.34515	0.14255	0.31774	0.011700	0.47534
8/7/2001 20:00	0.8438	0.0000	0.1458	0.31393	0.24352	0.28125	0.011700	0.49168
8/7/2001 21:00	0.6632	0.0000	0.1170	0.27637	0.31282	0.26494	0.011700	0.48020
8/7/2001 22:00	0.5005	0.0000	0.0902	0.21999	0.23363	0.21327	0.011700	0.41555
8/7/2001 23:00	0.3894	0.0000	0.0707	0.15960	0.16235	0.14336	0.011700	0.36111
8/8/2001 00:00	0.3023	0.0000	0.0551	0.09383	0.08315	0.09397	0.011700	0.29869
8/8/2001 01:00	0.2455	0.0000	0.0451	0.06348	0.04950	0.07966	0.011700	0.27502
8/8/2001 02:00	0.2033	0.0000	0.0377	0.05589	0.03366	0.06742	0.011700	0.27183
8/8/2001 03:00	0.1726	0.0000	0.0323	0.05812	0.03366	0.06007	0.011700	0.26800
8/8/2001 04:00	0.1480	0.0000	0.0279	0.08140	0.03366	0.07002	0.011700	0.25788
8/8/2001 05:00	0.1546	0.0000	0.0291	0.18633	0.03564	0.08238	0.011700	0.28777
8/8/2001 06:00	0.1943	0.0000	0.0365	0.38120	0.05742	0.13459	0.011700	0.33249
8/8/2001 07:00	0.3272	0.0000	0.0611	0.43087	0.10097	0.21032	0.041700	0.35330
8/8/2001 08:00	0.5158	0.0000	0.0928	0.41395	0.07920	0.27132	0.011700	0.29869
8/8/2001 09:00	0.7209	0.0000	0.1242	0.36869	0.03960	0.33250	0.011700	0.25421
8/8/2001 10:00	0.9011	0.0000	0.1489	0.31727	0.03168	0.34779	0.011700	0.26019
8/8/2001 11:00	1.1131	0.0000	0.1814	0.27280	0.03168	0.36309	0.011700	0.26027
8/8/2001 12:00	1.0402	0.0000	0.1669	0.23813	0.03168	0.35331	0.011700	0.25589
8/8/2001 13:00	1.0861	0.0000	0.1719	0.21885	0.03168	0.32072	0.011700	0.26473
8/8/2001 14:00	1.1282	0.0000	0.1786	0.19867	0.03168	0.29567	0.011700	0.27964
8/8/2001 15:00	1.2230	0.0000	0.1936	0.20197	0.03168	0.30433	0.011700	0.29518
8/8/2001 16:00	1.3370	0.0000	0.2118	0.22710	0.03366	0.35098	0.011700	0.34915
8/8/2001 17:00	1.3735	0.0000	0.2242	0.28261	0.04356	0.43555	0.011700	0.42416
8/8/2001 18:00	1.3930	0.0000	0.2338	0.33550	0.07326	0.39348	0.041700	0.46051
8/8/2001 19:00	1.0714	0.0000	0.1851	0.34543	0.14255	0.31774	0.011700	0.47534
8/8/2001 20:00	0.8125	0.0000	0.1428	0.31418	0.24352	0.28125	0.011700	0.49168
8/8/2001 21:00	0.6334	0.0000	0.1134	0.27659	0.31282	0.26494	0.011700	0.48020
8/8/2001 22:00	0.4767	0.0000	0.0868	0.22017	0.23363	0.21327	0.011700	0.41555
8/8/2001 23:00	0.3623	0.0000	0.0667	0.15971	0.16235	0.14336	0.011700	0.36111
8/9/2001 00:00	0.2718	0.0000	0.0505	0.09389	0.08315	0.09397	0.011700	0.29869
8/9/2001 01:00	0.2108	0.0000	0.0395	0.06351	0.04950	0.07966	0.011700	0.27502
8/9/2001 02:00	0.1745	0.0000	0.0328	0.05592	0.03366	0.06742	0.011700	0.27183
8/9/2001 03:00	0.1519	0.0000	0.0286	0.05815	0.03366	0.06007	0.011700	0.26800
8/9/2001 04:00	0.1362	0.0000	0.0257	0.08145	0.03366	0.07002	0.011700	0.25788
8/9/2001 05:00	0.1522	0.0000	0.0284	0.18649	0.03564	0.08238	0.011700	0.28777
8/9/2001 06:00	0.2001	0.0000	0.0368	0.38155	0.05742	0.13459	0.011700	0.33249
8/9/2001 07:00	0.3406	0.0000	0.0619	0.43128	0.10097	0.21032	0.041700	0.35330
8/9/2001 08:00	0.4938	0.0000	0.0869	0.41435	0.07920	0.27132	0.011700	0.29869
8/9/2001 09:00	0.7055	0.0000	0.1205	0.36905	0.03960	0.33250	0.011700	0.25421
8/9/2001 10:00	0.9113	0.0000	0.1505	0.31758	0.03168	0.34779	0.011700	0.26019
8/9/2001 11:00	1.1822	0.0000	0.1926	0.27306	0.03168	0.36309	0.011700	0.26027
8/9/2001 12:00	1.1442	0.0000	0.1836	0.23836	0.03168	0.35331	0.011700	0.25589
8/9/2001 13:00	1.2158	0.0000	0.1924	0.21905	0.03168	0.32072	0.011700	0.26473
8/9/2001 14:00	1.2597	0.0000	0.1994	0.19885	0.03168	0.29567	0.011700	0.27964
8/9/2001 15:00	1.3529	0.0000	0.2143	0.20215	0.03168	0.30433	0.011700	0.29518
8/9/2001 16:00	1.4343	0.0000	0.2273	0.22730	0.03366	0.35098	0.011700	0.34915
8/9/2001 17:00	1.4020	0.0000	0.2281	0.28288	0.04356	0.43555	0.011700	0.42416
8/9/2001 18:00	1.3698	0.0000	0.2287	0.33580	0.07326	0.39348	0.041700	0.46051
8/9/2001 19:00	0.9850	0.0000	0.1687	0.34574	0.14255	0.31774	0.011700	0.47534
8/9/2001 20:00	0.7502	0.0000	0.1307	0.31447	0.24352	0.28125	0.011700	0.49168
8/9/2001 21:00	0.6062	0.0000	0.1074	0.27684	0.31282	0.26494	0.011700	0.48020
8/9/2001 22:00	0.4715	0.0000	0.0850	0.22036	0.23363	0.21327	0.011700	0.41555
8/9/2001 23:00	0.3706	0.0000	0.0675	0.15984	0.16235	0.14336	0.011700	0.36111
8/10/2001 00:00	0.2870	0.0000	0.0527	0.09395	0.08315	0.09397	0.011700	0.29869
8/10/2001 01:00	0.2294	0.0000	0.0426	0.06355	0.04950	0.07966	0.011700	0.27502
8/10/2001 02:00	0.1951	0.0000	0.0363	0.05594	0.03366	0.06742	0.011700	0.27183
8/10/2001 03:00	0.1713	0.0000	0.0320	0.05818	0.03366	0.06007	0.011700	0.26800
8/10/2001 04:00	0.1548	0.0000	0.0290	0.08151	0.03366	0.07002	0.011700	0.25788
8/10/2001 05:00	0.1699	0.0000	0.0315	0.18666	0.03564	0.08238	0.011700	0.28777
8/10/2001 06:00	0.2148	0.0000	0.0394	0.38194	0.05742	0.13459	0.011700	0.33249
8/10/2001 07:00	0.3235	0.0000	0.0587	0.43174	0.10097	0.21032	0.041700	0.35330
8/10/2001 08:00	0.4507	0.0000	0.0796	0.41479	0.07920	0.27132	0.011700	0.29869
8/10/2001 09:00	0.6767	0.0000	0.1162	0.36944	0.03960	0.33250	0.011700	0.25421
8/10/2001 10:00	0.9028	0.0000	0.1505	0.31793	0.03168	0.34779	0.011700	0.26019
8/10/2001 11:00	1.0778	0.0000	0.1811	0.27335	0.03168	0.36309	0.011700	0.26027
8/10/2001 12:00	0.9950	0.0000	0.1685	0.23861	0.03168	0.35331	0.011700	0.25589
8/10/2001 13:00	0.9973	0.0000	0.1701	0.21927	0.03168	0.32072	0.011700	0.26473
8/10/2001 14:00	1.0580	0.0000	0.1775	0.19905	0.03168	0.29567	0.011700	0.27964
8/10/2001 15:00	1.1597	0.0000	0.1909	0.20236	0.03168	0.30433	0.011700	0.29518
8/10/2001 16:00	1.2499	0.0000	0.2022	0.22754	0.03366	0.35098	0.011700	0.34915
8/10/2001 17:00	1.2575	0.0000	0.2087	0.28317	0.04356	0.43555	0.011700	0.42416
8/10/2001 18:00	1.2680	0.0000	0.2159	0.33615	0.07326	0.39348	0.041700	0.46051
8/10/2001 19:00	0.8987	0.0000	0.1569	0.34609	0.14255	0.31774	0.011700	0.47534
8/10/2001 20:00	0.7154	0.0000	0.1261	0.31479	0.24352	0.28125	0.011700	0.49168
8/10/2001 21:00	0.5878	0.0000	0.1048	0.27712	0.31282	0.26494	0.011700	0.48020
8/10/2001 22:00	0.4709	0.0000	0.0847	0.22057	0.23363	0.21327	0.011700	0.41555
8/10/2001 23:00	0.3775	0.0000	0.0684	0.15998	0.16235	0.14336	0.011700	0.36111
8/11/2001 00:00	0.2985	0.0000	0.0544	0.09401	0.08315	0.09397	0.011700	0.29869
8/11/2001 01:00	0.2439	0.0000	0.0447	0.06359	0.04950	0.07966	0.011700	0.27502
8/11/2001 02:00	0.2029	0.0000	0.0376	0.05597	0.03366	0.06742	0.011700	0.27183
8/11/2001 03:00	0.1734	0.0000	0.0324	0.05820	0.03366	0.06007	0.011700	0.26800
8/11/2001 04:00	0.1503	0.0000	0.0283	0.08157	0.03366	0.07002	0.011700	0.25788
8/11/2001 05:00	0.1678	0.0000	0.0311	0.18685	0.03564	0.08238	0.011700	0.28777
8/11/2001 06:00	0.2201	0.0000	0.0402	0.38237	0.05742	0.13459	0.011700	0.33249
8/11/2001 07:00	0.3338	0.0000	0.0599	0.43224	0.10097	0.21032	0.041700	0.35330
8/11/2001 08:00	0.3936	0.0000	0.0692	0.41528	0.07920	0.27132	0.011700	0.29869
8/11/2001 09:00	0.5655	0.0000	0.0974	0.36988	0.03960	0.33250	0.011700	0.25421
8/11/2001 10:00	0.8011	0.0000	0.1350	0.31830	0.03168	0.34779	0.011700	0.26019
8/11/2001 11:00	1.0855	0.0000	0.1792	0.27367	0.03168	0.36309	0.011700	0.26027
8/11/2001 12:00	1.1002	0.0000	0.1778	0.23888	0.03168	0.35331	0.011700	0.25589
8/11/2001 13:00	1.2401	0.0000	0.1961	0.21952	0.03168	0.32072	0.011700	0.26473
8/11/2001 14:00	1.2153	0.0000	0.1999	0.19927	0.03168	0.29567	0.011700	0.27964
8/11/2001 15:00	1.2003	0.0000	0.2056	0.20258	0.03168	0.30433	0.011700	0.29518
8/11/2001 16:00	1.1198	0.0000	0.1992	0.22779	0.03366	0.35098	0.011700	0.34915
8/11/2001 17:00	1.1157	0.0000	0.1972	0.28348	0.04356	0.43555	0.011700	0.42416
8/11/2001 18:00	1.0903	0.0000	0.1919	0.33652	0.07326	0.39348	0.041700	0.46051
8/11/2001 19:00	0.8498	0.0000	0.1485	0.34646	0.14255	0.31774	0.011700	0.47534
8/11/2001 20:00	0.6549	0.0000	0.1164	0.31513	0.24352	0.28125	0.011700	0.49168
8/11/2001 21:00	0.5332	0.0000	0.0963	0.27742	0.31282	0.26494	0.011700	0.48020
8/11/2001 22:00	0.4107	0.0000	0.0754	0.22080	0.23363	0.21327	0.011700	0.41555
8/11/2001 23:00	0.3201	0.0000	0.0592	0.16013	0.16235	0.14336	0.011700	0.36111
8/12/2001 00:00	0.2417	0.0000	0.0450	0.09409	0.08315	0.09397	0.011700	0.29869
8/12/2001 01:00	0.1447	0.0000	0.0271	0.03526	0.04950	0.06085	0.011700	0.27502
8/12/2001 02:00	0.1001	0.0000	0.0190	0.03526	0.03366	0.05488	0.011700	0.27183
8/12/2001 03:00	0.0676	0.0000	0.0130	0.03526	0.03366	0.05339	0.011700	0.26800
8/12/2001 04:00	0.0421	0.0000	0.0082	0.03526	0.03366	0.05750	0.011700	0.25788
8/12/2001 05:00	0.0481	0.0000	0.0092	0.03526	0.03564	0.06234	0.011700	0.28777
8/12/2001 06:00	0.0830	0.0000	0.0155	0.03526	0.05742	0.08360	0.011700	0.33249
8/12/2001 07:00	0.2235	0.0000	0.0410	0.03526	0.10097	0.11046	0.041700	0.35330
8/12/2001 08:00	0.4004	0.0000	0.0711	0.03526	0.07920	0.11642	0.011700	0.29869
8/12/2001 09:00	0.5923	0.0000	0.1021	0.03527	0.03960	0.12009	0.011700	0.25421
8/12/2001 10:00	0.7692	0.0000	0.1283	0.03527	0.03168	0.11046	0.011700	0.26019
8/12/2001 11:00	1.0291	0.0000	0.1694	0.03527	0.03168	0.12015	0.011700	0.26027
8/12/2001 12:00	1.0101	0.0000	0.1637	0.03527	0.03168	0.13245	0.011700	0.25589
8/12/2001 13:00	1.1138	0.0000	0.1780	0.03527	0.03168	0.11790	0.011700	0.26473
8/12/2001 14:00	1.1436	0.0000	0.1835	0.03527	0.03168	0.11426	0.011700	0.27964
8/12/2001 15:00	1.2116	0.0000	0.1953	0.03527	0.03168	0.13245	0.011700	0.29518
8/12/2001 16:00	1.2857	0.0000	0.2082	0.03527	0.03366	0.18393	0.011700	0.34915
8/12/2001 17:00	1.2651	0.0000	0.2102	0.03527	0.04356	0.26903	0.011700	0.42416
8/12/2001 18:00	1.2293	0.0000	0.2096	0.03527	0.07326	0.22534	0.041700	0.46051
8/12/2001 19:00	0.8333	0.0000	0.1457	0.03527	0.14255	0.14590	0.011700	0.47534
8/12/2001 20:00	0.6333	0.0000	0.1122	0.03527	0.24352	0.11010	0.011700	0.49168
8/12/2001 21:00	0.4928	0.0000	0.0886	0.03527	0.31282	0.09443	0.011700	0.48020
8/12/2001 22:00	0.3704	0.0000	0.0675	0.03527	0.23363	0.07921	0.011700	0.41555
8/12/2001 23:00	0.2812	0.0000	0.0516	0.03526	0.16235	0.06869	0.011700	0.36111
8/13/2001 00:00	0.2099	0.0000	0.0387	0.03526	0.08315	0.06198	0.011700	0.29869
8/13/2001 01:00	0.1624	0.0000	0.0302	0.03526	0.04950	0.06085	0.011700	0.27502
8/13/2001 02:00	0.1310	0.0000	0.0245	0.03526	0.03366	0.05488	0.011700	0.27183
8/13/2001 03:00	0.1094	0.0000	0.0206	0.03526	0.03366	0.05339	0.011700	0.26800
8/13/2001 04:00	0.0928	0.0000	0.0175	0.03526	0.03366	0.05750	0.011700	0.25788
8/13/2001 05:00	0.1048	0.0000	0.0195	0.03526	0.03564	0.06234	0.011700	0.28777
8/13/2001 06:00	0.1435	0.0000	0.0262	0.03526	0.05742	0.08360	0.011700	0.33249
8/13/2001 07:00	0.3192	0.0000	0.0574	0.03526	0.10097	0.11046	0.041700	0.35330
8/13/2001 08:00	0.4113	0.0000	0.0725	0.03526	0.07920	0.11642	0.011700	0.29869
8/13/2001 09:00	0.6618	0.0000	0.1142	0.03527	0.03960	0.12009	0.011700	0.25421
8/13/2001 10:00	0.7535	0.0000	0.1273	0.03527	0.03168	0.11046	0.011700	0.26019
8/13/2001 11:00	0.9407	0.0000	0.1595	0.03527	0.03168	0.12015	0.011700	0.26027
8/13/2001 12:00	0.8639	0.0000	0.1471	0.03527	0.03168	0.13245	0.011700	0.25589
8/13/2001 13:00	0.8778	0.0000	0.1500	0.03527	0.03168	0.11790	0.011700	0.26473
8/13/2001 14:00	0.8749	0.0000	0.1489	0.03527	0.03168	0.11426	0.011700	0.27964
8/13/2001 15:00	0.9260	0.0000	0.1571	0.03527	0.03168	0.13245	0.011700	0.29518
8/13/2001 16:00	0.9816	0.0000	0.1659	0.03527	0.03366	0.18393	0.011700	0.34915
8/13/2001 17:00	0.9437	0.0000	0.1629	0.03527	0.04356	0.26903	0.011700	0.42416
8/13/2001 18:00	0.8888	0.0000	0.1567	0.03527	0.07326	0.22534	0.041700	0.46051
8/13/2001 19:00	0.6331	0.0000	0.1139	0.03527	0.14255	0.14590	0.011700	0.47534
8/13/2001 20:00	0.5166	0.0000	0.0933	0.03527	0.24352	0.11010	0.011700	0.49168
8/13/2001 21:00	0.4416	0.0000	0.0800	0.03527	0.31282	0.09443	0.011700	0.48020
8/13/2001 22:00	0.3644	0.0000	0.0663	0.03527	0.23363	0.07921	0.011700	0.41555
8/13/2001 23:00	0.3049	0.0000	0.0554	0.03526	0.16235	0.06869	0.011700	0.36111
8/14/2001 00:00	0.2541	0.0000	0.0462	0.03526	0.08315	0.06198	0.011700	0.29869
8/14/2001 01:00	0.2250	0.0000	0.0409	0.03526	0.04950	0.06085	0.011700	0.27502
8/14/2001 02:00	0.2044	0.0000	0.0373	0.03526	0.03366	0.05488	0.011700	0.27183
8/14/2001 03:00	0.1925	0.0000	0.0352	0.03526	0.03366	0.05339	0.011700	0.26800
8/14/2001 04:00	0.1827	0.0000	0.0335	0.03526	0.03366	0.05750	0.011700	0.25788
8/14/2001 05:00	0.1754	0.0000	0.0326	0.03526	0.03564	0.06234	0.011700	0.28777
8/14/2001 06:00	0.1818	0.0000	0.0342	0.03526	0.05742	0.08360	0.011700	0.33249
8/14/2001 07:00	0.1660	0.0000	0.0316	0.03526	0.10097	0.11046	0.041700	0.35330
8/14/2001 08:00	0.1982	0.0000	0.0374	0.03526	0.07920	0.11642	0.011700	0.29869
8/14/2001 09:00	0.2297	0.0000	0.0432	0.03526	0.03960	0.12009	0.011700	0.25421
8/14/2001 10:00	0.2775	0.0000	0.0518	0.03526	0.03168	0.11046	0.011700	0.26019
8/14/2001 11:00	0.3810	0.0000	0.0706	0.03526	0.03168	0.12015	0.011700	0.26027
8/14/2001 12:00	0.4739	0.0000	0.0872	0.03527	0.03168	0.13245	0.011700	0.25589
8/14/2001 13:00	0.5119	0.0000	0.0935	0.03527	0.03168	0.11790	0.011700	0.26473
8/14/2001 14:00	0.5981	0.0000	0.1079	0.03527	0.03168	0.11426	0.011700	0.27964
8/14/2001 15:00	0.6555	0.0000	0.1167	0.03527	0.03168	0.13245	0.011700	0.29518
8/14/2001 16:00	0.7827	0.0000	0.1376	0.03527	0.03366	0.18393	0.011700	0.34915
8/14/2001 17:00	0.7768	0.0000	0.1381	0.03527	0.04356	0.26903	0.011700	0.42416
8/14/2001 18:00	0.7314	0.0000	0.1312	0.03527	0.07326	0.22534	0.041700	0.46051
8/14/2001 19:00	0.5541	0.0000	0.1005	0.03527	0.14255	0.14590	0.011700	0.47534
8/14/2001 20:00	0.4560	0.0000	0.0833	0.03527	0.24352	0.11010	0.011700	0.49168
8/14/2001 21:00	0.3839	0.0000	0.0705	0.03527	0.31282	0.09443	0.011700	0.48020
8/14/2001 22:00	0.2997	0.0000	0.0555	0.03527	0.23363	0.07921	0.011700	0.41555
8/14/2001 23:00	0.2401	0.0000	0.0443	0.03526	0.16235	0.06869	0.011700	0.36111
8/15/2001 00:00	0.1910	0.0000	0.0351	0.03526	0.08315	0.06198	0.011700	0.29869
8/15/2001 01:00	0.1667	0.0000	0.0305	0.03526	0.04950	0.06085	0.011700	0.27502
8/15/2001 02:00	0.1556	0.0000	0.0285	0.03526	0.03366	0.05488	0.011700	0.27183
8/15/2001 03:00	0.1523	0.0000	0.0279	0.03526	0.03366	0.05339	0.011700	0.26800
8/15/2001 04:00	0.1527	0.0000	0.0279	0.03526	0.03366	0.05750	0.011700	0.25788
8/15/2001 05:00	0.1582	0.0000	0.0292	0.03526	0.03564	0.06234	0.011700	0.28777
8/15/2001 06:00	0.1768	0.0000	0.0329	0.03526	0.05742	0.08360	0.011700	0.33249
8/15/2001 07:00	0.1846	0.0000	0.0347	0.03526	0.10097	0.11046	0.041700	0.35330
8/15/2001 08:00	0.2253	0.0000	0.0421	0.03526	0.07920	0.11642	0.011700	0.29869
8/15/2001 09:00	0.2653	0.0000	0.0493	0.03526	0.03960	0.12009	0.011700	0.25421
8/15/2001 10:00	0.3164	0.0000	0.0583	0.03526	0.03168	0.11046	0.011700	0.26019
8/15/2001 11:00	0.4855	0.0000	0.0875	0.03526	0.03168	0.12015	0.011700	0.26027
8/15/2001 12:00	0.6329	0.0000	0.1115	0.03527	0.03168	0.13245	0.011700	0.25589
8/15/2001 13:00	0.7805	0.0000	0.1343	0.03527	0.03168	0.11790	0.011700	0.26473
8/15/2001 14:00	0.8446	0.0000	0.1447	0.03527	0.03168	0.11426	0.011700	0.27964
8/15/2001 15:00	0.9593	0.0000	0.1641	0.03527	0.03168	0.13245	0.011700	0.29518
8/15/2001 16:00	0.9289	0.0000	0.1585	0.03527	0.03366	0.18393	0.011700	0.34915
8/15/2001 17:00	0.9521	0.0000	0.1646	0.03527	0.04356	0.26903	0.011700	0.42416
8/15/2001 18:00	0.8988	0.0000	0.1579	0.03527	0.07326	0.22534	0.041700	0.46051
8/15/2001 19:00	0.6663	0.0000	0.1186	0.03527	0.14255	0.14590	0.011700	0.47534
8/15/2001 20:00	0.5444	0.0000	0.0976	0.03527	0.24352	0.11010	0.011700	0.49168
8/15/2001 21:00	0.4609	0.0000	0.0831	0.03527	0.31282	0.09443	0.011700	0.48020
8/15/2001 22:00	0.3726	0.0000	0.0677	0.03527	0.23363	0.07921	0.011700	0.41555
8/15/2001 23:00	0.2984	0.0000	0.0546	0.03526	0.16235	0.06869	0.011700	0.36111
8/16/2001 00:00	0.2335	0.0000	0.0430	0.03526	0.08315	0.06198	0.011700	0.29869
8/16/2001 01:00	0.1880	0.0000	0.0348	0.03526	0.04950	0.06085	0.011700	0.27502
8/16/2001 02:00	0.1595	0.0000	0.0296	0.03526	0.03366	0.05488	0.011700	0.27183
8/16/2001 03:00	0.1418	0.0000	0.0264	0.03526	0.03366	0.05339	0.011700	0.26800
8/16/2001 04:00	0.1305	0.0000	0.0244	0.03526	0.03366	0.05750	0.011700	0.25788
8/16/2001 05:00	0.1380	0.0000	0.0256	0.03526	0.03564	0.06234	0.011700	0.28777
8/16/2001 06:00	0.1649	0.0000	0.0304	0.03526	0.05742	0.08360	0.011700	0.33249
8/16/2001 07:00	0.2679	0.0000	0.0490	0.03526	0.10097	0.11046	0.041700	0.35330
8/16/2001 08:00	0.3752	0.0000	0.0671	0.03526	0.07920	0.11642	0.011700	0.29869
8/16/2001 09:00	0.4799	0.0000	0.0839	0.03527	0.03960	0.12009	0.011700	0.25421
8/16/2001 10:00	0.6884	0.0000	0.1175	0.03527	0.03168	0.11046	0.011700	0.26019
8/16/2001 11:00	0.9403	0.0000	0.1577	0.03527	0.03168	0.12015	0.011700	0.26027
8/16/2001 12:00	0.9255	0.0000	0.1523	0.03527	0.03168	0.13245	0.011700	0.25589
8/16/2001 13:00	1.0152	0.0000	0.1641	0.03527	0.03168	0.11790	0.011700	0.26473
8/16/2001 14:00	1.0749	0.0000	0.1745	0.03527	0.03168	0.11426	0.011700	0.27964
8/16/2001 15:00	1.1289	0.0000	0.1837	0.03527	0.03168	0.13245	0.011700	0.29518
8/16/2001 16:00	1.1876	0.0000	0.1941	0.03527	0.03366	0.18393	0.011700	0.34915
8/16/2001 17:00	1.1669	0.0000	0.1950	0.03527	0.04356	0.26903	0.011700	0.42416
8/16/2001 18:00	1.1010	0.0000	0.1883	0.03527	0.07326	0.22534	0.041700	0.46051
8/16/2001 19:00	0.7661	0.0000	0.1339	0.03527	0.14255	0.14590	0.011700	0.47534
8/16/2001 20:00	0.5980	0.0000	0.1058	0.03527	0.24352	0.11010	0.011700	0.49168
8/16/2001 21:00	0.4771	0.0000	0.0857	0.03527	0.31282	0.09443	0.011700	0.48020
8/16/2001 22:00	0.3666	0.0000	0.0667	0.03527	0.23363	0.07921	0.011700	0.41555
8/16/2001 23:00	0.2825	0.0000	0.0518	0.03526	0.16235	0.06869	0.011700	0.36111
8/17/2001 00:00	0.2134	0.0000	0.0393	0.03526	0.08315	0.06198	0.011700	0.29869
8/17/2001 01:00	0.1662	0.0000	0.0308	0.03526	0.04950	0.06085	0.011700	0.27502
8/17/2001 02:00	0.1400	0.0000	0.0260	0.03526	0.03366	0.05488	0.011700	0.27183
8/17/2001 03:00	0.1237	0.0000	0.0229	0.03526	0.03366	0.05339	0.011700	0.26800
8/17/2001 04:00	0.1136	0.0000	0.0210	0.03526	0.03366	0.05750	0.011700	0.25788
8/17/2001 05:00	0.1233	0.0000	0.0227	0.03526	0.03564	0.06234	0.011700	0.28777
8/17/2001 06:00	0.1547	0.0000	0.0283	0.03526	0.05742	0.08360	0.011700	0.33249
8/17/2001 07:00	0.2751	0.0000	0.0500	0.03526	0.10097	0.11046	0.041700	0.35330
8/17/2001 08:00	0.4135	0.0000	0.0731	0.03526	0.07920	0.11642	0.011700	0.29869
8/17/2001 09:00	0.6158	0.0000	0.1058	0.03527	0.03960	0.12009	0.011700	0.25421
8/17/2001 10:00	0.8397	0.0000	0.1401	0.03527	0.03168	0.11046	0.011700	0.26019
8/17/2001 11:00	1.0037	0.0000	0.1668	0.03527	0.03168	0.12015	0.011700	0.26027
8/17/2001 12:00	0.9399	0.0000	0.1560	0.03527	0.03168	0.13245	0.011700	0.25589
8/17/2001 13:00	0.9677	0.0000	0.1599	0.03527	0.03168	0.11790	0.011700	0.26473
8/17/2001 14:00	1.0015	0.0000	0.1643	0.03527	0.03168	0.11426	0.011700	0.27964
8/17/2001 15:00	1.0981	0.0000	0.1791	0.03527	0.03168	0.13245	0.011700	0.29518
8/17/2001 16:00	1.2188	0.0000	0.1973	0.03527	0.03366	0.18393	0.011700	0.34915
8/17/2001 17:00	1.1745	0.0000	0.1951	0.03527	0.04356	0.26903	0.011700	0.42416
8/17/2001 18:00	1.1278	0.0000	0.1922	0.03527	0.07326	0.22534	0.041700	0.46051
8/17/2001 19:00	0.7691	0.0000	0.1344	0.03527	0.14255	0.14590	0.011700	0.47534
8/17/2001 20:00	0.6065	0.0000	0.1070	0.03527	0.24352	0.11010	0.011700	0.49168
8/17/2001 21:00	0.4928	0.0000	0.0880	0.03527	0.31282	0.09443	0.011700	0.48020
8/17/2001 22:00	0.3926	0.0000	0.0707	0.03527	0.23363	0.07921	0.011700	0.41555
8/17/2001 23:00	0.3177	0.0000	0.0574	0.03526	0.16235	0.06869	0.011700	0.36111
8/18/2001 00:00	0.2543	0.0000	0.0461	0.03526	0.08315	0.06198	0.011700	0.29869
8/18/2001 01:00	0.2138	0.0000	0.0389	0.03526	0.04950	0.06085	0.011700	0.27502
8/18/2001 02:00	0.1915	0.0000	0.0349	0.03526	0.03366	0.05488	0.011700	0.27183
8/18/2001 03:00	0.1792	0.0000	0.0326	0.03526	0.03366	0.05339	0.011700	0.26800
8/18/2001 04:00	0.1744	0.0000	0.0317	0.03526	0.03366	0.05750	0.011700	0.25788
8/18/2001 05:00	0.1870	0.0000	0.0339	0.03526	0.03564	0.06234	0.011700	0.28777
8/18/2001 06:00	0.2181	0.0000	0.0394	0.03526	0.05742	0.08360	0.011700	0.33249
8/18/2001 07:00	0.3205	0.0000	0.0576	0.03526	0.10097	0.11046	0.041700	0.35330
8/18/2001 08:00	0.4390	0.0000	0.0768	0.03526	0.07920	0.11642	0.011700	0.29869
8/18/2001 09:00	0.6085	0.0000	0.1036	0.03527	0.03960	0.12009	0.011700	0.25421
8/18/2001 10:00	0.7952	0.0000	0.1315	0.03527	0.03168	0.11046	0.011700	0.26019
8/18/2001 11:00	1.0680	0.0000	0.1745	0.03527	0.03168	0.12015	0.011700	0.26027
8/18/2001 12:00	1.0288	0.0000	0.1665	0.03527	0.03168	0.13245	0.011700	0.25589
8/18/2001 13:00	1.1244	0.0000	0.1798	0.03527	0.03168	0.11790	0.011700	0.26473
8/18/2001 14:00	1.0211	0.0000	0.1711	0.03527	0.03168	0.11426	0.011700	0.27964
8/18/2001 15:00	0.9104	0.0000	0.1597	0.03527	0.03168	0.13245	0.011700	0.29518
8/18/2001 16:00	0.7060	0.0000	0.1293	0.03527	0.03366	0.18393	0.011700	0.34915
8/18/2001 17:00	0.6501	0.0000	0.1199	0.03527	0.04356	0.26903	0.011700	0.42416
8/18/2001 18:00	0.5390	0.0000	0.1002	0.03527	0.07326	0.22534	0.041700	0.46051
8/18/2001 19:00	0.4246	0.0000	0.0795	0.03527	0.14255	0.14590	0.011700	0.47534
8/18/2001 20:00	0.3680	0.0000	0.0689	0.03527	0.24352	0.11010	0.011700	0.49168
8/18/2001 21:00	0.3285	0.0000	0.0615	0.03527	0.31282	0.09443	0.011700	0.48020
8/18/2001 22:00	0.2738	0.0000	0.0513	0.03526	0.23363	0.07921	0.011700	0.41555
8/18/2001 23:00	0.2216	0.0000	0.0416	0.03526	0.16235	0.06869	0.011700	0.36111
8/19/2001 00:00	0.1740	0.0000	0.0327	0.03526	0.08315	0.06198	0.011700	0.29869
8/19/2001 01:00	0.1882	0.0000	0.0355	0.06683	0.04950	0.08360	0.011700	0.27502
8/19/2001 02:00	0.1727	0.0000	0.0327	0.05841	0.03366	0.07003	0.011700	0.27183
8/19/2001 03:00	0.1601	0.0000	0.0304	0.06084	0.03366	0.06144	0.011700	0.26800
8/19/2001 04:00	0.1523	0.0000	0.0290	0.08695	0.03366	0.07269	0.011700	0.25788
8/19/2001 05:00	0.1667	0.0000	0.0317	0.20301	0.03564	0.08648	0.011700	0.28777
8/19/2001 06:00	0.2062	0.0000	0.0392	0.41954	0.05742	0.14521	0.011700	0.33249
8/19/2001 07:00	0.2127	0.0000	0.0404	0.47634	0.10097	0.23148	0.041700	0.35330
8/19/2001 08:00	0.2408	0.0000	0.0457	0.46015	0.07920	0.30375	0.011700	0.29869
8/19/2001 09:00	0.2630	0.0000	0.0499	0.41036	0.03960	0.37753	0.011700	0.25421
8/19/2001 10:00	0.3390	0.0000	0.0643	0.35263	0.03168	0.39871	0.011700	0.26019
8/19/2001 11:00	0.4549	0.0000	0.0854	0.30204	0.03168	0.41558	0.011700	0.26027
8/19/2001 12:00	0.5500	0.0000	0.1025	0.26335	0.03168	0.40112	0.011700	0.25589
8/19/2001 13:00	0.6240	0.0000	0.1151	0.24083	0.03168	0.36431	0.011700	0.26473
8/19/2001 14:00	0.6622	0.0000	0.1218	0.21857	0.03168	0.33480	0.011700	0.27964
8/19/2001 15:00	0.6751	0.0000	0.1238	0.22196	0.03168	0.34138	0.011700	0.29518
8/19/2001 16:00	0.6769	0.0000	0.1238	0.25170	0.03366	0.38690	0.011700	0.34915
8/19/2001 17:00	0.6599	0.0000	0.1220	0.31293	0.04356	0.47090	0.011700	0.42416
8/19/2001 18:00	0.6227	0.0000	0.1162	0.37500	0.07326	0.42779	0.041700	0.46051
8/19/2001 19:00	0.5093	0.0000	0.0960	0.38940	0.14255	0.35199	0.011700	0.47534
8/19/2001 20:00	0.4228	0.0000	0.0800	0.35566	0.24352	0.31611	0.011700	0.49168
8/19/2001 21:00	0.3705	0.0000	0.0703	0.31128	0.31282	0.30055	0.011700	0.48020
8/19/2001 22:00	0.2977	0.0000	0.0567	0.24750	0.23363	0.24157	0.011700	0.41555
8/19/2001 23:00	0.2285	0.0000	0.0438	0.17701	0.16235	0.15890	0.011700	0.36111
8/20/2001 00:00	0.1659	0.0000	0.0320	0.10047	0.08315	0.10055	0.011700	0.29869
8/20/2001 01:00	0.1238	0.0000	0.0240	0.06690	0.04950	0.08360	0.011700	0.27502
8/20/2001 02:00	0.0951	0.0000	0.0186	0.05846	0.03366	0.07003	0.011700	0.27183
8/20/2001 03:00	0.0707	0.0000	0.0139	0.06090	0.03366	0.06144	0.011700	0.26800
8/20/2001 04:00	0.0520	0.0000	0.0103	0.08707	0.03366	0.07269	0.011700	0.25788
8/20/2001 05:00	0.0581	0.0000	0.0115	0.20337	0.03564	0.08648	0.011700	0.28777
8/20/2001 06:00	0.0897	0.0000	0.0178	0.42038	0.05742	0.14521	0.011700	0.33249
8/20/2001 07:00	0.0427	0.0000	0.0084	0.47732	0.10097	0.23148	0.041700	0.35330
8/20/2001 08:00	0.1232	0.0000	0.0239	0.46111	0.07920	0.30375	0.011700	0.29869
8/20/2001 09:00	0.1782	0.0000	0.0337	0.41122	0.03960	0.37753	0.011700	0.25421
8/20/2001 10:00	0.3251	0.0000	0.0600	0.35338	0.03168	0.39871	0.011700	0.26019
8/20/2001 11:00	0.5036	0.0000	0.0915	0.30267	0.03168	0.41558	0.011700	0.26027
8/20/2001 12:00	0.5710	0.0000	0.1020	0.26389	0.03168	0.40112	0.011700	0.25589
8/20/2001 13:00	0.6960	0.0000	0.1223	0.24132	0.03168	0.36431	0.011700	0.26473
8/20/2001 14:00	0.8072	0.0000	0.1410	0.21901	0.03168	0.33480	0.011700	0.27964
8/20/2001 15:00	0.8946	0.0000	0.1555	0.22240	0.03168	0.34138	0.011700	0.29518
8/20/2001 16:00	0.9616	0.0000	0.1660	0.25221	0.03366	0.38690	0.011700	0.34915
8/20/2001 17:00	0.9244	0.0000	0.1630	0.31356	0.04356	0.47090	0.011700	0.42416
8/20/2001 18:00	0.8362	0.0000	0.1505	0.37575	0.07326	0.42779	0.041700	0.46051
8/20/2001 19:00	0.6049	0.0000	0.1111	0.39017	0.14255	0.35199	0.011700	0.47534
8/20/2001 20:00	0.4840	0.0000	0.0902	0.35636	0.24352	0.31611	0.011700	0.49168
8/20/2001 21:00	0.4023	0.0000	0.0760	0.31189	0.31282	0.30055	0.011700	0.48020
8/20/2001 22:00	0.3134	0.0000	0.0600	0.24797	0.23363	0.24157	0.011700	0.41555
8/20/2001 23:00	0.2356	0.0000	0.0455	0.17732	0.16235	0.15890	0.011700	0.36111
8/21/2001 00:00	0.1642	0.0000	0.0320	0.10062	0.08315	0.10055	0.011700	0.29869
8/21/2001 01:00	0.1158	0.0000	0.0227	0.06413	0.04950	0.07966	0.011700	0.27502
8/21/2001 02:00	0.0000	0.0000	0.0000	0.05635	0.03366	0.06742	0.011700	0.27183
8/21/2001 03:00	0.0000	0.0000	0.0000	0.05974	0.03366	0.06007	0.011700	0.26800
8/21/2001 04:00	0.0000	0.0000	0.0000	0.08388	0.03366	0.07002	0.011700	0.25788
8/21/2001 05:00	0.0000	0.0000	0.0000	0.19104	0.03564	0.08238	0.011700	0.28777
8/21/2001 06:00	0.0000	0.0000	0.0000	0.38984	0.05742	0.13459	0.011700	0.33249
8/21/2001 07:00	0.0000	0.0000	0.0000	0.44073	0.10097	0.21032	0.041700	0.35330
8/21/2001 08:00	0.0000	0.0000	0.0000	0.42367	0.07920	0.27132	0.011700	0.29869
8/21/2001 09:00	0.2220	0.0000	0.0407	0.37647	0.03960	0.33250	0.011700	0.25421
8/21/2001 10:00	0.4479	0.0000	0.0785	0.32386	0.03168	0.34779	0.011700	0.26019
8/21/2001 11:00	0.6925	0.0000	0.1200	0.27837	0.03168	0.36309	0.011700	0.26027
8/21/2001 12:00	0.8228	0.0000	0.1410	0.24292	0.03168	0.35331	0.011700	0.25589
8/21/2001 13:00	0.9124	0.0000	0.1550	0.22314	0.03168	0.32072	0.011700	0.26473
8/21/2001 14:00	0.9575	0.0000	0.1628	0.20250	0.03168	0.29567	0.011700	0.27964
8/21/2001 15:00	0.9886	0.0000	0.1682	0.20585	0.03168	0.30433	0.011700	0.29518
8/21/2001 16:00	1.0641	0.0000	0.1812	0.23152	0.03366	0.35098	0.011700	0.34915
8/21/2001 17:00	1.0626	0.0000	0.1849	0.28816	0.04356	0.43555	0.011700	0.42416
8/21/2001 18:00	0.9687	0.0000	0.1721	0.34204	0.07326	0.39348	0.041700	0.46051
8/21/2001 19:00	0.6898	0.0000	0.1251	0.35209	0.14255	0.31774	0.011700	0.47534
8/21/2001 20:00	0.5421	0.0000	0.0995	0.32026	0.24352	0.28125	0.011700	0.49168
8/21/2001 21:00	0.4415	0.0000	0.0822	0.28192	0.31282	0.26494	0.011700	0.48020
8/21/2001 22:00	0.3403	0.0000	0.0641	0.22424	0.23363	0.21327	0.011700	0.41555
8/21/2001 23:00	0.2604	0.0000	0.0494	0.16241	0.16235	0.14336	0.011700	0.36111
8/22/2001 00:00	0.1926	0.0000	0.0367	0.09517	0.08315	0.09397	0.011700	0.29869
8/22/2001 01:00	0.0000	0.0000	0.0000	0.06420	0.04950	0.07966	0.011700	0.27502
8/22/2001 02:00	0.0834	0.0000	0.0161	0.05678	0.03366	0.06742	0.011700	0.27183
8/22/2001 03:00	0.1105	0.0000	0.0212	0.05870	0.03366	0.06007	0.011700	0.26800
8/22/2001 04:00	0.0950	0.0000	0.0183	0.08256	0.03366	0.07002	0.011700	0.25788
8/22/2001 05:00	0.1151	0.0000	0.0219	0.18998	0.03564	0.08238	0.011700	0.28777
8/22/2001 06:00	0.1597	0.0000	0.0303	0.38954	0.05742	0.13459	0.011700	0.33249
8/22/2001 07:00	0.1702	0.0000	0.0321	0.44061	0.10097	0.21032	0.041700	0.35330
8/22/2001 08:00	0.2615	0.0000	0.0480	0.42342	0.07920	0.27132	0.011700	0.29869
8/22/2001 09:00	0.4919	0.0000	0.0879	0.37720	0.03960	0.33250	0.011700	0.25421
8/22/2001 10:00	0.7114	0.0000	0.1234	0.32458	0.03168	0.34779	0.011700	0.26019
8/22/2001 11:00	0.9699	0.0000	0.1655	0.27899	0.03168	0.36309	0.011700	0.26027
8/22/2001 12:00	0.9882	0.0000	0.1655	0.24346	0.03168	0.35331	0.011700	0.25589
8/22/2001 13:00	1.0744	0.0000	0.1770	0.22362	0.03168	0.32072	0.011700	0.26473
8/22/2001 14:00	1.1276	0.0000	0.1852	0.20292	0.03168	0.29567	0.011700	0.27964
8/22/2001 15:00	1.2012	0.0000	0.1967	0.20627	0.03168	0.30433	0.011700	0.29518
8/22/2001 16:00	1.2805	0.0000	0.2090	0.23201	0.03366	0.35098	0.011700	0.34915
8/22/2001 17:00	1.2812	0.0000	0.2126	0.28877	0.04356	0.43555	0.011700	0.42416
8/22/2001 18:00	1.2868	0.0000	0.2166	0.34276	0.07326	0.39348	0.041700	0.46051
8/22/2001 19:00	0.9134	0.0000	0.1563	0.35283	0.14255	0.31774	0.011700	0.47534
8/22/2001 20:00	0.6890	0.0000	0.1218	0.32093	0.24352	0.28125	0.011700	0.49168
8/22/2001 21:00	0.5258	0.0000	0.0958	0.28252	0.31282	0.26494	0.011700	0.48020
8/22/2001 22:00	0.3782	0.0000	0.0710	0.22469	0.23363	0.21327	0.011700	0.41555
8/22/2001 23:00	0.2892	0.0000	0.0543	0.16271	0.16235	0.14336	0.011700	0.36111
8/23/2001 00:00	0.2184	0.0000	0.0410	0.09531	0.08315	0.09397	0.011700	0.29869
8/23/2001 01:00	0.1770	0.0000	0.0332	0.06428	0.04950	0.07966	0.011700	0.27502
8/23/2001 02:00	0.1456	0.0000	0.0275	0.05645	0.03366	0.06742	0.011700	0.27183
8/23/2001 03:00	0.1210	0.0000	0.0231	0.05875	0.03366	0.06007	0.011700	0.26800
8/23/2001 04:00	0.0000	0.0000	0.0000	0.08268	0.03366	0.07002	0.011700	0.25788
8/23/2001 05:00	0.0000	0.0000	0.0000	0.19051	0.03564	0.08238	0.011700	0.28777
8/23/2001 06:00	0.0224	0.0000	0.0043	0.39053	0.05742	0.13459	0.011700	0.33249
8/23/2001 07:00	0.0912	0.0000	0.0173	0.44162	0.10097	0.21032	0.041700	0.35330
8/23/2001 08:00	0.4777	0.0000	0.0874	0.42441	0.07920	0.27132	0.011700	0.29869
8/23/2001 09:00	0.6797	0.0000	0.1196	0.37808	0.03960	0.33250	0.011700	0.25421
8/23/2001 10:00	0.9116	0.0000	0.1546	0.32535	0.03168	0.34779	0.011700	0.26019
8/23/2001 11:00	1.1547	0.0000	0.1931	0.27964	0.03168	0.36309	0.011700	0.26027
8/23/2001 12:00	1.1115	0.0000	0.1835	0.24401	0.03168	0.35331	0.011700	0.25589
8/23/2001 13:00	1.1815	0.0000	0.1922	0.22412	0.03168	0.32072	0.011700	0.26473
8/23/2001 14:00	1.2031	0.0000	0.1967	0.20337	0.03168	0.29567	0.011700	0.27964
8/23/2001 15:00	1.2586	0.0000	0.2067	0.20672	0.03168	0.30433	0.011700	0.29518
8/23/2001 16:00	1.3236	0.0000	0.2185	0.23252	0.03366	0.35098	0.011700	0.34915
8/23/2001 17:00	1.3039	0.0000	0.2208	0.28941	0.04356	0.43555	0.011700	0.42416
8/23/2001 18:00	1.1868	0.0000	0.2062	0.34352	0.07326	0.39348	0.041700	0.46051
8/23/2001 19:00	0.8159	0.0000	0.1453	0.35360	0.14255	0.31774	0.011700	0.47534
8/23/2001 20:00	0.6321	0.0000	0.1140	0.32163	0.24352	0.28125	0.011700	0.49168
8/23/2001 21:00	0.5085	0.0000	0.0931	0.28313	0.31282	0.26494	0.011700	0.48020
8/23/2001 22:00	0.3946	0.0000	0.0732	0.22516	0.23363	0.21327	0.011700	0.41555
8/23/2001 23:00	0.3112	0.0000	0.0579	0.16302	0.16235	0.14336	0.011700	0.36111
8/24/2001 00:00	0.2406	0.0000	0.0449	0.09546	0.08315	0.09397	0.011700	0.29869
8/24/2001 01:00	0.1966	0.0000	0.0368	0.06435	0.04950	0.07966	0.011700	0.27502
8/24/2001 02:00	0.1753	0.0000	0.0327	0.05651	0.03366	0.06742	0.011700	0.27183
8/24/2001 03:00	0.1656	0.0000	0.0308	0.05881	0.03366	0.06007	0.011700	0.26800
8/24/2001 04:00	0.1652	0.0000	0.0306	0.08280	0.03366	0.07002	0.011700	0.25788
8/24/2001 05:00	0.1840	0.0000	0.0341	0.19076	0.03564	0.08238	0.011700	0.28777
8/24/2001 06:00	0.2267	0.0000	0.0419	0.39131	0.05742	0.13459	0.011700	0.33249
8/24/2001 07:00	0.2740	0.0000	0.0507	0.44268	0.10097	0.21032	0.041700	0.35330
8/24/2001 08:00	0.2730	0.0000	0.0501	0.42544	0.07920	0.27132	0.011700	0.29869
8/24/2001 09:00	0.3681	0.0000	0.0672	0.37900	0.03960	0.33250	0.011700	0.25421
8/24/2001 10:00	0.4313	0.0000	0.0781	0.32613	0.03168	0.34779	0.011700	0.26019
8/24/2001 11:00	0.5636	0.0000	0.1020	0.28030	0.03168	0.36309	0.011700	0.26027
8/24/2001 12:00	0.6112	0.0000	0.1106	0.24458	0.03168	0.35331	0.011700	0.25589
8/24/2001 13:00	0.6815	0.0000	0.1233	0.22463	0.03168	0.32072	0.011700	0.26473
8/24/2001 14:00	0.6887	0.0000	0.1251	0.20382	0.03168	0.29567	0.011700	0.27964
8/24/2001 15:00	0.6980	0.0000	0.1270	0.20719	0.03168	0.30433	0.011700	0.29518
8/24/2001 16:00	0.6809	0.0000	0.1244	0.23305	0.03366	0.35098	0.011700	0.34915
8/24/2001 17:00	0.6738	0.0000	0.1232	0.29008	0.04356	0.43555	0.011700	0.42416
8/24/2001 18:00	0.6579	0.0000	0.1203	0.34431	0.07326	0.39348	0.041700	0.46051
8/24/2001 19:00	0.5459	0.0000	0.0999	0.35441	0.14255	0.31774	0.011700	0.47534
8/24/2001 20:00	0.4881	0.0000	0.0896	0.32236	0.24352	0.28125	0.011700	0.49168
8/24/2001 21:00	0.4455	0.0000	0.0821	0.28378	0.31282	0.26494	0.011700	0.48020
8/24/2001 22:00	0.3792	0.0000	0.0701	0.22566	0.23363	0.21327	0.011700	0.41555
8/24/2001 23:00	0.3226	0.0000	0.0596	0.16334	0.16235	0.14336	0.011700	0.36111
8/25/2001 00:00	0.2709	0.0000	0.0501	0.09561	0.08315	0.09397	0.011700	0.29869
8/25/2001 01:00	0.2427	0.0000	0.0448	0.06444	0.04950	0.07966	0.011700	0.27502
8/25/2001 02:00	0.2078	0.0000	0.0388	0.05657	0.03366	0.06742	0.011700	0.27183
8/25/2001 03:00	0.1726	0.0000	0.0327	0.05888	0.03366	0.06007	0.011700	0.26800
8/25/2001 04:00	0.1441	0.0000	0.0275	0.08293	0.03366	0.07002	0.011700	0.25788
8/25/2001 05:00	0.1539	0.0000	0.0292	0.19117	0.03564	0.08238	0.011700	0.28777
8/25/2001 06:00	0.1950	0.0000	0.0366	0.39225	0.05742	0.13459	0.011700	0.33249
8/25/2001 07:00	0.2309	0.0000	0.0430	0.44378	0.10097	0.21032	0.041700	0.35330
8/25/2001 08:00	0.2755	0.0000	0.0503	0.42651	0.07920	0.27132	0.011700	0.29869
8/25/2001 09:00	0.3831	0.0000	0.0685	0.37996	0.03960	0.33250	0.011700	0.25421
8/25/2001 10:00	0.6304	0.0000	0.1105	0.32696	0.03168	0.34779	0.011700	0.26019
8/25/2001 11:00	0.8669	0.0000	0.1501	0.28100	0.03168	0.36309	0.011700	0.26027
8/25/2001 12:00	0.8773	0.0000	0.1497	0.24519	0.03168	0.35331	0.011700	0.25589
8/25/2001 13:00	0.9513	0.0000	0.1602	0.22517	0.03168	0.32072	0.011700	0.26473
8/25/2001 14:00	0.9218	0.0000	0.1597	0.20430	0.03168	0.29567	0.011700	0.27964
8/25/2001 15:00	0.8861	0.0000	0.1575	0.20767	0.03168	0.30433	0.011700	0.29518
8/25/2001 16:00	0.7877	0.0000	0.1438	0.23360	0.03366	0.35098	0.011700	0.34915
8/25/2001 17:00	0.7174	0.0000	0.1307	0.29078	0.04356	0.43555	0.011700	0.42416
8/25/2001 18:00	0.6761	0.0000	0.1230	0.34513	0.07326	0.39348	0.041700	0.46051
8/25/2001 19:00	0.5629	0.0000	0.1021	0.35524	0.14255	0.31774	0.011700	0.47534
8/25/2001 20:00	0.5038	0.0000	0.0917	0.32312	0.24352	0.28125	0.011700	0.49168
8/25/2001 21:00	0.4626	0.0000	0.0843	0.28445	0.31282	0.26494	0.011700	0.48020
8/25/2001 22:00	0.3991	0.0000	0.0730	0.22617	0.23363	0.21327	0.011700	0.41555
8/25/2001 23:00	0.3312	0.0000	0.0610	0.16368	0.16235	0.14336	0.011700	0.36111
8/26/2001 00:00	0.2662	0.0000	0.0493	0.09577	0.08315	0.09397	0.011700	0.29869
8/26/2001 01:00	0.2212	0.0000	0.0413	0.06741	0.04950	0.08360	0.011700	0.27502
8/26/2001 02:00	0.1944	0.0000	0.0364	0.05882	0.03366	0.07003	0.011700	0.27183
8/26/2001 03:00	0.1798	0.0000	0.0337	0.06130	0.03366	0.06144	0.011700	0.26800
8/26/2001 04:00	0.1723	0.0000	0.0324	0.08789	0.03366	0.07269	0.011700	0.25788
8/26/2001 05:00	0.1897	0.0000	0.0355	0.20593	0.03564	0.08648	0.011700	0.28777
8/26/2001 06:00	0.2320	0.0000	0.0433	0.42621	0.05742	0.14521	0.011700	0.33249
8/26/2001 07:00	0.2641	0.0000	0.0492	0.48417	0.10097	0.23148	0.041700	0.35330
8/26/2001 08:00	0.2812	0.0000	0.0518	0.46784	0.07920	0.30375	0.011700	0.29869
8/26/2001 09:00	0.3409	0.0000	0.0623	0.41730	0.03960	0.37753	0.011700	0.25421
8/26/2001 10:00	0.4046	0.0000	0.0731	0.35860	0.03168	0.39871	0.011700	0.26019
8/26/2001 11:00	0.6118	0.0000	0.1084	0.30709	0.03168	0.41558	0.011700	0.26027
8/26/2001 12:00	0.7158	0.0000	0.1244	0.26770	0.03168	0.40112	0.011700	0.25589
8/26/2001 13:00	0.8761	0.0000	0.1492	0.24472	0.03168	0.36431	0.011700	0.26473
8/26/2001 14:00	0.9133	0.0000	0.1599	0.22204	0.03168	0.33480	0.011700	0.27964
8/26/2001 15:00	0.9124	0.0000	0.1638	0.22546	0.03168	0.34138	0.011700	0.29518
8/26/2001 16:00	0.8898	0.0000	0.1640	0.25571	0.03366	0.38690	0.011700	0.34915
8/26/2001 17:00	0.8716	0.0000	0.1598	0.31793	0.04356	0.47090	0.011700	0.42416
8/26/2001 18:00	0.8469	0.0000	0.1546	0.38094	0.07326	0.42779	0.041700	0.46051
8/26/2001 19:00	0.6623	0.0000	0.1202	0.39552	0.14255	0.35199	0.011700	0.47534
8/26/2001 20:00	0.5524	0.0000	0.1006	0.36126	0.24352	0.31611	0.011700	0.49168
8/26/2001 21:00	0.4781	0.0000	0.0872	0.31618	0.31282	0.30055	0.011700	0.48020
8/26/2001 22:00	0.3962	0.0000	0.0726	0.25126	0.23363	0.24157	0.011700	0.41555
8/26/2001 23:00	0.3157	0.0000	0.0584	0.17948	0.16235	0.15890	0.011700	0.36111
8/27/2001 00:00	0.2429	0.0000	0.0453	0.10162	0.08315	0.10055	0.011700	0.29869
8/27/2001 01:00	0.1910	0.0000	0.0360	0.06751	0.04950	0.08360	0.011700	0.27502
8/27/2001 02:00	0.1636	0.0000	0.0308	0.05889	0.03366	0.07003	0.011700	0.27183
8/27/2001 03:00	0.1473	0.0000	0.0277	0.06138	0.03366	0.06144	0.011700	0.26800
8/27/2001 04:00	0.1388	0.0000	0.0261	0.08804	0.03366	0.07269	0.011700	0.25788
8/27/2001 05:00	0.1546	0.0000	0.0290	0.20641	0.03564	0.08648	0.011700	0.28777
8/27/2001 06:00	0.1972	0.0000	0.0369	0.42731	0.05742	0.14521	0.011700	0.33249
8/27/2001 07:00	0.2748	0.0000	0.0512	0.48547	0.10097	0.23148	0.041700	0.35330
8/27/2001 08:00	0.4289	0.0000	0.0774	0.46911	0.07920	0.30375	0.011700	0.29869
8/27/2001 09:00	0.5907	0.0000	0.1031	0.41845	0.03960	0.37753	0.011700	0.25421
8/27/2001 10:00	0.7999	0.0000	0.1347	0.35959	0.03168	0.39871	0.011700	0.26019
8/27/2001 11:00	1.0147	0.0000	0.1703	0.30793	0.03168	0.41558	0.011700	0.26027
8/27/2001 12:00	0.9671	0.0000	0.1617	0.26842	0.03168	0.40112	0.011700	0.25589
8/27/2001 13:00	1.0183	0.0000	0.1696	0.24536	0.03168	0.36431	0.011700	0.26473
8/27/2001 14:00	1.0354	0.0000	0.1732	0.22262	0.03168	0.33480	0.011700	0.27964
8/27/2001 15:00	1.0912	0.0000	0.1833	0.22604	0.03168	0.34138	0.011700	0.29518
8/27/2001 16:00	1.1565	0.0000	0.1951	0.25638	0.03366	0.38690	0.011700	0.34915
8/27/2001 17:00	1.1544	0.0000	0.1975	0.31876	0.04356	0.47090	0.011700	0.42416
8/27/2001 18:00	1.1402	0.0000	0.1982	0.38193	0.07326	0.42779	0.041700	0.46051
8/27/2001 19:00	0.8133	0.0000	0.1433	0.39653	0.14255	0.35199	0.011700	0.47534
8/27/2001 20:00	0.6464	0.0000	0.1154	0.36219	0.24352	0.31611	0.011700	0.49168
8/27/2001 21:00	0.5297	0.0000	0.0959	0.31699	0.31282	0.30055	0.011700	0.48020
8/27/2001 22:00	0.4181	0.0000	0.0767	0.25188	0.23363	0.24157	0.011700	0.41555
8/27/2001 23:00	0.3304	0.0000	0.0610	0.17989	0.16235	0.15890	0.011700	0.36111
8/28/2001 00:00	0.2539	0.0000	0.0472	0.10181	0.08315	0.10055	0.011700	0.29869
8/28/2001 01:00	0.2033	0.0000	0.0380	0.06469	0.04950	0.07966	0.011700	0.27502
8/28/2001 02:00	0.1685	0.0000	0.0317	0.05675	0.03366	0.06742	0.011700	0.27183
8/28/2001 03:00	0.1445	0.0000	0.0273	0.05908	0.03366	0.06007	0.011700	0.26800
8/28/2001 04:00	0.1262	0.0000	0.0240	0.08335	0.03366	0.07002	0.011700	0.25788
8/28/2001 05:00	0.1409	0.0000	0.0265	0.19250	0.03564	0.08238	0.011700	0.28777
8/28/2001 06:00	0.1832	0.0000	0.0342	0.39527	0.05742	0.13459	0.011700	0.33249
8/28/2001 07:00	0.2645	0.0000	0.0489	0.44731	0.10097	0.21032	0.041700	0.35330
8/28/2001 08:00	0.3914	0.0000	0.0702	0.42994	0.07920	0.27132	0.011700	0.29869
8/28/2001 09:00	0.6217	0.0000	0.1082	0.38305	0.03960	0.33250	0.011700	0.25421
8/28/2001 10:00	0.8026	0.0000	0.1353	0.32961	0.03168	0.34779	0.011700	0.26019
8/28/2001 11:00	1.0452	0.0000	0.1748	0.28325	0.03168	0.36309	0.011700	0.26027
8/28/2001 12:00	1.0061	0.0000	0.1674	0.24712	0.03168	0.35331	0.011700	0.25589
8/28/2001 13:00	1.0518	0.0000	0.1736	0.22690	0.03168	0.32072	0.011700	0.26473
8/28/2001 14:00	1.0785	0.0000	0.1788	0.20585	0.03168	0.29567	0.011700	0.27964
8/28/2001 15:00	1.1254	0.0000	0.1871	0.20923	0.03168	0.30433	0.011700	0.29518
8/28/2001 16:00	1.1799	0.0000	0.1970	0.23538	0.03366	0.35098	0.011700	0.34915
8/28/2001 17:00	1.1760	0.0000	0.2006	0.29301	0.04356	0.43555	0.011700	0.42416
8/28/2001 18:00	1.1116	0.0000	0.1941	0.34776	0.07326	0.39348	0.041700	0.46051
8/28/2001 19:00	0.7770	0.0000	0.1385	0.35793	0.14255	0.31774	0.011700	0.47534
8/28/2001 20:00	0.5975	0.0000	0.1087	0.32557	0.24352	0.28125	0.011700	0.49168
8/28/2001 21:00	0.4716	0.0000	0.0875	0.28660	0.31282	0.26494	0.011700	0.48020
8/28/2001 22:00	0.3531	0.0000	0.0667	0.22781	0.23363	0.21327	0.011700	0.41555
8/28/2001 23:00	0.2683	0.0000	0.0509	0.16477	0.16235	0.14336	0.011700	0.36111
8/29/2001 00:00	0.1999	0.0000	0.0380	0.09629	0.08315	0.09397	0.011700	0.29869
8/29/2001 01:00	0.1588	0.0000	0.0303	0.06479	0.04950	0.07966	0.011700	0.27502
8/29/2001 02:00	0.1397	0.0000	0.0265	0.05681	0.03366	0.06742	0.011700	0.27183
8/29/2001 03:00	0.1314	0.0000	0.0249	0.05915	0.03366	0.06007	0.011700	0.26800
8/29/2001 04:00	0.1307	0.0000	0.0246	0.08350	0.03366	0.07002	0.011700	0.25788
8/29/2001 05:00	0.1451	0.0000	0.0274	0.19297	0.03564	0.08238	0.011700	0.28777
8/29/2001 06:00	0.1809	0.0000	0.0343	0.39635	0.05742	0.13459	0.011700	0.33249
8/29/2001 07:00	0.1859	0.0000	0.0353	0.44857	0.10097	0.21032	0.041700	0.35330
8/29/2001 08:00	0.2533	0.0000	0.0466	0.43117	0.07920	0.27132	0.011700	0.29869
8/29/2001 09:00	0.4278	0.0000	0.0763	0.38415	0.03960	0.33250	0.011700	0.25421
8/29/2001 10:00	0.6567	0.0000	0.1130	0.33055	0.03168	0.34779	0.011700	0.26019
8/29/2001 11:00	0.9393	0.0000	0.1595	0.28405	0.03168	0.36309	0.011700	0.26027
8/29/2001 12:00	0.9822	0.0000	0.1643	0.24781	0.03168	0.35331	0.011700	0.25589
8/29/2001 13:00	1.1268	0.0000	0.1859	0.22752	0.03168	0.32072	0.011700	0.26473
8/29/2001 14:00	1.1475	0.0000	0.1909	0.20640	0.03168	0.29567	0.011700	0.27964
8/29/2001 15:00	1.1768	0.0000	0.1970	0.20979	0.03168	0.30433	0.011700	0.29518
8/29/2001 16:00	1.1264	0.0000	0.1901	0.23601	0.03366	0.35098	0.011700	0.34915
8/29/2001 17:00	1.0536	0.0000	0.1817	0.29380	0.04356	0.43555	0.011700	0.42416
8/29/2001 18:00	0.9831	0.0000	0.1731	0.34870	0.07326	0.39348	0.041700	0.46051
8/29/2001 19:00	0.6932	0.0000	0.1246	0.35889	0.14255	0.31774	0.011700	0.47534
8/29/2001 20:00	0.5566	0.0000	0.1011	0.32644	0.24352	0.28125	0.011700	0.49168
8/29/2001 21:00	0.4643	0.0000	0.0852	0.28736	0.31282	0.26494	0.011700	0.48020
8/29/2001 22:00	0.3668	0.0000	0.0680	0.22839	0.23363	0.21327	0.011700	0.41555
8/29/2001 23:00	0.2826	0.0000	0.0529	0.16516	0.16235	0.14336	0.011700	0.36111
8/30/2001 00:00	0.2080	0.0000	0.0393	0.09647	0.08315	0.09397	0.011700	0.29869
8/30/2001 01:00	0.1575	0.0000	0.0300	0.06488	0.04950	0.07966	0.011700	0.27502
8/30/2001 02:00	0.1249	0.0000	0.0239	0.05688	0.03366	0.06742	0.011700	0.27183
8/30/2001 03:00	0.1051	0.0000	0.0202	0.05923	0.03366	0.06007	0.011700	0.26800
8/30/2001 04:00	0.0902	0.0000	0.0175	0.08365	0.03366	0.07002	0.011700	0.25788
8/30/2001 05:00	0.1026	0.0000	0.0197	0.19345	0.03564	0.08238	0.011700	0.28777
8/30/2001 06:00	0.1397	0.0000	0.0267	0.39746	0.05742	0.13459	0.011700	0.33249
8/30/2001 07:00	0.1830	0.0000	0.0348	0.44986	0.10097	0.21032	0.041700	0.35330
8/30/2001 08:00	0.3424	0.0000	0.0629	0.43243	0.07920	0.27132	0.011700	0.29869
8/30/2001 09:00	0.4443	0.0000	0.0786	0.38528	0.03960	0.33250	0.011700	0.25421
8/30/2001 10:00	0.6923	0.0000	0.1181	0.33152	0.03168	0.34779	0.011700	0.26019
8/30/2001 11:00	0.9567	0.0000	0.1613	0.28488	0.03168	0.36309	0.011700	0.26027
8/30/2001 12:00	0.9965	0.0000	0.1664	0.24851	0.03168	0.35331	0.011700	0.25589
8/30/2001 13:00	1.0960	0.0000	0.1809	0.22815	0.03168	0.32072	0.011700	0.26473
8/30/2001 14:00	1.1501	0.0000	0.1899	0.20696	0.03168	0.29567	0.011700	0.27964
8/30/2001 15:00	1.2092	0.0000	0.1998	0.21036	0.03168	0.30433	0.011700	0.29518
8/30/2001 16:00	1.2556	0.0000	0.2076	0.23667	0.03366	0.35098	0.011700	0.34915
8/30/2001 17:00	1.2265	0.0000	0.2073	0.29462	0.04356	0.43555	0.011700	0.42416
8/30/2001 18:00	1.1809	0.0000	0.2039	0.34966	0.07326	0.39348	0.041700	0.46051
8/30/2001 19:00	0.8354	0.0000	0.1473	0.35987	0.14255	0.31774	0.011700	0.47534
8/30/2001 20:00	0.6349	0.0000	0.1132	0.32734	0.24352	0.28125	0.011700	0.49168
8/30/2001 21:00	0.5242	0.0000	0.0944	0.28815	0.31282	0.26494	0.011700	0.48020
8/30/2001 22:00	0.4145	0.0000	0.0754	0.22899	0.23363	0.21327	0.011700	0.41555
8/30/2001 23:00	0.3246	0.0000	0.0598	0.16555	0.16235	0.14336	0.011700	0.36111
8/31/2001 00:00	0.2427	0.0000	0.0453	0.09666	0.08315	0.09397	0.011700	0.29869
8/31/2001 01:00	0.1881	0.0000	0.0355	0.06498	0.04950	0.07966	0.011700	0.27502
8/31/2001 02:00	0.1495	0.0000	0.0285	0.05695	0.03366	0.06742	0.011700	0.27183
8/31/2001 03:00	0.1222	0.0000	0.0235	0.05931	0.03366	0.06007	0.011700	0.26800
8/31/2001 04:00	0.0998	0.0000	0.0193	0.08381	0.03366	0.07002	0.011700	0.25788
8/31/2001 05:00	0.1114	0.0000	0.0214	0.19395	0.03564	0.08238	0.011700	0.28777
8/31/2001 06:00	0.1495	0.0000	0.0284	0.39860	0.05742	0.13459	0.011700	0.33249
8/31/2001 07:00	0.2264	0.0000	0.0426	0.45120	0.10097	0.21032	0.041700	0.35330
8/31/2001 08:00	0.3891	0.0000	0.0712	0.43373	0.07920	0.27132	0.011700	0.29869
8/31/2001 09:00	0.5661	0.0000	0.1006	0.38645	0.03960	0.33250	0.011700	0.25421
8/31/2001 10:00	0.7759	0.0000	0.1336	0.33253	0.03168	0.34779	0.011700	0.26019
8/31/2001 11:00	0.9854	0.0000	0.1675	0.28573	0.03168	0.36309	0.011700	0.26027
8/31/2001 12:00	0.9943	0.0000	0.1665	0.24924	0.03168	0.35331	0.011700	0.25589
8/31/2001 13:00	1.0567	0.0000	0.1746	0.22881	0.03168	0.32072	0.011700	0.26473
8/31/2001 14:00	1.0908	0.0000	0.1810	0.20754	0.03168	0.29567	0.011700	0.27964
8/31/2001 15:00	1.1382	0.0000	0.1893	0.21095	0.03168	0.30433	0.011700	0.29518
8/31/2001 16:00	1.1895	0.0000	0.1987	0.23734	0.03366	0.35098	0.011700	0.34915
8/31/2001 17:00	1.1778	0.0000	0.2011	0.29546	0.04356	0.43555	0.011700	0.42416
8/31/2001 18:00	1.1501	0.0000	0.2010	0.35066	0.07326	0.39348	0.041700	0.46051
8/31/2001 19:00	0.7837	0.0000	0.1399	0.36088	0.14255	0.31774	0.011700	0.47534
8/31/2001 20:00	0.6088	0.0000	0.1100	0.32827	0.24352	0.28125	0.011700	0.49168
8/31/2001 21:00	0.4878	0.0000	0.0895	0.28896	0.31282	0.26494	0.011700	0.48020
8/31/2001 22:00	0.3878	0.0000	0.0715	0.22961	0.23363	0.21327	0.011700	0.41555
8/31/2001 23:00	0.3086	0.0000	0.0571	0.16597	0.16235	0.14336	0.011700	0.36111
9/1/2001 00:00	0.2390	0.0000	0.0444	0.09686	0.08315	0.09397	0.011700	0.29869
9/1/2001 01:00	0.1974	0.0000	0.0368	0.06508	0.05023	0.07966	0.011700	0.27502
9/1/2001 02:00	0.1700	0.0000	0.0319	0.05702	0.03349	0.06742	0.011700	0.27183
9/1/2001 03:00	0.1543	0.0000	0.0290	0.05939	0.03349	0.06007	0.011700	0.26800
9/1/2001 04:00	0.1436	0.0000	0.0271	0.08398	0.03349	0.07002	0.011700	0.25788
9/1/2001 05:00	0.1612	0.0000	0.0302	0.19447	0.03588	0.08238	0.011700	0.28777
9/1/2001 06:00	0.1997	0.0000	0.0373	0.39978	0.06698	0.13459	0.011700	0.33249
9/1/2001 07:00	0.2353	0.0000	0.0440	0.45257	0.12678	0.21032	0.041700	0.35330
9/1/2001 08:00	0.4130	0.0000	0.0735	0.43506	0.10525	0.27132	0.011700	0.29869
9/1/2001 09:00	0.6144	0.0000	0.1059	0.38765	0.05263	0.33250	0.011700	0.25421
9/1/2001 10:00	0.8182	0.0000	0.1365	0.33356	0.04067	0.34779	0.011700	0.26019
9/1/2001 11:00	1.2092	0.0000	0.1932	0.28660	0.04067	0.36309	0.011700	0.26027
9/1/2001 12:00	1.1620	0.0000	0.1857	0.25000	0.04067	0.35331	0.011700	0.25589
9/1/2001 13:00	1.2646	0.0000	0.2020	0.22948	0.04067	0.32072	0.011700	0.26473
9/1/2001 14:00	1.1909	0.0000	0.1945	0.20814	0.04067	0.29567	0.011700	0.27964
9/1/2001 15:00	1.1533	0.0000	0.1866	0.21155	0.04067	0.30433	0.011700	0.29518
9/1/2001 16:00	1.1426	0.0000	0.1909	0.23803	0.04545	0.35098	0.011700	0.34915
9/1/2001 17:00	1.0468	0.0000	0.1807	0.29633	0.06698	0.43555	0.011700	0.42416
9/1/2001 18:00	1.0093	0.0000	0.1763	0.35169	0.12439	0.39348	0.041700	0.46051
9/1/2001 19:00	0.7321	0.0000	0.1305	0.36193	0.22725	0.31774	0.011700	0.47534
9/1/2001 20:00	0.6102	0.0000	0.1097	0.32922	0.33968	0.28125	0.011700	0.49168
9/1/2001 21:00	0.5300	0.0000	0.0954	0.28980	0.31576	0.26494	0.011700	0.48020
9/1/2001 22:00	0.4674	0.0000	0.0834	0.23025	0.23682	0.21327	0.011700	0.41555
9/1/2001 23:00	0.3835	0.0000	0.0697	0.16639	0.16505	0.14336	0.011700	0.36111
9/2/2001 00:00	0.3250	0.0000	0.0591	0.09706	0.08372	0.09397	0.011700	0.29869
9/2/2001 01:00	0.2919	0.0000	0.0531	0.06815	0.05023	0.08360	0.011700	0.27502
9/2/2001 02:00	0.2493	0.0000	0.0462	0.05935	0.03349	0.07003	0.011700	0.27183
9/2/2001 03:00	0.2205	0.0000	0.0412	0.06189	0.03349	0.06144	0.011700	0.26800
9/2/2001 04:00	0.2088	0.0000	0.0390	0.08908	0.03349	0.07269	0.011700	0.25788
9/2/2001 05:00	0.2190	0.0000	0.0409	0.20965	0.03588	0.08648	0.011700	0.28777
9/2/2001 06:00	0.2568	0.0000	0.0480	0.43471	0.06698	0.14521	0.011700	0.33249
9/2/2001 07:00	0.2647	0.0000	0.0499	0.49417	0.12678	0.23148	0.041700	0.35330
9/2/2001 08:00	0.2761	0.0000	0.0516	0.47766	0.10525	0.30375	0.011700	0.29869
9/2/2001 09:00	0.2977	0.0000	0.0550	0.42615	0.05263	0.37753	0.011700	0.25421
9/2/2001 10:00	0.3700	0.0000	0.0676	0.36622	0.04067	0.39871	0.011700	0.26019
9/2/2001 11:00	0.5558	0.0000	0.1007	0.31354	0.04067	0.41558	0.011700	0.26027
9/2/2001 12:00	0.6745	0.0000	0.1185	0.27325	0.04067	0.40112	0.011700	0.25589
9/2/2001 13:00	0.7435	0.0000	0.1294	0.24967	0.04067	0.36431	0.011700	0.26473
9/2/2001 14:00	0.8995	0.0000	0.1534	0.22646	0.04067	0.33480	0.011700	0.27964
9/2/2001 15:00	0.9938	0.0000	0.1677	0.22992	0.04067	0.34138	0.011700	0.29518
9/2/2001 16:00	1.0278	0.0000	0.1698	0.26084	0.04545	0.38690	0.011700	0.34915
9/2/2001 17:00	0.8897	0.0000	0.1534	0.32431	0.06698	0.47090	0.011700	0.42416
9/2/2001 18:00	0.8965	0.0000	0.1564	0.38853	0.12439	0.42779	0.041700	0.46051
9/2/2001 19:00	0.6472	0.0000	0.1164	0.40333	0.22725	0.35199	0.011700	0.47534
9/2/2001 20:00	0.5427	0.0000	0.0986	0.36841	0.33968	0.31611	0.011700	0.49168
9/2/2001 21:00	0.4245	0.0000	0.0795	0.32244	0.31576	0.30055	0.011700	0.48020
9/2/2001 22:00	0.3400	0.0000	0.0637	0.25605	0.23682	0.24157	0.011700	0.41555
9/2/2001 23:00	0.2470	0.0000	0.0471	0.18263	0.16505	0.15890	0.011700	0.36111
9/3/2001 00:00	0.1755	0.0000	0.0337	0.10308	0.08372	0.10055	0.011700	0.29869
9/3/2001 01:00	0.1282	0.0000	0.0249	0.06827	0.05023	0.08360	0.011700	0.27502
9/3/2001 02:00	0.1031	0.0000	0.0200	0.05943	0.03349	0.07003	0.011700	0.27183
9/3/2001 03:00	0.0893	0.0000	0.0173	0.06198	0.03349	0.06144	0.011700	0.26800
9/3/2001 04:00	0.0664	0.0000	0.0131	0.08927	0.03349	0.07269	0.011700	0.25788
9/3/2001 05:00	0.0661	0.0000	0.0131	0.21025	0.03588	0.08648	0.011700	0.28777
9/3/2001 06:00	0.1002	0.0000	0.0197	0.43607	0.06698	0.14521	0.011700	0.33249
9/3/2001 07:00	0.1503	0.0000	0.0283	0.49576	0.12678	0.23148	0.041700	0.35330
9/3/2001 08:00	0.1611	0.0000	0.0303	0.47922	0.10525	0.30375	0.011700	0.29869
9/3/2001 09:00	0.1508	0.0000	0.0291	0.42757	0.05263	0.37753	0.011700	0.25421
9/3/2001 10:00	0.1777	0.0000	0.0343	0.36743	0.04067	0.39871	0.011700	0.26019
9/3/2001 11:00	0.2061	0.0000	0.0394	0.31457	0.04067	0.41558	0.011700	0.26027
9/3/2001 12:00	0.2807	0.0000	0.0536	0.27413	0.04067	0.40112	0.011700	0.25589
9/3/2001 13:00	0.3977	0.0000	0.0753	0.25046	0.04067	0.36431	0.011700	0.26473
9/3/2001 14:00	0.4618	0.0000	0.0866	0.22717	0.04067	0.33480	0.011700	0.27964
9/3/2001 15:00	0.6078	0.0000	0.1109	0.23063	0.04067	0.34138	0.011700	0.29518
9/3/2001 16:00	0.6455	0.0000	0.1190	0.26165	0.04545	0.38690	0.011700	0.34915
9/3/2001 17:00	0.7977	0.0000	0.1430	0.32533	0.06698	0.47090	0.011700	0.42416
9/3/2001 18:00	0.7844	0.0000	0.1434	0.38974	0.12439	0.42779	0.041700	0.46051
9/3/2001 19:00	0.5956	0.0000	0.1112	0.40458	0.22725	0.35199	0.011700	0.47534
9/3/2001 20:00	0.4536	0.0000	0.0869	0.36956	0.33968	0.31611	0.011700	0.49168
9/3/2001 21:00	0.3619	0.0000	0.0694	0.32344	0.31576	0.30055	0.011700	0.48020
9/3/2001 22:00	0.2795	0.0000	0.0536	0.25681	0.23682	0.24157	0.011700	0.41555
9/3/2001 23:00	0.2036	0.0000	0.0395	0.18313	0.16505	0.15890	0.011700	0.36111
9/4/2001 00:00	0.1340	0.0000	0.0261	0.10331	0.08372	0.10055	0.011700	0.29869
9/4/2001 01:00	0.0881	0.0000	0.0173	0.06540	0.05023	0.07966	0.011700	0.27502
9/4/2001 02:00	0.0000	0.0000	0.0000	0.05725	0.03349	0.06742	0.011700	0.27183
9/4/2001 03:00	0.0000	0.0000	0.0000	0.06019	0.03349	0.06007	0.011700	0.26800
9/4/2001 04:00	0.0000	0.0000	0.0000	0.08583	0.03349	0.07002	0.011700	0.25788
9/4/2001 05:00	0.0000	0.0000	0.0000	0.19760	0.03588	0.08238	0.011700	0.28777
9/4/2001 06:00	0.0000	0.0000	0.0000	0.40471	0.06698	0.13459	0.011700	0.33249
9/4/2001 07:00	0.0381	0.0000	0.0075	0.45698	0.12678	0.21032	0.041700	0.35330
9/4/2001 08:00	0.1584	0.0000	0.0300	0.43929	0.10525	0.27132	0.011700	0.29869
9/4/2001 09:00	0.4809	0.0000	0.0874	0.39145	0.05263	0.33250	0.011700	0.25421
9/4/2001 10:00	0.7385	0.0000	0.1291	0.33682	0.04067	0.34779	0.011700	0.26019
9/4/2001 11:00	1.0133	0.0000	0.1736	0.28937	0.04067	0.36309	0.011700	0.26027
9/4/2001 12:00	1.1026	0.0000	0.1831	0.25237	0.04067	0.35331	0.011700	0.25589
9/4/2001 13:00	1.2292	0.0000	0.1999	0.23161	0.04067	0.32072	0.011700	0.26473
9/4/2001 14:00	1.2832	0.0000	0.2089	0.21004	0.04067	0.29567	0.011700	0.27964
9/4/2001 15:00	1.2858	0.0000	0.2140	0.21347	0.04067	0.30433	0.011700	0.29518
9/4/2001 16:00	1.2711	0.0000	0.2142	0.24022	0.04545	0.35098	0.011700	0.34915
9/4/2001 17:00	1.2253	0.0000	0.2091	0.29908	0.06698	0.43555	0.011700	0.42416
9/4/2001 18:00	1.0772	0.0000	0.1916	0.35493	0.12439	0.39348	0.041700	0.46051
9/4/2001 19:00	0.7547	0.0000	0.1371	0.36524	0.22725	0.31774	0.011700	0.47534
9/4/2001 20:00	0.5702	0.0000	0.1056	0.33223	0.33968	0.28125	0.011700	0.49168
9/4/2001 21:00	0.4328	0.0000	0.0817	0.29245	0.31576	0.26494	0.011700	0.48020
9/4/2001 22:00	0.2649	0.0000	0.0501	0.23227	0.23682	0.21327	0.011700	0.41555
9/4/2001 23:00	0.2298	0.0000	0.0442	0.16772	0.16505	0.14336	0.011700	0.36111
9/5/2001 00:00	0.1680	0.0000	0.0325	0.09769	0.08372	0.09397	0.011700	0.29869
9/5/2001 01:00	0.0000	0.0000	0.0000	0.06552	0.05023	0.07966	0.011700	0.27502
9/5/2001 02:00	0.0624	0.0000	0.0121	0.05770	0.03349	0.06742	0.011700	0.27183
9/5/2001 03:00	0.0775	0.0000	0.0151	0.05974	0.03349	0.06007	0.011700	0.26800
9/5/2001 04:00	0.0563	0.0000	0.0110	0.08467	0.03349	0.07002	0.011700	0.25788
9/5/2001 05:00	0.0693	0.0000	0.0135	0.19667	0.03588	0.08238	0.011700	0.28777
9/5/2001 06:00	0.1149	0.0000	0.0222	0.40480	0.06698	0.13459	0.011700	0.33249
9/5/2001 07:00	0.1330	0.0000	0.0253	0.45844	0.12678	0.21032	0.041700	0.35330
9/5/2001 08:00	0.3162	0.0000	0.0586	0.44078	0.10525	0.27132	0.011700	0.29869
9/5/2001 09:00	0.5653	0.0000	0.0999	0.39278	0.05263	0.33250	0.011700	0.25421
9/5/2001 10:00	0.8146	0.0000	0.1397	0.33796	0.04067	0.34779	0.011700	0.26019
9/5/2001 11:00	1.1232	0.0000	0.1866	0.29033	0.04067	0.36309	0.011700	0.26027
9/5/2001 12:00	1.1339	0.0000	0.1867	0.25321	0.04067	0.35331	0.011700	0.25589
9/5/2001 13:00	0.8790	0.0000	0.1600	0.23236	0.04067	0.32072	0.011700	0.26473
9/5/2001 14:00	0.8251	0.0000	0.1491	0.21071	0.04067	0.29567	0.011700	0.27964
9/5/2001 15:00	0.5749	0.0000	0.1098	0.21415	0.04067	0.30433	0.011700	0.29518
9/5/2001 16:00	0.5017	0.0000	0.0959	0.24099	0.04545	0.35098	0.011700	0.34915
9/5/2001 17:00	0.4433	0.0000	0.0849	0.30004	0.06698	0.43555	0.011700	0.42416
9/5/2001 18:00	0.3915	0.0000	0.0750	0.35606	0.12439	0.39348	0.041700	0.46051
9/5/2001 19:00	0.3640	0.0000	0.0698	0.36639	0.22725	0.31774	0.011700	0.47534
9/5/2001 20:00	0.3352	0.0000	0.0643	0.33328	0.33968	0.28125	0.011700	0.49168
9/5/2001 21:00	0.2753	0.0000	0.0537	0.29337	0.31576	0.26494	0.011700	0.48020
9/5/2001 22:00	0.2145	0.0000	0.0418	0.23298	0.23682	0.21327	0.011700	0.41555
9/5/2001 23:00	0.1604	0.0000	0.0313	0.16819	0.16505	0.14336	0.011700	0.36111
