Date/Time	Cooling (E)	Heating (E)	HVAC Fan/Pump (E)	Hot Water (E)	Lights (E)	Lg. Appl. (E)	Vent Fan (E)	Misc. (E)
	kWh	kWh	kWh	kWh	kWh	kWh	kWh	kWh
1/1/2001 00:00	0.0000	0.2138	0.0132	0.14752	0.08480	0.10055	0.011700	0.29869
1/1/2001 01:00	0.0000	0.7818	0.0481	0.09280	0.04947	0.08360	0.011700	0.27502
1/1/2001 02:00	0.0000	0.9412	0.0579	0.07773	0.03533	0.07003	0.011700	0.27183
1/1/2001 03:00	0.0000	1.1879	0.0731	0.08198	0.03533	0.06144	0.011700	0.26800
1/1/2001 04:00	0.0000	1.3567	0.0835	0.12670	0.03533	0.07269	0.011700	0.25788
1/1/2001 05:00	0.0000	1.4048	0.0864	0.32028	0.03533	0.08648	0.011700	0.28777
1/1/2001 06:00	0.0000	1.3195	0.0812	0.68320	0.08127	0.14521	0.011700	0.33249
1/1/2001 07:00	0.0000	1.7717	0.1090	0.78556	0.16607	0.23148	0.041700	0.35330
1/1/2001 08:00	0.0000	0.1953	0.0120	0.76387	0.15900	0.30375	0.011700	0.29869
1/1/2001 09:00	0.0000	0.0000	0.0000	0.68477	0.08127	0.37753	0.011700	0.25421
1/1/2001 10:00	0.0000	0.0000	0.0000	0.58768	0.06713	0.39871	0.011700	0.26019
1/1/2001 11:00	0.0000	0.0000	0.0000	0.49948	0.06713	0.41558	0.011700	0.26027
1/1/2001 12:00	0.0000	0.0000	0.0000	0.43194	0.06713	0.40112	0.011700	0.25589
1/1/2001 13:00	0.0000	0.0000	0.0000	0.38970	0.06713	0.36431	0.011700	0.26473
1/1/2001 14:00	0.0000	0.0000	0.0000	0.35048	0.07067	0.33480	0.011700	0.27964
1/1/2001 15:00	0.0000	0.0000	0.0000	0.35502	0.08833	0.34138	0.011700	0.29518
1/1/2001 16:00	0.0000	0.0000	0.0000	0.40421	0.14840	0.38690	0.011700	0.34915
1/1/2001 17:00	0.0000	0.0000	0.0000	0.50393	0.27560	0.47090	0.011700	0.42416
1/1/2001 18:00	0.0000	0.0000	0.0000	0.60374	0.40986	0.42779	0.041700	0.46051
1/1/2001 19:00	0.0000	0.0000	0.0000	0.62729	0.43460	0.35199	0.011700	0.47534
1/1/2001 20:00	0.0000	0.0000	0.0000	0.57368	0.37453	0.31611	0.011700	0.49168
1/1/2001 21:00	0.0000	0.0000	0.0000	0.50250	0.31447	0.30055	0.011700	0.48020
1/1/2001 22:00	0.0000	0.0000	0.0000	0.39461	0.23673	0.24157	0.011700	0.41555
1/1/2001 23:00	0.0000	0.0000	0.0000	0.27472	0.16253	0.15890	0.011700	0.36111
1/2/2001 00:00	0.0000	0.0596	0.0037	0.13796	0.08480	0.09397	0.011700	0.29869
1/2/2001 01:00	0.0000	0.8048	0.0495	0.08777	0.04947	0.07966	0.011700	0.27502
1/2/2001 02:00	0.0000	0.8129	0.0500	0.07401	0.03533	0.06742	0.011700	0.27183
1/2/2001 03:00	0.0000	1.0684	0.0657	0.07798	0.03533	0.06007	0.011700	0.26800
1/2/2001 04:00	0.0000	1.2023	0.0740	0.11853	0.03533	0.07002	0.011700	0.25788
1/2/2001 05:00	0.0000	1.2431	0.0765	0.29668	0.03533	0.08238	0.011700	0.28777
1/2/2001 06:00	0.0000	1.1031	0.0679	0.62905	0.08127	0.13459	0.011700	0.33249
1/2/2001 07:00	0.0000	1.4554	0.0895	0.71980	0.16607	0.21032	0.041700	0.35330
1/2/2001 08:00	0.0000	0.0000	0.0000	0.69524	0.15900	0.27132	0.011700	0.29869
1/2/2001 09:00	0.0000	0.0000	0.0000	0.62147	0.08127	0.33250	0.011700	0.25421
1/2/2001 10:00	0.0000	0.0000	0.0000	0.53298	0.06713	0.34779	0.011700	0.26019
1/2/2001 11:00	0.0000	0.0000	0.0000	0.45394	0.06713	0.36309	0.011700	0.26027
1/2/2001 12:00	0.0000	0.0000	0.0000	0.39491	0.06713	0.35331	0.011700	0.25589
1/2/2001 13:00	0.0000	0.0000	0.0000	0.35894	0.06713	0.32072	0.011700	0.26473
1/2/2001 14:00	0.0000	0.0000	0.0000	0.32331	0.07067	0.29567	0.011700	0.27964
1/2/2001 15:00	0.0000	0.0000	0.0000	0.32708	0.08833	0.30433	0.011700	0.29518
1/2/2001 16:00	0.0000	0.0000	0.0000	0.37038	0.14840	0.35098	0.011700	0.34915
1/2/2001 17:00	0.0000	0.0000	0.0000	0.46373	0.27560	0.43555	0.011700	0.42416
1/2/2001 18:00	0.0000	0.0000	0.0000	0.55096	0.40986	0.39348	0.041700	0.46051
1/2/2001 19:00	0.0000	0.0000	0.0000	0.56513	0.43460	0.31774	0.011700	0.47534
1/2/2001 20:00	0.0000	0.0000	0.0000	0.51342	0.37453	0.28125	0.011700	0.49168
1/2/2001 21:00	0.0000	0.0000	0.0000	0.45165	0.31447	0.26494	0.011700	0.48020
1/2/2001 22:00	0.0000	0.4748	0.0292	0.35557	0.23673	0.21327	0.011700	0.41555
1/2/2001 23:00	0.0000	0.0509	0.0031	0.25086	0.16253	0.14336	0.011700	0.36111
1/3/2001 00:00	0.0000	0.2906	0.0179	0.13906	0.08480	0.09397	0.011700	0.29869
1/3/2001 01:00	0.0000	0.5973	0.0367	0.08787	0.04947	0.07966	0.011700	0.27502
1/3/2001 02:00	0.0000	0.7379	0.0454	0.07407	0.03533	0.06742	0.011700	0.27183
1/3/2001 03:00	0.0000	0.8700	0.0535	0.07805	0.03533	0.06007	0.011700	0.26800
1/3/2001 04:00	0.0000	0.9857	0.0606	0.11867	0.03533	0.07002	0.011700	0.25788
1/3/2001 05:00	0.0000	1.0443	0.0642	0.29711	0.03533	0.08238	0.011700	0.28777
1/3/2001 06:00	0.0000	0.9806	0.0603	0.63002	0.08127	0.13459	0.011700	0.33249
1/3/2001 07:00	0.0000	1.4300	0.0880	0.72094	0.16607	0.21032	0.041700	0.35330
1/3/2001 08:00	0.0000	0.0000	0.0000	0.69634	0.15900	0.27132	0.011700	0.29869
1/3/2001 09:00	0.0000	0.0000	0.0000	0.62252	0.08127	0.33250	0.011700	0.25421
1/3/2001 10:00	0.0000	0.0000	0.0000	0.53392	0.06713	0.34779	0.011700	0.26019
1/3/2001 11:00	0.0000	0.0000	0.0000	0.45464	0.06713	0.36309	0.011700	0.26027
1/3/2001 12:00	0.0000	0.0000	0.0000	0.39269	0.06713	0.35331	0.011700	0.25589
1/3/2001 13:00	0.0000	0.0000	0.0000	0.35674	0.06713	0.32072	0.011700	0.26473
1/3/2001 14:00	0.0000	0.0000	0.0000	0.32002	0.07067	0.29567	0.011700	0.27964
1/3/2001 15:00	0.0000	0.0000	0.0000	0.32313	0.08833	0.30433	0.011700	0.29518
1/3/2001 16:00	0.0000	0.0000	0.0000	0.36500	0.14840	0.35098	0.011700	0.34915
1/3/2001 17:00	0.0000	0.0000	0.0000	0.45733	0.27560	0.43555	0.011700	0.42416
1/3/2001 18:00	0.0000	0.0000	0.0000	0.54374	0.40986	0.39348	0.041700	0.46051
1/3/2001 19:00	0.0000	0.0000	0.0000	0.56028	0.43460	0.31774	0.011700	0.47534
1/3/2001 20:00	0.0000	0.0000	0.0000	0.50969	0.37453	0.28125	0.011700	0.49168
1/3/2001 21:00	0.0000	0.0000	0.0000	0.44848	0.31447	0.26494	0.011700	0.48020
1/3/2001 22:00	0.0000	0.0000	0.0000	0.35169	0.23673	0.21327	0.011700	0.41555
1/3/2001 23:00	0.0000	0.0000	0.0000	0.24713	0.16253	0.14336	0.011700	0.36111
1/4/2001 00:00	0.0000	0.0000	0.0000	0.13608	0.08480	0.09397	0.011700	0.29869
1/4/2001 01:00	0.0000	0.0659	0.0041	0.08562	0.04947	0.07966	0.011700	0.27502
1/4/2001 02:00	0.0000	0.6447	0.0397	0.07410	0.03533	0.06742	0.011700	0.27183
1/4/2001 03:00	0.0000	0.0000	0.0000	0.07811	0.03533	0.06007	0.011700	0.26800
1/4/2001 04:00	0.0000	0.0000	0.0000	0.11840	0.03533	0.07002	0.011700	0.25788
1/4/2001 05:00	0.0000	0.0000	0.0000	0.29726	0.03533	0.08238	0.011700	0.28777
1/4/2001 06:00	0.0000	0.0000	0.0000	0.63079	0.08127	0.13459	0.011700	0.33249
1/4/2001 07:00	0.0000	0.0000	0.0000	0.72176	0.16607	0.21032	0.041700	0.35330
1/4/2001 08:00	0.0000	0.0000	0.0000	0.69737	0.15900	0.27132	0.011700	0.29869
1/4/2001 09:00	0.0000	0.0000	0.0000	0.62204	0.08127	0.33250	0.011700	0.25421
1/4/2001 10:00	0.0000	0.0000	0.0000	0.53322	0.06713	0.34779	0.011700	0.26019
1/4/2001 11:00	0.0000	0.0000	0.0000	0.45577	0.06713	0.36309	0.011700	0.26027
1/4/2001 12:00	0.0000	0.0000	0.0000	0.39556	0.06713	0.35331	0.011700	0.25589
1/4/2001 13:00	0.0000	0.0000	0.0000	0.35932	0.06713	0.32072	0.011700	0.26473
1/4/2001 14:00	0.0000	0.0000	0.0000	0.32412	0.07067	0.29567	0.011700	0.27964
1/4/2001 15:00	0.0000	0.0000	0.0000	0.32967	0.08833	0.30433	0.011700	0.29518
1/4/2001 16:00	0.0000	0.0000	0.0000	0.37324	0.14840	0.35098	0.011700	0.34915
1/4/2001 17:00	0.0000	0.0000	0.0000	0.46330	0.27560	0.43555	0.011700	0.42416
1/4/2001 18:00	0.0000	1.7739	0.1091	0.54777	0.40986	0.39348	0.041700	0.46051
1/4/2001 19:00	0.0000	0.9418	0.0579	0.56708	0.43460	0.31774	0.011700	0.47534
1/4/2001 20:00	0.0000	0.0000	0.0000	0.51685	0.37453	0.28125	0.011700	0.49168
1/4/2001 21:00	0.0000	0.0000	0.0000	0.45374	0.31447	0.26494	0.011700	0.48020
1/4/2001 22:00	0.0000	0.0000	0.0000	0.35528	0.23673	0.21327	0.011700	0.41555
1/4/2001 23:00	0.0000	0.5309	0.0327	0.25083	0.16253	0.14336	0.011700	0.36111
1/5/2001 00:00	0.0000	0.3037	0.0187	0.13931	0.08480	0.09397	0.011700	0.29869
1/5/2001 01:00	0.0000	0.4785	0.0294	0.08802	0.04947	0.07966	0.011700	0.27502
1/5/2001 02:00	0.0000	0.7671	0.0472	0.07418	0.03533	0.06742	0.011700	0.27183
1/5/2001 03:00	0.0000	0.8886	0.0547	0.07817	0.03533	0.06007	0.011700	0.26800
1/5/2001 04:00	0.0000	1.1572	0.0712	0.11892	0.03533	0.07002	0.011700	0.25788
1/5/2001 05:00	0.0000	1.2823	0.0789	0.29792	0.03533	0.08238	0.011700	0.28777
1/5/2001 06:00	0.0000	1.3191	0.0811	0.63187	0.08127	0.13459	0.011700	0.33249
1/5/2001 07:00	0.0000	2.1228	0.1306	0.72309	0.16607	0.21032	0.041700	0.35330
1/5/2001 08:00	0.0000	0.6245	0.0384	0.69844	0.15900	0.27132	0.011700	0.29869
1/5/2001 09:00	0.0000	0.0000	0.0000	0.62451	0.08127	0.33250	0.011700	0.25421
1/5/2001 10:00	0.0000	0.0000	0.0000	0.53714	0.06713	0.34779	0.011700	0.26019
1/5/2001 11:00	0.0000	0.0000	0.0000	0.45883	0.06713	0.36309	0.011700	0.26027
1/5/2001 12:00	0.0000	0.0000	0.0000	0.39820	0.06713	0.35331	0.011700	0.25589
1/5/2001 13:00	0.0000	0.0000	0.0000	0.36123	0.06713	0.32072	0.011700	0.26473
1/5/2001 14:00	0.0000	0.0000	0.0000	0.32475	0.07067	0.29567	0.011700	0.27964
1/5/2001 15:00	0.0000	0.0000	0.0000	0.32866	0.08833	0.30433	0.011700	0.29518
1/5/2001 16:00	0.0000	0.0000	0.0000	0.37131	0.14840	0.35098	0.011700	0.34915
1/5/2001 17:00	0.0000	0.0000	0.0000	0.46411	0.27560	0.43555	0.011700	0.42416
1/5/2001 18:00	0.0000	0.0000	0.0000	0.55093	0.40986	0.39348	0.041700	0.46051
1/5/2001 19:00	0.0000	0.0000	0.0000	0.56825	0.43460	0.31774	0.011700	0.47534
1/5/2001 20:00	0.0000	0.3634	0.0224	0.51757	0.37453	0.28125	0.011700	0.49168
1/5/2001 21:00	0.0000	0.8381	0.0516	0.45577	0.31447	0.26494	0.011700	0.48020
1/5/2001 22:00	0.0000	1.1773	0.0724	0.35777	0.23673	0.21327	0.011700	0.41555
1/5/2001 23:00	0.0000	1.5196	0.0935	0.25192	0.16253	0.14336	0.011700	0.36111
1/6/2001 00:00	0.0000	1.8315	0.1127	0.13952	0.08480	0.09397	0.011700	0.29869
1/6/2001 01:00	0.0000	1.9917	0.1225	0.08810	0.04947	0.07966	0.011700	0.27502
1/6/2001 02:00	0.0000	2.1798	0.1341	0.07423	0.03533	0.06742	0.011700	0.27183
1/6/2001 03:00	0.0000	2.2926	0.1410	0.07823	0.03533	0.06007	0.011700	0.26800
1/6/2001 04:00	0.0000	2.3803	0.1464	0.11904	0.03533	0.07002	0.011700	0.25788
1/6/2001 05:00	0.0000	2.4057	0.1480	0.29830	0.03533	0.08238	0.011700	0.28777
1/6/2001 06:00	0.0000	2.2516	0.1385	0.63274	0.08127	0.13459	0.011700	0.33249
1/6/2001 07:00	0.0000	3.0282	0.1863	0.72411	0.16607	0.21032	0.041700	0.35330
1/6/2001 08:00	0.0000	1.7461	0.1074	0.69942	0.15900	0.27132	0.011700	0.29869
1/6/2001 09:00	0.0000	0.6629	0.0408	0.62540	0.08127	0.33250	0.011700	0.25421
1/6/2001 10:00	0.0000	0.0000	0.0000	0.53815	0.06713	0.34779	0.011700	0.26019
1/6/2001 11:00	0.0000	0.5410	0.0333	0.46028	0.06713	0.36309	0.011700	0.26027
1/6/2001 12:00	0.0000	0.0000	0.0000	0.39990	0.06713	0.35331	0.011700	0.25589
1/6/2001 13:00	0.0000	0.0000	0.0000	0.36400	0.06713	0.32072	0.011700	0.26473
1/6/2001 14:00	0.0000	0.0000	0.0000	0.32755	0.07067	0.29567	0.011700	0.27964
1/6/2001 15:00	0.0000	0.0000	0.0000	0.33106	0.08833	0.30433	0.011700	0.29518
1/6/2001 16:00	0.0000	0.0000	0.0000	0.37400	0.14840	0.35098	0.011700	0.34915
1/6/2001 17:00	0.0000	0.0000	0.0000	0.46846	0.27560	0.43555	0.011700	0.42416
1/6/2001 18:00	0.0000	0.0782	0.0048	0.55489	0.40986	0.39348	0.041700	0.46051
1/6/2001 19:00	0.0000	0.0000	0.0000	0.56924	0.43460	0.31774	0.011700	0.47534
1/6/2001 20:00	0.0000	0.0000	0.0000	0.51771	0.37453	0.28125	0.011700	0.49168
1/6/2001 21:00	0.0000	0.0799	0.0049	0.45599	0.31447	0.26494	0.011700	0.48020
1/6/2001 22:00	0.0000	0.3144	0.0193	0.35823	0.23673	0.21327	0.011700	0.41555
1/6/2001 23:00	0.0000	0.5016	0.0309	0.25223	0.16253	0.14336	0.011700	0.36111
1/7/2001 00:00	0.0000	0.7401	0.0455	0.14951	0.08480	0.10055	0.011700	0.29869
1/7/2001 01:00	0.0000	0.8520	0.0524	0.09336	0.04947	0.08360	0.011700	0.27502
1/7/2001 02:00	0.0000	0.9144	0.0562	0.07810	0.03533	0.07003	0.011700	0.27183
1/7/2001 03:00	0.0000	0.9154	0.0563	0.08239	0.03533	0.06144	0.011700	0.26800
1/7/2001 04:00	0.0000	0.9300	0.0572	0.12755	0.03533	0.07269	0.011700	0.25788
1/7/2001 05:00	0.0000	0.9230	0.0568	0.32294	0.03533	0.08648	0.011700	0.28777
1/7/2001 06:00	0.0000	0.7793	0.0479	0.68926	0.08127	0.14521	0.011700	0.33249
1/7/2001 07:00	0.0000	1.3058	0.0803	0.79267	0.16607	0.23148	0.041700	0.35330
1/7/2001 08:00	0.0000	0.9469	0.0582	0.77086	0.15900	0.30375	0.011700	0.29869
1/7/2001 09:00	0.0000	0.9609	0.0591	0.69108	0.08127	0.37753	0.011700	0.25421
1/7/2001 10:00	0.0000	0.9430	0.0580	0.59450	0.06713	0.39871	0.011700	0.26019
1/7/2001 11:00	0.0000	0.7883	0.0485	0.50726	0.06713	0.41558	0.011700	0.26027
1/7/2001 12:00	0.0000	0.0000	0.0000	0.44045	0.06713	0.40112	0.011700	0.25589
1/7/2001 13:00	0.0000	0.0000	0.0000	0.39831	0.06713	0.36431	0.011700	0.26473
1/7/2001 14:00	0.0000	0.0000	0.0000	0.35776	0.07067	0.33480	0.011700	0.27964
1/7/2001 15:00	0.0000	0.0000	0.0000	0.36069	0.08833	0.34138	0.011700	0.29518
1/7/2001 16:00	0.0000	0.0000	0.0000	0.40989	0.14840	0.38690	0.011700	0.34915
1/7/2001 17:00	0.0000	0.0000	0.0000	0.51056	0.27560	0.47090	0.011700	0.42416
1/7/2001 18:00	0.0000	0.0000	0.0000	0.61124	0.40986	0.42779	0.041700	0.46051
1/7/2001 19:00	0.0000	0.0000	0.0000	0.63477	0.43460	0.35199	0.011700	0.47534
1/7/2001 20:00	0.0000	0.0000	0.0000	0.58078	0.37453	0.31611	0.011700	0.49168
1/7/2001 21:00	0.0000	0.0000	0.0000	0.50918	0.31447	0.30055	0.011700	0.48020
1/7/2001 22:00	0.0000	0.4381	0.0269	0.40059	0.23673	0.24157	0.011700	0.41555
1/7/2001 23:00	0.0000	0.8731	0.0537	0.27883	0.16253	0.15890	0.011700	0.36111
1/8/2001 00:00	0.0000	1.3297	0.0818	0.14965	0.08480	0.10055	0.011700	0.29869
1/8/2001 01:00	0.0000	1.6067	0.0988	0.09343	0.04947	0.08360	0.011700	0.27502
1/8/2001 02:00	0.0000	1.8579	0.1143	0.07816	0.03533	0.07003	0.011700	0.27183
1/8/2001 03:00	0.0000	1.9583	0.1205	0.08245	0.03533	0.06144	0.011700	0.26800
1/8/2001 04:00	0.0000	2.0877	0.1284	0.12768	0.03533	0.07269	0.011700	0.25788
1/8/2001 05:00	0.0000	2.0722	0.1275	0.32332	0.03533	0.08648	0.011700	0.28777
1/8/2001 06:00	0.0000	1.9427	0.1195	0.69013	0.08127	0.14521	0.011700	0.33249
1/8/2001 07:00	0.0000	2.6286	0.1617	0.79370	0.16607	0.23148	0.041700	0.35330
1/8/2001 08:00	0.0000	1.0985	0.0676	0.77187	0.15900	0.30375	0.011700	0.29869
1/8/2001 09:00	0.0000	0.7884	0.0485	0.69199	0.08127	0.37753	0.011700	0.25421
1/8/2001 10:00	0.0000	0.0000	0.0000	0.59529	0.06713	0.39871	0.011700	0.26019
1/8/2001 11:00	0.0000	0.0000	0.0000	0.50739	0.06713	0.41558	0.011700	0.26027
1/8/2001 12:00	0.0000	0.0000	0.0000	0.44001	0.06713	0.40112	0.011700	0.25589
1/8/2001 13:00	0.0000	0.0000	0.0000	0.39727	0.06713	0.36431	0.011700	0.26473
1/8/2001 14:00	0.0000	0.0000	0.0000	0.35767	0.07067	0.33480	0.011700	0.27964
1/8/2001 15:00	0.0000	0.0000	0.0000	0.36224	0.08833	0.34138	0.011700	0.29518
1/8/2001 16:00	0.0000	0.0000	0.0000	0.41268	0.14840	0.38690	0.011700	0.34915
1/8/2001 17:00	0.0000	0.0000	0.0000	0.51364	0.27560	0.47090	0.011700	0.42416
1/8/2001 18:00	0.0000	0.0000	0.0000	0.61377	0.40986	0.42779	0.041700	0.46051
1/8/2001 19:00	0.0000	0.0000	0.0000	0.63653	0.43460	0.35199	0.011700	0.47534
1/8/2001 20:00	0.0000	0.0000	0.0000	0.58220	0.37453	0.31611	0.011700	0.49168
1/8/2001 21:00	0.0000	0.0000	0.0000	0.50987	0.31447	0.30055	0.011700	0.48020
1/8/2001 22:00	0.0000	0.0000	0.0000	0.40037	0.23673	0.24157	0.011700	0.41555
1/8/2001 23:00	0.0000	0.2994	0.0184	0.27882	0.16253	0.15890	0.011700	0.36111
1/9/2001 00:00	0.0000	0.6449	0.0397	0.13991	0.08480	0.09397	0.011700	0.29869
1/9/2001 01:00	0.0000	0.8580	0.0528	0.08831	0.04947	0.07966	0.011700	0.27502
1/9/2001 02:00	0.0000	1.0031	0.0617	0.07438	0.03533	0.06742	0.011700	0.27183
1/9/2001 03:00	0.0000	1.1462	0.0705	0.07839	0.03533	0.06007	0.011700	0.26800
1/9/2001 04:00	0.0000	1.3132	0.0808	0.11938	0.03533	0.07002	0.011700	0.25788
1/9/2001 05:00	0.0000	1.3914	0.0856	0.29934	0.03533	0.08238	0.011700	0.28777
1/9/2001 06:00	0.0000	1.3283	0.0817	0.63513	0.08127	0.13459	0.011700	0.33249
1/9/2001 07:00	0.0000	2.0271	0.1247	0.72690	0.16607	0.21032	0.041700	0.35330
1/9/2001 08:00	0.0000	1.1610	0.0714	0.70214	0.15900	0.27132	0.011700	0.29869
1/9/2001 09:00	0.0000	0.8242	0.0507	0.62784	0.08127	0.33250	0.011700	0.25421
1/9/2001 10:00	0.0000	0.2831	0.0174	0.54025	0.06713	0.34779	0.011700	0.26019
1/9/2001 11:00	0.0000	0.2413	0.0148	0.46227	0.06713	0.36309	0.011700	0.26027
1/9/2001 12:00	0.0000	0.0000	0.0000	0.40145	0.06713	0.35331	0.011700	0.25589
1/9/2001 13:00	0.0000	0.0000	0.0000	0.36392	0.06713	0.32072	0.011700	0.26473
1/9/2001 14:00	0.0000	0.0000	0.0000	0.32649	0.07067	0.29567	0.011700	0.27964
1/9/2001 15:00	0.0000	0.0000	0.0000	0.33205	0.08833	0.30433	0.011700	0.29518
1/9/2001 16:00	0.0000	0.0000	0.0000	0.37716	0.14840	0.35098	0.011700	0.34915
1/9/2001 17:00	0.0000	0.0000	0.0000	0.46996	0.27560	0.43555	0.011700	0.42416
1/9/2001 18:00	0.0000	0.0000	0.0000	0.55486	0.40986	0.39348	0.041700	0.46051
1/9/2001 19:00	0.0000	0.0000	0.0000	0.57008	0.43460	0.31774	0.011700	0.47534
1/9/2001 20:00	0.0000	0.0000	0.0000	0.52018	0.37453	0.28125	0.011700	0.49168
1/9/2001 21:00	0.0000	0.0000	0.0000	0.45777	0.31447	0.26494	0.011700	0.48020
1/9/2001 22:00	0.0000	0.0000	0.0000	0.35846	0.23673	0.21327	0.011700	0.41555
1/9/2001 23:00	0.0000	0.0000	0.0000	0.25226	0.16253	0.14336	0.011700	0.36111
1/10/2001 00:00	0.0000	0.1001	0.0062	0.13993	0.08480	0.09397	0.011700	0.29869
1/10/2001 01:00	0.0000	0.0764	0.0047	0.08837	0.04947	0.07966	0.011700	0.27502
1/10/2001 02:00	0.0000	0.1542	0.0095	0.07442	0.03533	0.06742	0.011700	0.27183
1/10/2001 03:00	0.0000	0.1511	0.0093	0.07844	0.03533	0.06007	0.011700	0.26800
1/10/2001 04:00	0.0000	0.1697	0.0104	0.11948	0.03533	0.07002	0.011700	0.25788
1/10/2001 05:00	0.0000	0.1524	0.0094	0.29966	0.03533	0.08238	0.011700	0.28777
1/10/2001 06:00	0.0000	0.0381	0.0023	0.63585	0.08127	0.13459	0.011700	0.33249
1/10/2001 07:00	0.0000	0.1181	0.0073	0.72775	0.16607	0.21032	0.041700	0.35330
1/10/2001 08:00	0.0000	0.0114	0.0007	0.70297	0.15900	0.27132	0.011700	0.29869
1/10/2001 09:00	0.0000	0.0372	0.0023	0.62858	0.08127	0.33250	0.011700	0.25421
1/10/2001 10:00	0.0000	0.1310	0.0081	0.54089	0.06713	0.34779	0.011700	0.26019
1/10/2001 11:00	0.0000	0.2885	0.0177	0.46281	0.06713	0.36309	0.011700	0.26027
1/10/2001 12:00	0.0000	0.0000	0.0000	0.40191	0.06713	0.35331	0.011700	0.25589
1/10/2001 13:00	0.0000	0.0000	0.0000	0.36500	0.06713	0.32072	0.011700	0.26473
1/10/2001 14:00	0.0000	0.0000	0.0000	0.32806	0.07067	0.29567	0.011700	0.27964
1/10/2001 15:00	0.0000	0.0000	0.0000	0.33118	0.08833	0.30433	0.011700	0.29518
1/10/2001 16:00	0.0000	0.0000	0.0000	0.37307	0.14840	0.35098	0.011700	0.34915
1/10/2001 17:00	0.0000	0.0000	0.0000	0.46550	0.27560	0.43555	0.011700	0.42416
1/10/2001 18:00	0.0000	0.0000	0.0000	0.55234	0.40986	0.39348	0.041700	0.46051
1/10/2001 19:00	0.0000	0.0000	0.0000	0.56819	0.43460	0.31774	0.011700	0.47534
1/10/2001 20:00	0.0000	0.0000	0.0000	0.51701	0.37453	0.28125	0.011700	0.49168
1/10/2001 21:00	0.0000	0.0000	0.0000	0.45511	0.31447	0.26494	0.011700	0.48020
1/10/2001 22:00	0.0000	0.0000	0.0000	0.35713	0.23673	0.21327	0.011700	0.41555
1/10/2001 23:00	0.0000	0.0000	0.0000	0.25153	0.16253	0.14336	0.011700	0.36111
1/11/2001 00:00	0.0000	0.0509	0.0031	0.13923	0.08480	0.09397	0.011700	0.29869
1/11/2001 01:00	0.0000	0.4350	0.0268	0.08842	0.04947	0.07966	0.011700	0.27502
1/11/2001 02:00	0.0000	0.6571	0.0404	0.07447	0.03533	0.06742	0.011700	0.27183
1/11/2001 03:00	0.0000	0.9914	0.0610	0.07849	0.03533	0.06007	0.011700	0.26800
1/11/2001 04:00	0.0000	1.1299	0.0695	0.11957	0.03533	0.07002	0.011700	0.25788
1/11/2001 05:00	0.0000	1.1811	0.0727	0.29996	0.03533	0.08238	0.011700	0.28777
1/11/2001 06:00	0.0000	1.4085	0.0866	0.63654	0.08127	0.13459	0.011700	0.33249
1/11/2001 07:00	0.0000	2.1761	0.1339	0.72855	0.16607	0.21032	0.041700	0.35330
1/11/2001 08:00	0.0000	0.4634	0.0285	0.70375	0.15900	0.27132	0.011700	0.29869
1/11/2001 09:00	0.0000	0.0000	0.0000	0.62929	0.08127	0.33250	0.011700	0.25421
1/11/2001 10:00	0.0000	0.0000	0.0000	0.54056	0.06713	0.34779	0.011700	0.26019
1/11/2001 11:00	0.0000	0.0000	0.0000	0.46073	0.06713	0.36309	0.011700	0.26027
1/11/2001 12:00	0.0000	0.0000	0.0000	0.39869	0.06713	0.35331	0.011700	0.25589
1/11/2001 13:00	0.0000	0.0000	0.0000	0.36226	0.06713	0.32072	0.011700	0.26473
1/11/2001 14:00	0.0000	0.0000	0.0000	0.32766	0.07067	0.29567	0.011700	0.27964
1/11/2001 15:00	0.0000	0.0000	0.0000	0.33178	0.08833	0.30433	0.011700	0.29518
1/11/2001 16:00	0.0000	0.0000	0.0000	0.37509	0.14840	0.35098	0.011700	0.34915
1/11/2001 17:00	0.0000	0.0000	0.0000	0.47107	0.27560	0.43555	0.011700	0.42416
1/11/2001 18:00	0.0000	0.0000	0.0000	0.55819	0.40986	0.39348	0.041700	0.46051
1/11/2001 19:00	0.0000	0.0000	0.0000	0.57156	0.43460	0.31774	0.011700	0.47534
1/11/2001 20:00	0.0000	0.0000	0.0000	0.51951	0.37453	0.28125	0.011700	0.49168
1/11/2001 21:00	0.0000	0.2918	0.0180	0.45787	0.31447	0.26494	0.011700	0.48020
1/11/2001 22:00	0.0000	0.4756	0.0293	0.36025	0.23673	0.21327	0.011700	0.41555
1/11/2001 23:00	0.0000	0.4621	0.0284	0.25360	0.16253	0.14336	0.011700	0.36111
1/12/2001 00:00	0.0000	0.6390	0.0393	0.14028	0.08480	0.09397	0.011700	0.29869
1/12/2001 01:00	0.0000	0.8789	0.0541	0.08848	0.04947	0.07966	0.011700	0.27502
1/12/2001 02:00	0.0000	1.0618	0.0653	0.07451	0.03533	0.06742	0.011700	0.27183
1/12/2001 03:00	0.0000	1.2080	0.0743	0.07853	0.03533	0.06007	0.011700	0.26800
1/12/2001 04:00	0.0000	1.4953	0.0920	0.11966	0.03533	0.07002	0.011700	0.25788
1/12/2001 05:00	0.0000	1.7142	0.1054	0.30025	0.03533	0.08238	0.011700	0.28777
1/12/2001 06:00	0.0000	1.7242	0.1061	0.63719	0.08127	0.13459	0.011700	0.33249
1/12/2001 07:00	0.0000	2.5185	0.1549	0.72932	0.16607	0.21032	0.041700	0.35330
1/12/2001 08:00	0.0000	0.5081	0.0313	0.70449	0.15900	0.27132	0.011700	0.29869
1/12/2001 09:00	0.0000	0.0000	0.0000	0.62995	0.08127	0.33250	0.011700	0.25421
1/12/2001 10:00	0.0000	0.0000	0.0000	0.54111	0.06713	0.34779	0.011700	0.26019
1/12/2001 11:00	0.0000	0.0000	0.0000	0.46114	0.06713	0.36309	0.011700	0.26027
1/12/2001 12:00	0.0000	0.0000	0.0000	0.39866	0.06713	0.35331	0.011700	0.25589
1/12/2001 13:00	0.0000	0.0000	0.0000	0.36083	0.06713	0.32072	0.011700	0.26473
1/12/2001 14:00	0.0000	0.0000	0.0000	0.32331	0.07067	0.29567	0.011700	0.27964
1/12/2001 15:00	0.0000	0.0000	0.0000	0.32666	0.08833	0.30433	0.011700	0.29518
1/12/2001 16:00	0.0000	0.0000	0.0000	0.36917	0.14840	0.35098	0.011700	0.34915
1/12/2001 17:00	0.0000	0.0000	0.0000	0.46265	0.27560	0.43555	0.011700	0.42416
1/12/2001 18:00	0.0000	0.0000	0.0000	0.55038	0.40986	0.39348	0.041700	0.46051
1/12/2001 19:00	0.0000	0.0000	0.0000	0.56736	0.43460	0.31774	0.011700	0.47534
1/12/2001 20:00	0.0000	0.0000	0.0000	0.51632	0.37453	0.28125	0.011700	0.49168
1/12/2001 21:00	0.0000	0.0000	0.0000	0.45467	0.31447	0.26494	0.011700	0.48020
1/12/2001 22:00	0.0000	0.0000	0.0000	0.35699	0.23673	0.21327	0.011700	0.41555
1/12/2001 23:00	0.0000	0.0000	0.0000	0.25137	0.16253	0.14336	0.011700	0.36111
1/13/2001 00:00	0.0000	0.0000	0.0000	0.13888	0.08480	0.09397	0.011700	0.29869
1/13/2001 01:00	0.0000	1.0138	0.0624	0.08796	0.04947	0.07966	0.011700	0.27502
1/13/2001 02:00	0.0000	0.4616	0.0284	0.07446	0.03533	0.06742	0.011700	0.27183
1/13/2001 03:00	0.0000	0.7569	0.0466	0.07857	0.03533	0.06007	0.011700	0.26800
1/13/2001 04:00	0.0000	0.7529	0.0463	0.11975	0.03533	0.07002	0.011700	0.25788
1/13/2001 05:00	0.0000	0.7662	0.0471	0.30052	0.03533	0.08238	0.011700	0.28777
1/13/2001 06:00	0.0000	0.7676	0.0472	0.63781	0.08127	0.13459	0.011700	0.33249
1/13/2001 07:00	0.0000	1.1811	0.0727	0.73003	0.16607	0.21032	0.041700	0.35330
1/13/2001 08:00	0.0000	0.5662	0.0348	0.70519	0.15900	0.27132	0.011700	0.29869
1/13/2001 09:00	0.0000	0.2752	0.0169	0.63058	0.08127	0.33250	0.011700	0.25421
1/13/2001 10:00	0.0000	0.0000	0.0000	0.54260	0.06713	0.34779	0.011700	0.26019
1/13/2001 11:00	0.0000	0.0000	0.0000	0.46427	0.06713	0.36309	0.011700	0.26027
1/13/2001 12:00	0.0000	0.0000	0.0000	0.40288	0.06713	0.35331	0.011700	0.25589
1/13/2001 13:00	0.0000	0.0000	0.0000	0.36497	0.06713	0.32072	0.011700	0.26473
1/13/2001 14:00	0.0000	0.0000	0.0000	0.32712	0.07067	0.29567	0.011700	0.27964
1/13/2001 15:00	0.0000	0.0000	0.0000	0.33257	0.08833	0.30433	0.011700	0.29518
1/13/2001 16:00	0.0000	0.0000	0.0000	0.37720	0.14840	0.35098	0.011700	0.34915
1/13/2001 17:00	0.0000	0.0000	0.0000	0.47088	0.27560	0.43555	0.011700	0.42416
1/13/2001 18:00	0.0000	0.0000	0.0000	0.55801	0.40986	0.39348	0.041700	0.46051
1/13/2001 19:00	0.0000	0.0000	0.0000	0.57267	0.43460	0.31774	0.011700	0.47534
1/13/2001 20:00	0.0000	0.0000	0.0000	0.52090	0.37453	0.28125	0.011700	0.49168
1/13/2001 21:00	0.0000	0.0000	0.0000	0.45812	0.31447	0.26494	0.011700	0.48020
1/13/2001 22:00	0.0000	0.6973	0.0429	0.36048	0.23673	0.21327	0.011700	0.41555
1/13/2001 23:00	0.0000	0.2834	0.0174	0.25401	0.16253	0.14336	0.011700	0.36111
1/14/2001 00:00	0.0000	0.6363	0.0391	0.15041	0.08480	0.10055	0.011700	0.29869
1/14/2001 01:00	0.0000	1.1170	0.0687	0.09382	0.04947	0.08360	0.011700	0.27502
1/14/2001 02:00	0.0000	1.5348	0.0944	0.07843	0.03533	0.07003	0.011700	0.27183
1/14/2001 03:00	0.0000	1.7265	0.1062	0.08276	0.03533	0.06144	0.011700	0.26800
1/14/2001 04:00	0.0000	2.0434	0.1257	0.12829	0.03533	0.07269	0.011700	0.25788
1/14/2001 05:00	0.0000	1.9804	0.1218	0.32525	0.03533	0.08648	0.011700	0.28777
1/14/2001 06:00	0.0000	2.0843	0.1282	0.69454	0.08127	0.14521	0.011700	0.33249
1/14/2001 07:00	0.0000	2.8247	0.1738	0.79887	0.16607	0.23148	0.041700	0.35330
1/14/2001 08:00	0.0000	1.1986	0.0737	0.77695	0.15900	0.30375	0.011700	0.29869
1/14/2001 09:00	0.0000	0.6331	0.0389	0.69658	0.08127	0.37753	0.011700	0.25421
1/14/2001 10:00	0.0000	0.1324	0.0081	0.59923	0.06713	0.39871	0.011700	0.26019
1/14/2001 11:00	0.0000	0.3839	0.0236	0.51126	0.06713	0.41558	0.011700	0.26027
1/14/2001 12:00	0.0000	0.0000	0.0000	0.44389	0.06713	0.40112	0.011700	0.25589
1/14/2001 13:00	0.0000	0.0000	0.0000	0.40154	0.06713	0.36431	0.011700	0.26473
1/14/2001 14:00	0.0000	0.0000	0.0000	0.36168	0.07067	0.33480	0.011700	0.27964
1/14/2001 15:00	0.0000	0.0000	0.0000	0.36600	0.08833	0.34138	0.011700	0.29518
1/14/2001 16:00	0.0000	0.0000	0.0000	0.41635	0.14840	0.38690	0.011700	0.34915
1/14/2001 17:00	0.0000	0.0000	0.0000	0.51803	0.27560	0.47090	0.011700	0.42416
1/14/2001 18:00	0.0000	1.4209	0.0874	0.62020	0.40986	0.42779	0.041700	0.46051
1/14/2001 19:00	0.0000	0.6043	0.0372	0.64200	0.43460	0.35199	0.011700	0.47534
1/14/2001 20:00	0.0000	1.1203	0.0689	0.58742	0.37453	0.31611	0.011700	0.49168
1/14/2001 21:00	0.0000	1.4442	0.0888	0.51451	0.31447	0.30055	0.011700	0.48020
1/14/2001 22:00	0.0000	1.7913	0.1102	0.40385	0.23673	0.24157	0.011700	0.41555
1/14/2001 23:00	0.0000	2.2854	0.1406	0.28080	0.16253	0.15890	0.011700	0.36111
1/15/2001 00:00	0.0000	2.6438	0.1626	0.15051	0.08480	0.10055	0.011700	0.29869
1/15/2001 01:00	0.0000	3.0357	0.1867	0.09387	0.04947	0.08360	0.011700	0.27502
1/15/2001 02:00	0.0000	3.1855	0.1960	0.07847	0.03533	0.07003	0.011700	0.27183
1/15/2001 03:00	0.0000	3.4193	0.2103	0.08280	0.03533	0.06144	0.011700	0.26800
1/15/2001 04:00	0.0000	3.6390	0.2239	0.12838	0.03533	0.07269	0.011700	0.25788
1/15/2001 05:00	0.0000	3.6300	0.2233	0.32551	0.03533	0.08648	0.011700	0.28777
1/15/2001 06:00	0.0000	3.4761	0.2138	0.69513	0.08127	0.14521	0.011700	0.33249
1/15/2001 07:00	0.0000	4.5358	0.2790	0.79957	0.16607	0.23148	0.041700	0.35330
1/15/2001 08:00	0.0000	2.1003	0.1292	0.77764	0.15900	0.30375	0.011700	0.29869
1/15/2001 09:00	0.0000	0.9536	0.0587	0.69720	0.08127	0.37753	0.011700	0.25421
1/15/2001 10:00	0.0000	0.0000	0.0000	0.59976	0.06713	0.39871	0.011700	0.26019
1/15/2001 11:00	0.0000	0.0881	0.0054	0.51159	0.06713	0.41558	0.011700	0.26027
1/15/2001 12:00	0.0000	0.0000	0.0000	0.44428	0.06713	0.40112	0.011700	0.25589
1/15/2001 13:00	0.0000	0.0000	0.0000	0.40109	0.06713	0.36431	0.011700	0.26473
1/15/2001 14:00	0.0000	0.0000	0.0000	0.36031	0.07067	0.33480	0.011700	0.27964
1/15/2001 15:00	0.0000	0.0000	0.0000	0.36380	0.08833	0.34138	0.011700	0.29518
1/15/2001 16:00	0.0000	0.0000	0.0000	0.41388	0.14840	0.38690	0.011700	0.34915
1/15/2001 17:00	0.0000	0.0000	0.0000	0.51574	0.27560	0.47090	0.011700	0.42416
1/15/2001 18:00	0.0000	0.3378	0.0208	0.61790	0.40986	0.42779	0.041700	0.46051
1/15/2001 19:00	0.0000	0.1337	0.0082	0.64245	0.43460	0.35199	0.011700	0.47534
1/15/2001 20:00	0.0000	0.4623	0.0284	0.58792	0.37453	0.31611	0.011700	0.49168
1/15/2001 21:00	0.0000	0.8886	0.0547	0.51495	0.31447	0.30055	0.011700	0.48020
1/15/2001 22:00	0.0000	1.3566	0.0835	0.40419	0.23673	0.24157	0.011700	0.41555
1/15/2001 23:00	0.0000	1.7189	0.1057	0.28102	0.16253	0.15890	0.011700	0.36111
1/16/2001 00:00	0.0000	2.0068	0.1234	0.14066	0.08480	0.09397	0.011700	0.29869
1/16/2001 01:00	0.0000	2.2812	0.1403	0.08868	0.04947	0.07966	0.011700	0.27502
1/16/2001 02:00	0.0000	2.4794	0.1525	0.07464	0.03533	0.06742	0.011700	0.27183
1/16/2001 03:00	0.0000	2.5931	0.1595	0.07869	0.03533	0.06007	0.011700	0.26800
1/16/2001 04:00	0.0000	2.6786	0.1648	0.11997	0.03533	0.07002	0.011700	0.25788
1/16/2001 05:00	0.0000	2.5778	0.1586	0.30123	0.03533	0.08238	0.011700	0.28777
1/16/2001 06:00	0.0000	2.3838	0.1466	0.63943	0.08127	0.13459	0.011700	0.33249
1/16/2001 07:00	0.0000	3.0865	0.1899	0.73193	0.16607	0.21032	0.041700	0.35330
1/16/2001 08:00	0.0000	1.0256	0.0631	0.70704	0.15900	0.27132	0.011700	0.29869
1/16/2001 09:00	0.0000	0.0409	0.0025	0.63224	0.08127	0.33250	0.011700	0.25421
1/16/2001 10:00	0.0000	0.0000	0.0000	0.54402	0.06713	0.34779	0.011700	0.26019
1/16/2001 11:00	0.0000	0.0000	0.0000	0.46424	0.06713	0.36309	0.011700	0.26027
1/16/2001 12:00	0.0000	0.0000	0.0000	0.40197	0.06713	0.35331	0.011700	0.25589
1/16/2001 13:00	0.0000	0.0000	0.0000	0.36510	0.06713	0.32072	0.011700	0.26473
1/16/2001 14:00	0.0000	0.0000	0.0000	0.32881	0.07067	0.29567	0.011700	0.27964
1/16/2001 15:00	0.0000	0.0000	0.0000	0.33437	0.08833	0.30433	0.011700	0.29518
1/16/2001 16:00	0.0000	0.0000	0.0000	0.37778	0.14840	0.35098	0.011700	0.34915
1/16/2001 17:00	0.0000	0.0000	0.0000	0.47260	0.27560	0.43555	0.011700	0.42416
1/16/2001 18:00	0.0000	0.0000	0.0000	0.55995	0.40986	0.39348	0.041700	0.46051
1/16/2001 19:00	0.0000	0.0000	0.0000	0.57389	0.43460	0.31774	0.011700	0.47534
1/16/2001 20:00	0.0000	0.0000	0.0000	0.52180	0.37453	0.28125	0.011700	0.49168
1/16/2001 21:00	0.0000	0.3102	0.0191	0.45991	0.31447	0.26494	0.011700	0.48020
1/16/2001 22:00	0.0000	0.2531	0.0156	0.36182	0.23673	0.21327	0.011700	0.41555
1/16/2001 23:00	0.0000	0.0666	0.0041	0.25464	0.16253	0.14336	0.011700	0.36111
1/17/2001 00:00	0.0000	0.3382	0.0208	0.14074	0.08480	0.09397	0.011700	0.29869
1/17/2001 01:00	0.0000	0.6130	0.0377	0.08872	0.04947	0.07966	0.011700	0.27502
1/17/2001 02:00	0.0000	0.7412	0.0456	0.07467	0.03533	0.06742	0.011700	0.27183
1/17/2001 03:00	0.0000	0.8704	0.0535	0.07872	0.03533	0.06007	0.011700	0.26800
1/17/2001 04:00	0.0000	1.0100	0.0621	0.12004	0.03533	0.07002	0.011700	0.25788
1/17/2001 05:00	0.0000	1.1895	0.0732	0.30143	0.03533	0.08238	0.011700	0.28777
1/17/2001 06:00	0.0000	1.1911	0.0733	0.63990	0.08127	0.13459	0.011700	0.33249
1/17/2001 07:00	0.0000	1.6323	0.1004	0.73247	0.16607	0.21032	0.041700	0.35330
1/17/2001 08:00	0.0000	0.3127	0.0192	0.70757	0.15900	0.27132	0.011700	0.29869
1/17/2001 09:00	0.0000	0.0000	0.0000	0.63271	0.08127	0.33250	0.011700	0.25421
1/17/2001 10:00	0.0000	0.0000	0.0000	0.54406	0.06713	0.34779	0.011700	0.26019
1/17/2001 11:00	0.0000	0.0000	0.0000	0.46441	0.06713	0.36309	0.011700	0.26027
1/17/2001 12:00	0.0000	0.0000	0.0000	0.40267	0.06713	0.35331	0.011700	0.25589
1/17/2001 13:00	0.0000	0.0000	0.0000	0.36482	0.06713	0.32072	0.011700	0.26473
1/17/2001 14:00	0.0000	0.0000	0.0000	0.32741	0.07067	0.29567	0.011700	0.27964
1/17/2001 15:00	0.0000	0.0000	0.0000	0.33123	0.08833	0.30433	0.011700	0.29518
1/17/2001 16:00	0.0000	0.0000	0.0000	0.37407	0.14840	0.35098	0.011700	0.34915
1/17/2001 17:00	0.0000	0.0000	0.0000	0.46809	0.27560	0.43555	0.011700	0.42416
1/17/2001 18:00	0.0000	0.0000	0.0000	0.55631	0.40986	0.39348	0.041700	0.46051
1/17/2001 19:00	0.0000	0.0000	0.0000	0.57367	0.43460	0.31774	0.011700	0.47534
1/17/2001 20:00	0.0000	0.0000	0.0000	0.52254	0.37453	0.28125	0.011700	0.49168
1/17/2001 21:00	0.0000	0.2087	0.0128	0.46052	0.31447	0.26494	0.011700	0.48020
1/17/2001 22:00	0.0000	0.7068	0.0435	0.36210	0.23673	0.21327	0.011700	0.41555
1/17/2001 23:00	0.0000	1.0013	0.0616	0.25481	0.16253	0.14336	0.011700	0.36111
1/18/2001 00:00	0.0000	1.2211	0.0751	0.14082	0.08480	0.09397	0.011700	0.29869
1/18/2001 01:00	0.0000	1.4177	0.0872	0.08875	0.04947	0.07966	0.011700	0.27502
1/18/2001 02:00	0.0000	1.4923	0.0918	0.07470	0.03533	0.06742	0.011700	0.27183
1/18/2001 03:00	0.0000	1.6176	0.0995	0.07875	0.03533	0.06007	0.011700	0.26800
1/18/2001 04:00	0.0000	1.6873	0.1038	0.12010	0.03533	0.07002	0.011700	0.25788
1/18/2001 05:00	0.0000	1.7884	0.1100	0.30162	0.03533	0.08238	0.011700	0.28777
1/18/2001 06:00	0.0000	1.6876	0.1038	0.64033	0.08127	0.13459	0.011700	0.33249
1/18/2001 07:00	0.0000	2.4094	0.1482	0.73297	0.16607	0.21032	0.041700	0.35330
1/18/2001 08:00	0.0000	1.5739	0.0968	0.70805	0.15900	0.27132	0.011700	0.29869
1/18/2001 09:00	0.0000	1.5842	0.0975	0.63315	0.08127	0.33250	0.011700	0.25421
1/18/2001 10:00	0.0000	1.6342	0.1005	0.54481	0.06713	0.34779	0.011700	0.26019
1/18/2001 11:00	0.0000	2.7128	0.1669	0.46613	0.06713	0.36309	0.011700	0.26027
1/18/2001 12:00	0.0000	1.7237	0.1060	0.40477	0.06713	0.35331	0.011700	0.25589
1/18/2001 13:00	0.0000	1.6331	0.1005	0.36855	0.06713	0.32072	0.011700	0.26473
1/18/2001 14:00	0.0000	1.5118	0.0930	0.33241	0.07067	0.29567	0.011700	0.27964
1/18/2001 15:00	0.0000	1.5115	0.0930	0.33716	0.08833	0.30433	0.011700	0.29518
1/18/2001 16:00	0.0000	1.4360	0.0883	0.38092	0.14840	0.35098	0.011700	0.34915
1/18/2001 17:00	0.0000	1.4388	0.0885	0.47479	0.27560	0.43555	0.011700	0.42416
1/18/2001 18:00	0.0000	2.4802	0.1526	0.56166	0.40986	0.39348	0.041700	0.46051
1/18/2001 19:00	0.0000	1.6816	0.1034	0.57599	0.43460	0.31774	0.011700	0.47534
1/18/2001 20:00	0.0000	1.7741	0.1091	0.52446	0.37453	0.28125	0.011700	0.49168
1/18/2001 21:00	0.0000	1.8811	0.1157	0.46179	0.31447	0.26494	0.011700	0.48020
1/18/2001 22:00	0.0000	1.9777	0.1217	0.36236	0.23673	0.21327	0.011700	0.41555
1/18/2001 23:00	0.0000	2.2044	0.1356	0.25496	0.16253	0.14336	0.011700	0.36111
1/19/2001 00:00	0.0000	2.2881	0.1408	0.14088	0.08480	0.09397	0.011700	0.29869
1/19/2001 01:00	0.0000	2.3874	0.1469	0.08879	0.04947	0.07966	0.011700	0.27502
1/19/2001 02:00	0.0000	2.4243	0.1491	0.07472	0.03533	0.06742	0.011700	0.27183
1/19/2001 03:00	0.0000	2.4506	0.1508	0.07877	0.03533	0.06007	0.011700	0.26800
1/19/2001 04:00	0.0000	2.4981	0.1537	0.12015	0.03533	0.07002	0.011700	0.25788
1/19/2001 05:00	0.0000	2.4829	0.1527	0.30179	0.03533	0.08238	0.011700	0.28777
1/19/2001 06:00	0.0000	2.3720	0.1459	0.64072	0.08127	0.13459	0.011700	0.33249
1/19/2001 07:00	0.0000	3.4475	0.2121	0.73343	0.16607	0.21032	0.041700	0.35330
1/19/2001 08:00	0.0000	2.2966	0.1413	0.70850	0.15900	0.27132	0.011700	0.29869
1/19/2001 09:00	0.0000	1.9634	0.1208	0.63355	0.08127	0.33250	0.011700	0.25421
1/19/2001 10:00	0.0000	1.3560	0.0834	0.54515	0.06713	0.34779	0.011700	0.26019
1/19/2001 11:00	0.0000	1.5437	0.0950	0.46642	0.06713	0.36309	0.011700	0.26027
1/19/2001 12:00	0.0000	0.2170	0.0133	0.40502	0.06713	0.35331	0.011700	0.25589
1/19/2001 13:00	0.0000	0.2472	0.0152	0.36878	0.06713	0.32072	0.011700	0.26473
1/19/2001 14:00	0.0000	0.0000	0.0000	0.33261	0.07067	0.29567	0.011700	0.27964
1/19/2001 15:00	0.0000	0.0000	0.0000	0.33659	0.08833	0.30433	0.011700	0.29518
1/19/2001 16:00	0.0000	0.0000	0.0000	0.38030	0.14840	0.35098	0.011700	0.34915
1/19/2001 17:00	0.0000	0.0453	0.0028	0.47428	0.27560	0.43555	0.011700	0.42416
1/19/2001 18:00	0.0000	1.1771	0.0724	0.56200	0.40986	0.39348	0.041700	0.46051
1/19/2001 19:00	0.0000	0.5565	0.0342	0.57633	0.43460	0.31774	0.011700	0.47534
1/19/2001 20:00	0.0000	0.7685	0.0473	0.52478	0.37453	0.28125	0.011700	0.49168
1/19/2001 21:00	0.0000	0.9012	0.0554	0.46207	0.31447	0.26494	0.011700	0.48020
1/19/2001 22:00	0.0000	1.0263	0.0631	0.36257	0.23673	0.21327	0.011700	0.41555
1/19/2001 23:00	0.0000	1.1547	0.0710	0.25510	0.16253	0.14336	0.011700	0.36111
1/20/2001 00:00	0.0000	1.2438	0.0765	0.14094	0.08480	0.09397	0.011700	0.29869
1/20/2001 01:00	0.0000	1.1697	0.0720	0.08882	0.04947	0.07966	0.011700	0.27502
1/20/2001 02:00	0.0000	1.1223	0.0690	0.07474	0.03533	0.06742	0.011700	0.27183
1/20/2001 03:00	0.0000	1.1895	0.0732	0.07880	0.03533	0.06007	0.011700	0.26800
1/20/2001 04:00	0.0000	0.9157	0.0563	0.12020	0.03533	0.07002	0.011700	0.25788
1/20/2001 05:00	0.0000	0.8212	0.0505	0.30195	0.03533	0.08238	0.011700	0.28777
1/20/2001 06:00	0.0000	0.7344	0.0452	0.64107	0.08127	0.13459	0.011700	0.33249
1/20/2001 07:00	0.0000	1.2311	0.0757	0.73384	0.16607	0.21032	0.041700	0.35330
1/20/2001 08:00	0.0000	0.2289	0.0141	0.70890	0.15900	0.27132	0.011700	0.29869
1/20/2001 09:00	0.0000	0.0000	0.0000	0.63391	0.08127	0.33250	0.011700	0.25421
1/20/2001 10:00	0.0000	0.0000	0.0000	0.54483	0.06713	0.34779	0.011700	0.26019
1/20/2001 11:00	0.0000	0.0000	0.0000	0.46508	0.06713	0.36309	0.011700	0.26027
1/20/2001 12:00	0.0000	0.0000	0.0000	0.40342	0.06713	0.35331	0.011700	0.25589
1/20/2001 13:00	0.0000	0.0000	0.0000	0.36784	0.06713	0.32072	0.011700	0.26473
1/20/2001 14:00	0.0000	0.0000	0.0000	0.33198	0.07067	0.29567	0.011700	0.27964
1/20/2001 15:00	0.0000	0.0000	0.0000	0.33573	0.08833	0.30433	0.011700	0.29518
1/20/2001 16:00	0.0000	0.0000	0.0000	0.37934	0.14840	0.35098	0.011700	0.34915
1/20/2001 17:00	0.0000	1.5665	0.0964	0.47499	0.27560	0.43555	0.011700	0.42416
1/20/2001 18:00	0.0000	0.6361	0.0391	0.56225	0.40986	0.39348	0.041700	0.46051
1/20/2001 19:00	0.0000	0.2755	0.0169	0.57664	0.43460	0.31774	0.011700	0.47534
1/20/2001 20:00	0.0000	0.5543	0.0341	0.52506	0.37453	0.28125	0.011700	0.49168
1/20/2001 21:00	0.0000	0.8876	0.0546	0.46232	0.31447	0.26494	0.011700	0.48020
1/20/2001 22:00	0.0000	1.2469	0.0767	0.36277	0.23673	0.21327	0.011700	0.41555
1/20/2001 23:00	0.0000	1.7101	0.1052	0.25523	0.16253	0.14336	0.011700	0.36111
1/21/2001 00:00	0.0000	2.1545	0.1325	0.15098	0.08480	0.10055	0.011700	0.29869
1/21/2001 01:00	0.0000	2.4798	0.1525	0.09411	0.04947	0.08360	0.011700	0.27502
1/21/2001 02:00	0.0000	2.8414	0.1748	0.07863	0.03533	0.07003	0.011700	0.27183
1/21/2001 03:00	0.0000	2.9343	0.1805	0.08298	0.03533	0.06144	0.011700	0.26800
1/21/2001 04:00	0.0000	3.0572	0.1881	0.12875	0.03533	0.07269	0.011700	0.25788
1/21/2001 05:00	0.0000	3.1283	0.1924	0.32669	0.03533	0.08648	0.011700	0.28777
1/21/2001 06:00	0.0000	3.1049	0.1910	0.69782	0.08127	0.14521	0.011700	0.33249
1/21/2001 07:00	0.0000	4.2240	0.2598	0.80273	0.16607	0.23148	0.041700	0.35330
1/21/2001 08:00	0.0000	2.0134	0.1239	0.78074	0.15900	0.30375	0.011700	0.29869
1/21/2001 09:00	0.0000	1.2304	0.0757	0.70000	0.08127	0.37753	0.011700	0.25421
1/21/2001 10:00	0.0000	0.4037	0.0248	0.60217	0.06713	0.39871	0.011700	0.26019
1/21/2001 11:00	0.0000	0.8335	0.0513	0.51375	0.06713	0.41558	0.011700	0.26027
1/21/2001 12:00	0.0000	0.0000	0.0000	0.44604	0.06713	0.40112	0.011700	0.25589
1/21/2001 13:00	0.0000	0.0000	0.0000	0.40392	0.06713	0.36431	0.011700	0.26473
1/21/2001 14:00	0.0000	0.0000	0.0000	0.36365	0.07067	0.33480	0.011700	0.27964
1/21/2001 15:00	0.0000	0.0000	0.0000	0.36747	0.08833	0.34138	0.011700	0.29518
1/21/2001 16:00	0.0000	0.0000	0.0000	0.41812	0.14840	0.38690	0.011700	0.34915
1/21/2001 17:00	0.0000	0.0000	0.0000	0.52118	0.27560	0.47090	0.011700	0.42416
1/21/2001 18:00	0.0000	1.5677	0.0964	0.62337	0.40986	0.42779	0.041700	0.46051
1/21/2001 19:00	0.0000	0.8130	0.0500	0.64506	0.43460	0.35199	0.011700	0.47534
1/21/2001 20:00	0.0000	1.3445	0.0827	0.59018	0.37453	0.31611	0.011700	0.49168
1/21/2001 21:00	0.0000	1.5288	0.0940	0.51693	0.31447	0.30055	0.011700	0.48020
1/21/2001 22:00	0.0000	2.1161	0.1302	0.40570	0.23673	0.24157	0.011700	0.41555
1/21/2001 23:00	0.0000	2.4507	0.1508	0.28202	0.16253	0.15890	0.011700	0.36111
1/22/2001 00:00	0.0000	2.8491	0.1753	0.15103	0.08480	0.10055	0.011700	0.29869
1/22/2001 01:00	0.0000	3.0791	0.1894	0.09413	0.04947	0.08360	0.011700	0.27502
1/22/2001 02:00	0.0000	3.2399	0.1993	0.07865	0.03533	0.07003	0.011700	0.27183
1/22/2001 03:00	0.0000	3.4110	0.2098	0.08300	0.03533	0.06144	0.011700	0.26800
1/22/2001 04:00	0.0000	3.5312	0.2172	0.12880	0.03533	0.07269	0.011700	0.25788
1/22/2001 05:00	0.0000	3.4914	0.2148	0.32682	0.03533	0.08648	0.011700	0.28777
1/22/2001 06:00	0.0000	3.2726	0.2013	0.69813	0.08127	0.14521	0.011700	0.33249
1/22/2001 07:00	0.0000	4.4068	0.2711	0.80309	0.16607	0.23148	0.041700	0.35330
1/22/2001 08:00	0.0000	2.8746	0.1768	0.78109	0.15900	0.30375	0.011700	0.29869
1/22/2001 09:00	0.0000	2.7204	0.1673	0.70031	0.08127	0.37753	0.011700	0.25421
1/22/2001 10:00	0.0000	2.0608	0.1268	0.60245	0.06713	0.39871	0.011700	0.26019
1/22/2001 11:00	0.0000	2.4952	0.1535	0.51398	0.06713	0.41558	0.011700	0.26027
1/22/2001 12:00	0.0000	1.4144	0.0870	0.44624	0.06713	0.40112	0.011700	0.25589
1/22/2001 13:00	0.0000	1.2880	0.0792	0.40456	0.06713	0.36431	0.011700	0.26473
1/22/2001 14:00	0.0000	1.2103	0.0745	0.36499	0.07067	0.33480	0.011700	0.27964
1/22/2001 15:00	0.0000	1.1623	0.0715	0.36960	0.08833	0.34138	0.011700	0.29518
1/22/2001 16:00	0.0000	1.2281	0.0755	0.42068	0.14840	0.38690	0.011700	0.34915
1/22/2001 17:00	0.0000	1.2537	0.0771	0.52273	0.27560	0.47090	0.011700	0.42416
1/22/2001 18:00	0.0000	2.0580	0.1266	0.62377	0.40986	0.42779	0.041700	0.46051
1/22/2001 19:00	0.0000	1.2944	0.0796	0.64537	0.43460	0.35199	0.011700	0.47534
1/22/2001 20:00	0.0000	1.4660	0.0902	0.59044	0.37453	0.31611	0.011700	0.49168
1/22/2001 21:00	0.0000	1.4662	0.0902	0.51715	0.31447	0.30055	0.011700	0.48020
1/22/2001 22:00	0.0000	1.5740	0.0968	0.40587	0.23673	0.24157	0.011700	0.41555
1/22/2001 23:00	0.0000	1.7038	0.1048	0.28213	0.16253	0.15890	0.011700	0.36111
1/23/2001 00:00	0.0000	1.9087	0.1174	0.14108	0.08480	0.09397	0.011700	0.29869
1/23/2001 01:00	0.0000	1.9926	0.1226	0.08889	0.04947	0.07966	0.011700	0.27502
1/23/2001 02:00	0.0000	2.0467	0.1259	0.07479	0.03533	0.06742	0.011700	0.27183
1/23/2001 03:00	0.0000	2.0741	0.1276	0.07885	0.03533	0.06007	0.011700	0.26800
1/23/2001 04:00	0.0000	2.0660	0.1271	0.12031	0.03533	0.07002	0.011700	0.25788
1/23/2001 05:00	0.0000	2.0039	0.1233	0.30231	0.03533	0.08238	0.011700	0.28777
1/23/2001 06:00	0.0000	1.8188	0.1119	0.64190	0.08127	0.13459	0.011700	0.33249
1/23/2001 07:00	0.0000	2.4919	0.1533	0.73481	0.16607	0.21032	0.041700	0.35330
1/23/2001 08:00	0.0000	1.5908	0.0979	0.70984	0.15900	0.27132	0.011700	0.29869
1/23/2001 09:00	0.0000	1.4860	0.0914	0.63476	0.08127	0.33250	0.011700	0.25421
1/23/2001 10:00	0.0000	1.0821	0.0666	0.54619	0.06713	0.34779	0.011700	0.26019
1/23/2001 11:00	0.0000	1.3832	0.0851	0.46730	0.06713	0.36309	0.011700	0.26027
1/23/2001 12:00	0.0000	0.8769	0.0539	0.40577	0.06713	0.35331	0.011700	0.25589
1/23/2001 13:00	0.0000	0.6825	0.0420	0.36945	0.06713	0.32072	0.011700	0.26473
1/23/2001 14:00	0.0000	0.7076	0.0435	0.33321	0.07067	0.29567	0.011700	0.27964
1/23/2001 15:00	0.0000	1.0070	0.0619	0.33797	0.08833	0.30433	0.011700	0.29518
1/23/2001 16:00	0.0000	1.1296	0.0695	0.38184	0.14840	0.35098	0.011700	0.34915
1/23/2001 17:00	0.0000	1.0677	0.0657	0.47595	0.27560	0.43555	0.011700	0.42416
1/23/2001 18:00	0.0000	1.7508	0.1077	0.56304	0.40986	0.39348	0.041700	0.46051
1/23/2001 19:00	0.0000	1.0079	0.0620	0.57739	0.43460	0.31774	0.011700	0.47534
1/23/2001 20:00	0.0000	1.0234	0.0630	0.52574	0.37453	0.28125	0.011700	0.49168
1/23/2001 21:00	0.0000	1.0688	0.0657	0.46291	0.31447	0.26494	0.011700	0.48020
1/23/2001 22:00	0.0000	1.4285	0.0879	0.36322	0.23673	0.21327	0.011700	0.41555
1/23/2001 23:00	0.0000	1.6900	0.1040	0.25553	0.16253	0.14336	0.011700	0.36111
1/24/2001 00:00	0.0000	1.7419	0.1072	0.14112	0.08480	0.09397	0.011700	0.29869
1/24/2001 01:00	0.0000	1.9099	0.1175	0.08891	0.04947	0.07966	0.011700	0.27502
1/24/2001 02:00	0.0000	2.0196	0.1242	0.07480	0.03533	0.06742	0.011700	0.27183
1/24/2001 03:00	0.0000	2.1212	0.1305	0.07887	0.03533	0.06007	0.011700	0.26800
1/24/2001 04:00	0.0000	2.1629	0.1331	0.12034	0.03533	0.07002	0.011700	0.25788
1/24/2001 05:00	0.0000	2.1261	0.1308	0.30240	0.03533	0.08238	0.011700	0.28777
1/24/2001 06:00	0.0000	2.0189	0.1242	0.64210	0.08127	0.13459	0.011700	0.33249
1/24/2001 07:00	0.0000	2.9103	0.1790	0.73505	0.16607	0.21032	0.041700	0.35330
1/24/2001 08:00	0.0000	2.0330	0.1251	0.71007	0.15900	0.27132	0.011700	0.29869
1/24/2001 09:00	0.0000	2.0722	0.1275	0.63496	0.08127	0.33250	0.011700	0.25421
1/24/2001 10:00	0.0000	1.8833	0.1159	0.54636	0.06713	0.34779	0.011700	0.26019
1/24/2001 11:00	0.0000	3.0048	0.1848	0.46745	0.06713	0.36309	0.011700	0.26027
1/24/2001 12:00	0.0000	2.1952	0.1350	0.40590	0.06713	0.35331	0.011700	0.25589
1/24/2001 13:00	0.0000	2.2401	0.1378	0.36957	0.06713	0.32072	0.011700	0.26473
1/24/2001 14:00	0.0000	2.2755	0.1400	0.33331	0.07067	0.29567	0.011700	0.27964
1/24/2001 15:00	0.0000	2.4383	0.1500	0.33807	0.08833	0.30433	0.011700	0.29518
1/24/2001 16:00	0.0000	2.4180	0.1487	0.38196	0.14840	0.35098	0.011700	0.34915
1/24/2001 17:00	0.0000	2.6176	0.1610	0.47610	0.27560	0.43555	0.011700	0.42416
1/24/2001 18:00	0.0000	3.3658	0.2070	0.56321	0.40986	0.39348	0.041700	0.46051
1/24/2001 19:00	0.0000	2.4584	0.1512	0.57756	0.43460	0.31774	0.011700	0.47534
1/24/2001 20:00	0.0000	2.6908	0.1655	0.52590	0.37453	0.28125	0.011700	0.49168
1/24/2001 21:00	0.0000	2.4997	0.1538	0.46305	0.31447	0.26494	0.011700	0.48020
1/24/2001 22:00	0.0000	2.7481	0.1691	0.36333	0.23673	0.21327	0.011700	0.41555
1/24/2001 23:00	0.0000	2.8080	0.1727	0.25560	0.16253	0.14336	0.011700	0.36111
1/25/2001 00:00	0.0000	3.4581	0.2127	0.14115	0.08480	0.09397	0.011700	0.29869
1/25/2001 01:00	0.0000	3.4140	0.2100	0.08892	0.04947	0.07966	0.011700	0.27502
1/25/2001 02:00	0.0000	3.5920	0.2210	0.07481	0.03533	0.06742	0.011700	0.27183
1/25/2001 03:00	0.0000	3.3575	0.2065	0.07888	0.03533	0.06007	0.011700	0.26800
1/25/2001 04:00	0.0000	3.4209	0.2104	0.12036	0.03533	0.07002	0.011700	0.25788
1/25/2001 05:00	0.0000	3.1604	0.1944	0.30247	0.03533	0.08238	0.011700	0.28777
1/25/2001 06:00	0.0000	3.0270	0.1862	0.64226	0.08127	0.13459	0.011700	0.33249
1/25/2001 07:00	0.0000	3.6801	0.2264	0.73524	0.16607	0.21032	0.041700	0.35330
1/25/2001 08:00	0.0000	1.8000	0.1107	0.71025	0.15900	0.27132	0.011700	0.29869
1/25/2001 09:00	0.0000	1.0354	0.0637	0.63513	0.08127	0.33250	0.011700	0.25421
1/25/2001 10:00	0.0000	0.3788	0.0233	0.54650	0.06713	0.34779	0.011700	0.26019
1/25/2001 11:00	0.0000	0.5970	0.0367	0.46757	0.06713	0.36309	0.011700	0.26027
1/25/2001 12:00	0.0000	0.0000	0.0000	0.40600	0.06713	0.35331	0.011700	0.25589
1/25/2001 13:00	0.0000	0.0000	0.0000	0.36890	0.06713	0.32072	0.011700	0.26473
1/25/2001 14:00	0.0000	0.0000	0.0000	0.33184	0.07067	0.29567	0.011700	0.27964
1/25/2001 15:00	0.0000	0.0000	0.0000	0.33594	0.08833	0.30433	0.011700	0.29518
1/25/2001 16:00	0.0000	0.0517	0.0032	0.38089	0.14840	0.35098	0.011700	0.34915
1/25/2001 17:00	0.0000	0.3452	0.0212	0.47621	0.27560	0.43555	0.011700	0.42416
1/25/2001 18:00	0.0000	0.8713	0.0536	0.56335	0.40986	0.39348	0.041700	0.46051
1/25/2001 19:00	0.0000	0.4866	0.0299	0.57771	0.43460	0.31774	0.011700	0.47534
1/25/2001 20:00	0.0000	0.8664	0.0533	0.52603	0.37453	0.28125	0.011700	0.49168
1/25/2001 21:00	0.0000	1.1398	0.0701	0.46317	0.31447	0.26494	0.011700	0.48020
1/25/2001 22:00	0.0000	1.4463	0.0890	0.36341	0.23673	0.21327	0.011700	0.41555
1/25/2001 23:00	0.0000	1.7534	0.1079	0.25566	0.16253	0.14336	0.011700	0.36111
1/26/2001 00:00	0.0000	2.0033	0.1232	0.14117	0.08480	0.09397	0.011700	0.29869
1/26/2001 01:00	0.0000	2.3727	0.1460	0.08893	0.04947	0.07966	0.011700	0.27502
1/26/2001 02:00	0.0000	2.8721	0.1767	0.07482	0.03533	0.06742	0.011700	0.27183
1/26/2001 03:00	0.0000	2.8927	0.1779	0.07889	0.03533	0.06007	0.011700	0.26800
1/26/2001 04:00	0.0000	2.9897	0.1839	0.12038	0.03533	0.07002	0.011700	0.25788
1/26/2001 05:00	0.0000	3.0414	0.1871	0.30252	0.03533	0.08238	0.011700	0.28777
1/26/2001 06:00	0.0000	2.9935	0.1841	0.64239	0.08127	0.13459	0.011700	0.33249
1/26/2001 07:00	0.0000	4.1587	0.2558	0.73538	0.16607	0.21032	0.041700	0.35330
1/26/2001 08:00	0.0000	2.2132	0.1361	0.71039	0.15900	0.27132	0.011700	0.29869
1/26/2001 09:00	0.0000	1.8338	0.1128	0.63525	0.08127	0.33250	0.011700	0.25421
1/26/2001 10:00	0.0000	1.1073	0.0681	0.54661	0.06713	0.34779	0.011700	0.26019
1/26/2001 11:00	0.0000	1.6392	0.1008	0.46766	0.06713	0.36309	0.011700	0.26027
1/26/2001 12:00	0.0000	0.2433	0.0150	0.40608	0.06713	0.35331	0.011700	0.25589
1/26/2001 13:00	0.0000	0.0224	0.0014	0.36973	0.06713	0.32072	0.011700	0.26473
1/26/2001 14:00	0.0000	0.0000	0.0000	0.33346	0.07067	0.29567	0.011700	0.27964
1/26/2001 15:00	0.0000	0.0000	0.0000	0.33804	0.08833	0.30433	0.011700	0.29518
1/26/2001 16:00	0.0000	0.0282	0.0017	0.38180	0.14840	0.35098	0.011700	0.34915
1/26/2001 17:00	0.0000	0.9406	0.0579	0.47631	0.27560	0.43555	0.011700	0.42416
1/26/2001 18:00	0.0000	2.1414	0.1317	0.56346	0.40986	0.39348	0.041700	0.46051
1/26/2001 19:00	0.0000	1.5854	0.0975	0.57782	0.43460	0.31774	0.011700	0.47534
1/26/2001 20:00	0.0000	1.9163	0.1179	0.52613	0.37453	0.28125	0.011700	0.49168
1/26/2001 21:00	0.0000	2.2704	0.1397	0.46325	0.31447	0.26494	0.011700	0.48020
1/26/2001 22:00	0.0000	2.5522	0.1570	0.36348	0.23673	0.21327	0.011700	0.41555
1/26/2001 23:00	0.0000	2.9551	0.1818	0.25570	0.16253	0.14336	0.011700	0.36111
1/27/2001 00:00	0.0000	3.1615	0.1945	0.14118	0.08480	0.09397	0.011700	0.29869
1/27/2001 01:00	0.0000	3.4498	0.2122	0.08894	0.04947	0.07966	0.011700	0.27502
1/27/2001 02:00	0.0000	3.6480	0.2244	0.07483	0.03533	0.06742	0.011700	0.27183
1/27/2001 03:00	0.0000	3.7767	0.2323	0.07889	0.03533	0.06007	0.011700	0.26800
1/27/2001 04:00	0.0000	3.9232	0.2413	0.12039	0.03533	0.07002	0.011700	0.25788
1/27/2001 05:00	0.0000	3.9882	0.2453	0.30256	0.03533	0.08238	0.011700	0.28777
1/27/2001 06:00	0.0000	3.9306	0.2418	0.64247	0.08127	0.13459	0.011700	0.33249
1/27/2001 07:00	0.0000	5.3493	0.3291	0.73548	0.16607	0.21032	0.041700	0.35330
1/27/2001 08:00	0.0000	3.5590	0.2189	0.71049	0.15900	0.27132	0.011700	0.29869
1/27/2001 09:00	0.0000	3.4786	0.2140	0.63534	0.08127	0.33250	0.011700	0.25421
1/27/2001 10:00	0.0000	2.8574	0.1758	0.54669	0.06713	0.34779	0.011700	0.26019
1/27/2001 11:00	0.0000	3.5189	0.2165	0.46772	0.06713	0.36309	0.011700	0.26027
1/27/2001 12:00	0.0000	2.2136	0.1362	0.40614	0.06713	0.35331	0.011700	0.25589
1/27/2001 13:00	0.0000	1.9959	0.1228	0.36978	0.06713	0.32072	0.011700	0.26473
1/27/2001 14:00	0.0000	1.6574	0.1020	0.33350	0.07067	0.29567	0.011700	0.27964
1/27/2001 15:00	0.0000	1.6101	0.0990	0.33827	0.08833	0.30433	0.011700	0.29518
1/27/2001 16:00	0.0000	1.5917	0.0979	0.38218	0.14840	0.35098	0.011700	0.34915
1/27/2001 17:00	0.0000	1.7775	0.1093	0.47637	0.27560	0.43555	0.011700	0.42416
1/27/2001 18:00	0.0000	2.9504	0.1815	0.56353	0.40986	0.39348	0.041700	0.46051
1/27/2001 19:00	0.0000	2.1423	0.1318	0.57789	0.43460	0.31774	0.011700	0.47534
1/27/2001 20:00	0.0000	2.4470	0.1505	0.52620	0.37453	0.28125	0.011700	0.49168
1/27/2001 21:00	0.0000	2.5855	0.1590	0.46331	0.31447	0.26494	0.011700	0.48020
1/27/2001 22:00	0.0000	2.8042	0.1725	0.36353	0.23673	0.21327	0.011700	0.41555
1/27/2001 23:00	0.0000	3.1254	0.1923	0.25574	0.16253	0.14336	0.011700	0.36111
1/28/2001 00:00	0.0000	3.2330	0.1989	0.15119	0.08480	0.10055	0.011700	0.29869
1/28/2001 01:00	0.0000	3.4363	0.2114	0.09421	0.04947	0.08360	0.011700	0.27502
1/28/2001 02:00	0.0000	3.6650	0.2255	0.07871	0.03533	0.07003	0.011700	0.27183
1/28/2001 03:00	0.0000	3.7255	0.2292	0.08307	0.03533	0.06144	0.011700	0.26800
1/28/2001 04:00	0.0000	3.6925	0.2271	0.12893	0.03533	0.07269	0.011700	0.25788
1/28/2001 05:00	0.0000	3.5699	0.2196	0.32723	0.03533	0.08648	0.011700	0.28777
1/28/2001 06:00	0.0000	3.3787	0.2078	0.69906	0.08127	0.14521	0.011700	0.33249
1/28/2001 07:00	0.0000	4.6561	0.2864	0.80419	0.16607	0.23148	0.041700	0.35330
1/28/2001 08:00	0.0000	3.2474	0.1998	0.78218	0.15900	0.30375	0.011700	0.29869
1/28/2001 09:00	0.0000	3.2850	0.2021	0.70129	0.08127	0.37753	0.011700	0.25421
1/28/2001 10:00	0.0000	2.8288	0.1740	0.60329	0.06713	0.39871	0.011700	0.26019
1/28/2001 11:00	0.0000	3.4571	0.2127	0.51469	0.06713	0.41558	0.011700	0.26027
1/28/2001 12:00	0.0000	2.2016	0.1354	0.44685	0.06713	0.40112	0.011700	0.25589
1/28/2001 13:00	0.0000	2.0125	0.1238	0.40511	0.06713	0.36431	0.011700	0.26473
1/28/2001 14:00	0.0000	1.8820	0.1158	0.36548	0.07067	0.33480	0.011700	0.27964
1/28/2001 15:00	0.0000	1.8443	0.1135	0.37009	0.08833	0.34138	0.011700	0.29518
1/28/2001 16:00	0.0000	1.8006	0.1108	0.42125	0.14840	0.38690	0.011700	0.34915
1/28/2001 17:00	0.0000	1.7190	0.1057	0.52344	0.27560	0.47090	0.011700	0.42416
1/28/2001 18:00	0.0000	2.7778	0.1709	0.62461	0.40986	0.42779	0.041700	0.46051
1/28/2001 19:00	0.0000	1.8776	0.1155	0.64623	0.43460	0.35199	0.011700	0.47534
1/28/2001 20:00	0.0000	2.0670	0.1272	0.59123	0.37453	0.31611	0.011700	0.49168
1/28/2001 21:00	0.0000	2.0478	0.1260	0.51784	0.31447	0.30055	0.011700	0.48020
1/28/2001 22:00	0.0000	2.2277	0.1370	0.40640	0.23673	0.24157	0.011700	0.41555
1/28/2001 23:00	0.0000	2.3549	0.1449	0.28248	0.16253	0.15890	0.011700	0.36111
1/29/2001 00:00	0.0000	2.4983	0.1537	0.15119	0.08480	0.10055	0.011700	0.29869
1/29/2001 01:00	0.0000	2.6007	0.1600	0.09422	0.04947	0.08360	0.011700	0.27502
1/29/2001 02:00	0.0000	2.5999	0.1599	0.07871	0.03533	0.07003	0.011700	0.27183
1/29/2001 03:00	0.0000	2.6538	0.1633	0.08307	0.03533	0.06144	0.011700	0.26800
1/29/2001 04:00	0.0000	2.6892	0.1654	0.12893	0.03533	0.07269	0.011700	0.25788
1/29/2001 05:00	0.0000	2.7159	0.1671	0.32723	0.03533	0.08648	0.011700	0.28777
1/29/2001 06:00	0.0000	2.7823	0.1712	0.69907	0.08127	0.14521	0.011700	0.33249
1/29/2001 07:00	0.0000	3.7523	0.2308	0.80420	0.16607	0.23148	0.041700	0.35330
1/29/2001 08:00	0.0000	2.2933	0.1411	0.78219	0.15900	0.30375	0.011700	0.29869
1/29/2001 09:00	0.0000	2.6619	0.1637	0.70130	0.08127	0.37753	0.011700	0.25421
1/29/2001 10:00	0.0000	2.5024	0.1539	0.60329	0.06713	0.39871	0.011700	0.26019
1/29/2001 11:00	0.0000	3.4652	0.2132	0.51470	0.06713	0.41558	0.011700	0.26027
1/29/2001 12:00	0.0000	2.4916	0.1533	0.44685	0.06713	0.40112	0.011700	0.25589
1/29/2001 13:00	0.0000	2.4454	0.1504	0.40511	0.06713	0.36431	0.011700	0.26473
1/29/2001 14:00	0.0000	2.1565	0.1327	0.36549	0.07067	0.33480	0.011700	0.27964
1/29/2001 15:00	0.0000	2.0897	0.1285	0.37010	0.08833	0.34138	0.011700	0.29518
1/29/2001 16:00	0.0000	2.1372	0.1315	0.42125	0.14840	0.38690	0.011700	0.34915
1/29/2001 17:00	0.0000	2.1034	0.1294	0.52344	0.27560	0.47090	0.011700	0.42416
1/29/2001 18:00	0.0000	2.9418	0.1810	0.62462	0.40986	0.42779	0.041700	0.46051
1/29/2001 19:00	0.0000	1.8989	0.1168	0.64624	0.43460	0.35199	0.011700	0.47534
1/29/2001 20:00	0.0000	1.9455	0.1197	0.59124	0.37453	0.31611	0.011700	0.49168
1/29/2001 21:00	0.0000	1.7626	0.1084	0.51785	0.31447	0.30055	0.011700	0.48020
1/29/2001 22:00	0.0000	1.8600	0.1144	0.40641	0.23673	0.24157	0.011700	0.41555
1/29/2001 23:00	0.0000	2.1120	0.1299	0.28248	0.16253	0.15890	0.011700	0.36111
1/30/2001 00:00	0.0000	2.1052	0.1295	0.14119	0.08480	0.09397	0.011700	0.29869
1/30/2001 01:00	0.0000	2.1847	0.1344	0.08894	0.04947	0.07966	0.011700	0.27502
1/30/2001 02:00	0.0000	2.2903	0.1409	0.07483	0.03533	0.06742	0.011700	0.27183
1/30/2001 03:00	0.0000	2.3615	0.1453	0.07889	0.03533	0.06007	0.011700	0.26800
1/30/2001 04:00	0.0000	2.4796	0.1525	0.12040	0.03533	0.07002	0.011700	0.25788
1/30/2001 05:00	0.0000	2.4422	0.1502	0.30257	0.03533	0.08238	0.011700	0.28777
1/30/2001 06:00	0.0000	2.3751	0.1461	0.64250	0.08127	0.13459	0.011700	0.33249
1/30/2001 07:00	0.0000	3.3238	0.2045	0.73551	0.16607	0.21032	0.041700	0.35330
1/30/2001 08:00	0.0000	2.2806	0.1403	0.71052	0.15900	0.27132	0.011700	0.29869
1/30/2001 09:00	0.0000	2.3562	0.1449	0.63537	0.08127	0.33250	0.011700	0.25421
1/30/2001 10:00	0.0000	1.9820	0.1219	0.54671	0.06713	0.34779	0.011700	0.26019
1/30/2001 11:00	0.0000	2.8056	0.1726	0.46774	0.06713	0.36309	0.011700	0.26027
1/30/2001 12:00	0.0000	1.6841	0.1036	0.40615	0.06713	0.35331	0.011700	0.25589
1/30/2001 13:00	0.0000	1.5710	0.0966	0.36980	0.06713	0.32072	0.011700	0.26473
1/30/2001 14:00	0.0000	1.3631	0.0839	0.33351	0.07067	0.29567	0.011700	0.27964
1/30/2001 15:00	0.0000	1.6113	0.0991	0.33828	0.08833	0.30433	0.011700	0.29518
1/30/2001 16:00	0.0000	1.7249	0.1061	0.38219	0.14840	0.35098	0.011700	0.34915
1/30/2001 17:00	0.0000	1.7010	0.1046	0.47639	0.27560	0.43555	0.011700	0.42416
1/30/2001 18:00	0.0000	2.6497	0.1630	0.56356	0.40986	0.39348	0.041700	0.46051
1/30/2001 19:00	0.0000	1.7742	0.1091	0.57792	0.43460	0.31774	0.011700	0.47534
1/30/2001 20:00	0.0000	1.8218	0.1121	0.52622	0.37453	0.28125	0.011700	0.49168
1/30/2001 21:00	0.0000	1.8331	0.1128	0.46333	0.31447	0.26494	0.011700	0.48020
1/30/2001 22:00	0.0000	2.1274	0.1309	0.36354	0.23673	0.21327	0.011700	0.41555
1/30/2001 23:00	0.0000	2.4511	0.1508	0.25574	0.16253	0.14336	0.011700	0.36111
1/31/2001 00:00	0.0000	2.6079	0.1604	0.14117	0.08480	0.09397	0.011700	0.29869
1/31/2001 01:00	0.0000	2.6385	0.1623	0.08894	0.04947	0.07966	0.011700	0.27502
1/31/2001 02:00	0.0000	2.8629	0.1761	0.07482	0.03533	0.06742	0.011700	0.27183
1/31/2001 03:00	0.0000	2.8234	0.1737	0.07889	0.03533	0.06007	0.011700	0.26800
1/31/2001 04:00	0.0000	2.9032	0.1786	0.12039	0.03533	0.07002	0.011700	0.25788
1/31/2001 05:00	0.0000	2.8131	0.1730	0.30254	0.03533	0.08238	0.011700	0.28777
1/31/2001 06:00	0.0000	2.7553	0.1695	0.64243	0.08127	0.13459	0.011700	0.33249
1/31/2001 07:00	0.0000	3.7557	0.2310	0.73543	0.16607	0.21032	0.041700	0.35330
1/31/2001 08:00	0.0000	2.2872	0.1407	0.71044	0.15900	0.27132	0.011700	0.29869
1/31/2001 09:00	0.0000	2.2956	0.1412	0.63530	0.08127	0.33250	0.011700	0.25421
1/31/2001 10:00	0.0000	1.0536	0.0648	0.54665	0.06713	0.34779	0.011700	0.26019
1/31/2001 11:00	0.0000	1.3679	0.0842	0.46769	0.06713	0.36309	0.011700	0.26027
1/31/2001 12:00	0.0000	0.0000	0.0000	0.40611	0.06713	0.35331	0.011700	0.25589
1/31/2001 13:00	0.0000	0.0000	0.0000	0.36944	0.06713	0.32072	0.011700	0.26473
1/31/2001 14:00	0.0000	0.0000	0.0000	0.33239	0.07067	0.29567	0.011700	0.27964
1/31/2001 15:00	0.0000	0.0000	0.0000	0.33628	0.08833	0.30433	0.011700	0.29518
1/31/2001 16:00	0.0000	0.0000	0.0000	0.37962	0.14840	0.35098	0.011700	0.34915
1/31/2001 17:00	0.0000	0.0000	0.0000	0.47376	0.27560	0.43555	0.011700	0.42416
1/31/2001 18:00	0.0000	1.2216	0.0751	0.56191	0.40986	0.39348	0.041700	0.46051
1/31/2001 19:00	0.0000	0.5753	0.0354	0.57759	0.43460	0.31774	0.011700	0.47534
1/31/2001 20:00	0.0000	1.1142	0.0685	0.52614	0.37453	0.28125	0.011700	0.49168
1/31/2001 21:00	0.0000	1.3346	0.0821	0.46328	0.31447	0.26494	0.011700	0.48020
1/31/2001 22:00	0.0000	1.5130	0.0931	0.36350	0.23673	0.21327	0.011700	0.41555
1/31/2001 23:00	0.0000	1.5552	0.0957	0.25572	0.16253	0.14336	0.011700	0.36111
