Date/Time	Cooling (E)	Heating (E)	HVAC Fan/Pump (E)	Hot Water (E)	Lights (E)	Lg. Appl. (E)	Vent Fan (E)	Misc. (E)
	kWh	kWh	kWh	kWh	kWh	kWh	kWh	kWh
5/5/2001 00:00	0.0142	0.0000	0.0028	0.11426	0.08361	0.09397	0.011700	0.29869
5/5/2001 01:00	0.0000	0.0000	0.0000	0.07356	0.05017	0.07966	0.011700	0.27502
5/5/2001 02:00	0.0000	0.0000	0.0000	0.06329	0.03344	0.06742	0.011700	0.27183
5/5/2001 03:00	0.0000	0.5157	0.0317	0.06918	0.03344	0.06007	0.011700	0.26800
5/5/2001 04:00	0.0000	0.0000	0.0000	0.10088	0.03344	0.07002	0.011700	0.25788
5/5/2001 05:00	0.0000	0.0000	0.0000	0.24018	0.03530	0.08238	0.011700	0.28777
5/5/2001 06:00	0.0000	0.0000	0.0000	0.50059	0.05017	0.13459	0.011700	0.33249
5/5/2001 07:00	0.0000	0.0000	0.0000	0.56996	0.08361	0.21032	0.041700	0.35330
5/5/2001 08:00	0.0000	0.0000	0.0000	0.54937	0.06317	0.27132	0.011700	0.29869
5/5/2001 09:00	0.0000	0.0000	0.0000	0.48955	0.03344	0.33250	0.011700	0.25421
5/5/2001 10:00	0.0000	0.0000	0.0000	0.42021	0.02787	0.34779	0.011700	0.26019
5/5/2001 11:00	0.0000	0.0000	0.0000	0.36089	0.02787	0.36309	0.011700	0.26027
5/5/2001 12:00	0.0000	0.0000	0.0000	0.31428	0.02787	0.35331	0.011700	0.25589
5/5/2001 13:00	0.2163	0.0000	0.0404	0.28654	0.02787	0.32072	0.011700	0.26473
5/5/2001 14:00	0.2611	0.0000	0.0494	0.25845	0.02787	0.29567	0.011700	0.27964
5/5/2001 15:00	0.6396	0.0000	0.1186	0.26237	0.02787	0.30433	0.011700	0.29518
5/5/2001 16:00	0.5593	0.0000	0.1016	0.29603	0.02973	0.35098	0.011700	0.34915
5/5/2001 17:00	0.6315	0.0000	0.1158	0.36911	0.03716	0.43555	0.011700	0.42416
5/5/2001 18:00	0.6081	0.0000	0.1137	0.43755	0.06503	0.39348	0.041700	0.46051
5/5/2001 19:00	0.3785	0.0000	0.0735	0.44949	0.13006	0.31774	0.011700	0.47534
5/5/2001 20:00	0.0000	0.0000	0.0000	0.40896	0.22854	0.28125	0.011700	0.49168
5/5/2001 21:00	0.0000	0.0000	0.0000	0.36222	0.29914	0.26494	0.011700	0.48020
5/5/2001 22:00	0.0000	0.0000	0.0000	0.28570	0.23411	0.21327	0.011700	0.41555
5/5/2001 23:00	0.0000	0.0000	0.0000	0.20278	0.16351	0.14336	0.011700	0.36111
5/6/2001 00:00	0.0000	0.0000	0.0000	0.11548	0.08361	0.09397	0.011700	0.29869
5/6/2001 01:00	0.0000	0.0386	0.0024	0.08032	0.05017	0.08360	0.011700	0.27502
5/6/2001 02:00	0.0000	0.0000	0.0000	0.06903	0.03344	0.07003	0.011700	0.27183
5/6/2001 03:00	0.0000	0.0000	0.0000	0.07175	0.03344	0.06144	0.011700	0.26800
5/6/2001 04:00	0.0000	0.0000	0.0000	0.10642	0.03344	0.07269	0.011700	0.25788
5/6/2001 05:00	0.0000	0.0000	0.0000	0.25828	0.03530	0.08648	0.011700	0.28777
5/6/2001 06:00	0.0000	0.0000	0.0000	0.54202	0.05017	0.14521	0.011700	0.33249
5/6/2001 07:00	0.0000	0.0000	0.0000	0.61955	0.08361	0.23148	0.041700	0.35330
5/6/2001 08:00	0.0000	0.0000	0.0000	0.60066	0.06317	0.30375	0.011700	0.29869
5/6/2001 09:00	0.0333	0.0000	0.0064	0.53607	0.03344	0.37753	0.011700	0.25421
5/6/2001 10:00	0.2227	0.0000	0.0409	0.45959	0.02787	0.39871	0.011700	0.26019
5/6/2001 11:00	0.4098	0.0000	0.0730	0.39255	0.02787	0.41558	0.011700	0.26027
5/6/2001 12:00	0.4789	0.0000	0.0844	0.34126	0.02787	0.40112	0.011700	0.25589
5/6/2001 13:00	0.5904	0.0000	0.1010	0.31043	0.02787	0.36431	0.011700	0.26473
5/6/2001 14:00	0.6747	0.0000	0.1154	0.28067	0.02787	0.33480	0.011700	0.27964
5/6/2001 15:00	0.7740	0.0000	0.1337	0.28459	0.02787	0.34138	0.011700	0.29518
5/6/2001 16:00	0.8071	0.0000	0.1439	0.32358	0.02973	0.38690	0.011700	0.34915
5/6/2001 17:00	0.8018	0.0000	0.1459	0.40252	0.03716	0.47090	0.011700	0.42416
5/6/2001 18:00	0.6444	0.0000	0.1209	0.48149	0.06503	0.42779	0.041700	0.46051
5/6/2001 19:00	0.4919	0.0000	0.0957	0.49901	0.13006	0.35199	0.011700	0.47534
5/6/2001 20:00	0.3158	0.0000	0.0629	0.45608	0.22854	0.31611	0.011700	0.49168
5/6/2001 21:00	0.2143	0.0000	0.0431	0.39916	0.29914	0.30055	0.011700	0.48020
5/6/2001 22:00	0.1344	0.0000	0.0271	0.31478	0.23411	0.24157	0.011700	0.41555
5/6/2001 23:00	0.0714	0.0000	0.0145	0.22119	0.16351	0.15890	0.011700	0.36111
5/7/2001 00:00	0.0107	0.0000	0.0022	0.12099	0.08361	0.10055	0.011700	0.29869
5/7/2001 01:00	0.0000	0.0000	0.0000	0.07704	0.05017	0.08360	0.011700	0.27502
5/7/2001 02:00	0.0000	0.0000	0.0000	0.06580	0.03344	0.07003	0.011700	0.27183
5/7/2001 03:00	0.0000	0.0000	0.0000	0.06930	0.03344	0.06144	0.011700	0.26800
5/7/2001 04:00	0.0000	0.0000	0.0000	0.10404	0.03344	0.07269	0.011700	0.25788
5/7/2001 05:00	0.0000	0.0000	0.0000	0.25519	0.03530	0.08648	0.011700	0.28777
5/7/2001 06:00	0.0000	0.0000	0.0000	0.53757	0.05017	0.14521	0.011700	0.33249
5/7/2001 07:00	0.0000	0.0000	0.0000	0.61463	0.08361	0.23148	0.041700	0.35330
5/7/2001 08:00	0.0000	0.0000	0.0000	0.59607	0.06317	0.30375	0.011700	0.29869
5/7/2001 09:00	0.1617	0.0000	0.0301	0.53238	0.03344	0.37753	0.011700	0.25421
5/7/2001 10:00	0.3117	0.0000	0.0566	0.45741	0.02787	0.39871	0.011700	0.26019
5/7/2001 11:00	0.4650	0.0000	0.0834	0.39071	0.02787	0.41558	0.011700	0.26027
5/7/2001 12:00	0.5039	0.0000	0.0896	0.33968	0.02787	0.40112	0.011700	0.25589
5/7/2001 13:00	0.5787	0.0000	0.1018	0.30902	0.02787	0.36431	0.011700	0.26473
5/7/2001 14:00	0.6367	0.0000	0.1120	0.27940	0.02787	0.33480	0.011700	0.27964
5/7/2001 15:00	0.6117	0.0000	0.1109	0.28331	0.02787	0.34138	0.011700	0.29518
5/7/2001 16:00	0.5643	0.0000	0.1033	0.32212	0.02973	0.38690	0.011700	0.34915
5/7/2001 17:00	0.5035	0.0000	0.0941	0.40069	0.03716	0.47090	0.011700	0.42416
5/7/2001 18:00	0.4189	0.0000	0.0790	0.47932	0.06503	0.42779	0.041700	0.46051
5/7/2001 19:00	0.3343	0.0000	0.0642	0.49678	0.13006	0.35199	0.011700	0.47534
5/7/2001 20:00	0.2560	0.0000	0.0500	0.45403	0.22854	0.31611	0.011700	0.49168
5/7/2001 21:00	0.2123	0.0000	0.0418	0.39737	0.29914	0.30055	0.011700	0.48020
5/7/2001 22:00	0.1359	0.0000	0.0271	0.31341	0.23411	0.24157	0.011700	0.41555
5/7/2001 23:00	0.0855	0.0000	0.0171	0.22029	0.16351	0.15890	0.011700	0.36111
5/8/2001 00:00	0.0287	0.0000	0.0058	0.12057	0.08361	0.10055	0.011700	0.29869
5/8/2001 01:00	0.0000	0.0000	0.0000	0.07298	0.05017	0.07966	0.011700	0.27502
5/8/2001 02:00	0.0000	0.0000	0.0000	0.06270	0.03344	0.06742	0.011700	0.27183
5/8/2001 03:00	0.0000	0.0000	0.0000	0.06734	0.03344	0.06007	0.011700	0.26800
5/8/2001 04:00	0.0000	0.0000	0.0000	0.09930	0.03344	0.07002	0.011700	0.25788
5/8/2001 05:00	0.0000	0.0000	0.0000	0.23682	0.03530	0.08238	0.011700	0.28777
5/8/2001 06:00	0.0000	0.0000	0.0000	0.49269	0.05017	0.13459	0.011700	0.33249
5/8/2001 07:00	0.0000	0.0000	0.0000	0.56058	0.08361	0.21032	0.041700	0.35330
5/8/2001 08:00	0.0000	0.0000	0.0000	0.54072	0.06317	0.27132	0.011700	0.29869
5/8/2001 09:00	0.1364	0.0000	0.0253	0.48176	0.03344	0.33250	0.011700	0.25421
5/8/2001 10:00	0.1957	0.0000	0.0360	0.41414	0.02787	0.34779	0.011700	0.26019
5/8/2001 11:00	0.2707	0.0000	0.0501	0.35488	0.02787	0.36309	0.011700	0.26027
5/8/2001 12:00	0.4367	0.0000	0.0786	0.30868	0.02787	0.35331	0.011700	0.25589
5/8/2001 13:00	0.5437	0.0000	0.0968	0.28209	0.02787	0.32072	0.011700	0.26473
5/8/2001 14:00	0.6173	0.0000	0.1100	0.25502	0.02787	0.29567	0.011700	0.27964
5/8/2001 15:00	0.5847	0.0000	0.1053	0.25895	0.02787	0.30433	0.011700	0.29518
5/8/2001 16:00	0.5388	0.0000	0.0998	0.29212	0.02973	0.35098	0.011700	0.34915
5/8/2001 17:00	0.4919	0.0000	0.0927	0.36420	0.03716	0.43555	0.011700	0.42416
5/8/2001 18:00	0.4522	0.0000	0.0846	0.43176	0.06503	0.39348	0.041700	0.46051
5/8/2001 19:00	0.4051	0.0000	0.0765	0.44358	0.13006	0.31774	0.011700	0.47534
5/8/2001 20:00	0.3417	0.0000	0.0645	0.40358	0.22854	0.28125	0.011700	0.49168
5/8/2001 21:00	0.3050	0.0000	0.0576	0.35516	0.29914	0.26494	0.011700	0.48020
5/8/2001 22:00	0.2429	0.0000	0.0459	0.28016	0.23411	0.21327	0.011700	0.41555
5/8/2001 23:00	0.1899	0.0000	0.0359	0.19944	0.16351	0.14336	0.011700	0.36111
5/9/2001 00:00	0.1072	0.0000	0.0207	0.11274	0.08361	0.09397	0.011700	0.29869
5/9/2001 01:00	0.0000	0.0000	0.0000	0.07280	0.05017	0.07966	0.011700	0.27502
5/9/2001 02:00	0.0379	0.0000	0.0072	0.06286	0.03344	0.06742	0.011700	0.27183
5/9/2001 03:00	0.0714	0.0000	0.0136	0.06548	0.03344	0.06007	0.011700	0.26800
5/9/2001 04:00	0.0488	0.0000	0.0093	0.09640	0.03344	0.07002	0.011700	0.25788
5/9/2001 05:00	0.0539	0.0000	0.0103	0.23374	0.03530	0.08238	0.011700	0.28777
5/9/2001 06:00	0.0941	0.0000	0.0180	0.48948	0.05017	0.13459	0.011700	0.33249
5/9/2001 07:00	0.0842	0.0000	0.0161	0.55734	0.08361	0.21032	0.041700	0.35330
5/9/2001 08:00	0.1547	0.0000	0.0290	0.53703	0.06317	0.27132	0.011700	0.29869
5/9/2001 09:00	0.2408	0.0000	0.0444	0.47923	0.03344	0.33250	0.011700	0.25421
5/9/2001 10:00	0.3165	0.0000	0.0584	0.41219	0.02787	0.34779	0.011700	0.26019
5/9/2001 11:00	0.2854	0.0000	0.0535	0.35324	0.02787	0.36309	0.011700	0.26027
5/9/2001 12:00	0.3062	0.0000	0.0578	0.30727	0.02787	0.35331	0.011700	0.25589
5/9/2001 13:00	0.3068	0.0000	0.0585	0.28082	0.02787	0.32072	0.011700	0.26473
5/9/2001 14:00	0.4123	0.0000	0.0767	0.25389	0.02787	0.29567	0.011700	0.27964
5/9/2001 15:00	0.4141	0.0000	0.0771	0.25781	0.02787	0.30433	0.011700	0.29518
5/9/2001 16:00	0.4431	0.0000	0.0833	0.29082	0.02973	0.35098	0.011700	0.34915
5/9/2001 17:00	0.4953	0.0000	0.0932	0.36257	0.03716	0.43555	0.011700	0.42416
5/9/2001 18:00	0.5217	0.0000	0.0973	0.42984	0.06503	0.39348	0.041700	0.46051
5/9/2001 19:00	0.4530	0.0000	0.0867	0.44162	0.13006	0.31774	0.011700	0.47534
5/9/2001 20:00	0.3149	0.0000	0.0613	0.40180	0.22854	0.28125	0.011700	0.49168
5/9/2001 21:00	0.2397	0.0000	0.0467	0.35359	0.29914	0.26494	0.011700	0.48020
5/9/2001 22:00	0.1535	0.0000	0.0299	0.27896	0.23411	0.21327	0.011700	0.41555
5/9/2001 23:00	0.0747	0.0000	0.0148	0.19864	0.16351	0.14336	0.011700	0.36111
5/10/2001 00:00	0.0247	0.0000	0.0048	0.11236	0.08361	0.09397	0.011700	0.29869
5/10/2001 01:00	0.0000	0.0000	0.0000	0.07260	0.05017	0.07966	0.011700	0.27502
5/10/2001 02:00	0.0000	0.0000	0.0000	0.06244	0.03344	0.06742	0.011700	0.27183
5/10/2001 03:00	0.0000	0.1675	0.0103	0.06713	0.03344	0.06007	0.011700	0.26800
5/10/2001 04:00	0.0000	0.0000	0.0000	0.09933	0.03344	0.07002	0.011700	0.25788
5/10/2001 05:00	0.0000	0.0000	0.0000	0.23499	0.03530	0.08238	0.011700	0.28777
5/10/2001 06:00	0.0000	0.0000	0.0000	0.48876	0.05017	0.13459	0.011700	0.33249
5/10/2001 07:00	0.0000	0.0000	0.0000	0.55608	0.08361	0.21032	0.041700	0.35330
5/10/2001 08:00	0.0639	0.0000	0.0124	0.53552	0.06317	0.27132	0.011700	0.29869
5/10/2001 09:00	0.2841	0.0000	0.0539	0.47700	0.03344	0.33250	0.011700	0.25421
5/10/2001 10:00	0.4328	0.0000	0.0793	0.41026	0.02787	0.34779	0.011700	0.26019
5/10/2001 11:00	0.5148	0.0000	0.0934	0.35160	0.02787	0.36309	0.011700	0.26027
5/10/2001 12:00	0.5232	0.0000	0.0932	0.30587	0.02787	0.35331	0.011700	0.25589
5/10/2001 13:00	0.5334	0.0000	0.0952	0.27956	0.02787	0.32072	0.011700	0.26473
5/10/2001 14:00	0.5547	0.0000	0.0991	0.25276	0.02787	0.29567	0.011700	0.27964
5/10/2001 15:00	0.6611	0.0000	0.1172	0.25667	0.02787	0.30433	0.011700	0.29518
5/10/2001 16:00	0.7457	0.0000	0.1336	0.28952	0.02973	0.35098	0.011700	0.34915
5/10/2001 17:00	0.8324	0.0000	0.1509	0.36094	0.03716	0.43555	0.011700	0.42416
5/10/2001 18:00	0.8502	0.0000	0.1557	0.42792	0.06503	0.39348	0.041700	0.46051
5/10/2001 19:00	0.5814	0.0000	0.1127	0.43966	0.13006	0.31774	0.011700	0.47534
5/10/2001 20:00	0.0000	0.0000	0.0000	0.40001	0.22854	0.28125	0.011700	0.49168
5/10/2001 21:00	0.0000	0.0000	0.0000	0.35325	0.29914	0.26494	0.011700	0.48020
5/10/2001 22:00	0.0000	0.0000	0.0000	0.27957	0.23411	0.21327	0.011700	0.41555
5/10/2001 23:00	0.0000	0.0000	0.0000	0.19904	0.16351	0.14336	0.011700	0.36111
5/11/2001 00:00	0.0000	0.0000	0.0000	0.11406	0.08361	0.09397	0.011700	0.29869
5/11/2001 01:00	0.0000	0.0269	0.0017	0.07565	0.05017	0.07966	0.011700	0.27502
5/11/2001 02:00	0.0000	0.0279	0.0017	0.06546	0.03344	0.06742	0.011700	0.27183
5/11/2001 03:00	0.0000	0.1608	0.0099	0.06843	0.03344	0.06007	0.011700	0.26800
5/11/2001 04:00	0.0000	0.2965	0.0182	0.09905	0.03344	0.07002	0.011700	0.25788
5/11/2001 05:00	0.0000	0.3623	0.0223	0.23508	0.03530	0.08238	0.011700	0.28777
5/11/2001 06:00	0.0000	0.3204	0.0197	0.48834	0.05017	0.13459	0.011700	0.33249
5/11/2001 07:00	0.0000	0.2489	0.0153	0.55546	0.08361	0.21032	0.041700	0.35330
5/11/2001 08:00	0.0000	0.0000	0.0000	0.53529	0.06317	0.27132	0.011700	0.29869
5/11/2001 09:00	0.0000	0.0000	0.0000	0.47674	0.03344	0.33250	0.011700	0.25421
5/11/2001 10:00	0.1350	0.0000	0.0253	0.40878	0.02787	0.34779	0.011700	0.26019
5/11/2001 11:00	0.2631	0.0000	0.0487	0.34999	0.02787	0.36309	0.011700	0.26027
5/11/2001 12:00	0.3634	0.0000	0.0657	0.30446	0.02787	0.35331	0.011700	0.25589
5/11/2001 13:00	0.4312	0.0000	0.0788	0.27830	0.02787	0.32072	0.011700	0.26473
5/11/2001 14:00	0.4839	0.0000	0.0892	0.25164	0.02787	0.29567	0.011700	0.27964
5/11/2001 15:00	0.5504	0.0000	0.1015	0.25553	0.02787	0.30433	0.011700	0.29518
5/11/2001 16:00	0.5452	0.0000	0.1027	0.28822	0.02973	0.35098	0.011700	0.34915
5/11/2001 17:00	0.5170	0.0000	0.0983	0.35931	0.03716	0.43555	0.011700	0.42416
5/11/2001 18:00	0.3729	0.0000	0.0730	0.42600	0.06503	0.39348	0.041700	0.46051
5/11/2001 19:00	0.3047	0.0000	0.0607	0.43771	0.13006	0.31774	0.011700	0.47534
5/11/2001 20:00	0.1891	0.0000	0.0387	0.39823	0.22854	0.28125	0.011700	0.49168
5/11/2001 21:00	0.1391	0.0000	0.0285	0.35045	0.29914	0.26494	0.011700	0.48020
5/11/2001 22:00	0.0692	0.0000	0.0145	0.27657	0.23411	0.21327	0.011700	0.41555
5/11/2001 23:00	0.0055	0.0000	0.0012	0.19705	0.16351	0.14336	0.011700	0.36111
5/12/2001 00:00	0.0000	0.0000	0.0000	0.11161	0.08361	0.09397	0.011700	0.29869
5/12/2001 01:00	0.0000	0.0000	0.0000	0.07271	0.05017	0.07966	0.011700	0.27502
5/12/2001 02:00	0.0000	0.0000	0.0000	0.06317	0.03344	0.06742	0.011700	0.27183
5/12/2001 03:00	0.0000	0.0725	0.0045	0.06768	0.03344	0.06007	0.011700	0.26800
5/12/2001 04:00	0.0000	0.0000	0.0000	0.09874	0.03344	0.07002	0.011700	0.25788
5/12/2001 05:00	0.0000	0.0000	0.0000	0.23384	0.03530	0.08238	0.011700	0.28777
5/12/2001 06:00	0.0000	0.0000	0.0000	0.48577	0.05017	0.13459	0.011700	0.33249
5/12/2001 07:00	0.0000	0.0000	0.0000	0.55230	0.08361	0.21032	0.041700	0.35330
5/12/2001 08:00	0.0000	0.0000	0.0000	0.53206	0.06317	0.27132	0.011700	0.29869
5/12/2001 09:00	0.0285	0.0000	0.0054	0.47370	0.03344	0.33250	0.011700	0.25421
5/12/2001 10:00	0.1629	0.0000	0.0304	0.40642	0.02787	0.34779	0.011700	0.26019
5/12/2001 11:00	0.2886	0.0000	0.0531	0.34834	0.02787	0.36309	0.011700	0.26027
5/12/2001 12:00	0.4222	0.0000	0.0761	0.30306	0.02787	0.35331	0.011700	0.25589
5/12/2001 13:00	0.4849	0.0000	0.0891	0.27705	0.02787	0.32072	0.011700	0.26473
5/12/2001 14:00	0.4852	0.0000	0.0891	0.25052	0.02787	0.29567	0.011700	0.27964
5/12/2001 15:00	0.4509	0.0000	0.0845	0.25441	0.02787	0.30433	0.011700	0.29518
5/12/2001 16:00	0.1868	0.0000	0.0353	0.28693	0.02973	0.35098	0.011700	0.34915
5/12/2001 17:00	0.0657	0.0000	0.0126	0.35769	0.03716	0.43555	0.011700	0.42416
5/12/2001 18:00	0.0000	0.0000	0.0000	0.42408	0.06503	0.39348	0.041700	0.46051
5/12/2001 19:00	0.0000	0.0000	0.0000	0.43576	0.13006	0.31774	0.011700	0.47534
5/12/2001 20:00	0.0000	0.0000	0.0000	0.39678	0.22854	0.28125	0.011700	0.49168
5/12/2001 21:00	0.0000	0.0000	0.0000	0.35052	0.29914	0.26494	0.011700	0.48020
5/12/2001 22:00	0.0000	0.0000	0.0000	0.27726	0.23411	0.21327	0.011700	0.41555
5/12/2001 23:00	0.0000	0.0000	0.0000	0.19775	0.16351	0.14336	0.011700	0.36111
5/13/2001 00:00	0.0000	0.0000	0.0000	0.11262	0.08361	0.09397	0.011700	0.29869
5/13/2001 01:00	0.0000	0.0000	0.0000	0.07748	0.05017	0.08360	0.011700	0.27502
5/13/2001 02:00	0.0000	0.0000	0.0000	0.06730	0.03344	0.07003	0.011700	0.27183
5/13/2001 03:00	0.0000	0.0000	0.0000	0.06982	0.03344	0.06144	0.011700	0.26800
5/13/2001 04:00	0.0000	0.0000	0.0000	0.10304	0.03344	0.07269	0.011700	0.25788
5/13/2001 05:00	0.0000	0.0000	0.0000	0.24969	0.03530	0.08648	0.011700	0.28777
5/13/2001 06:00	0.0000	0.0000	0.0000	0.52377	0.05017	0.14521	0.011700	0.33249
5/13/2001 07:00	0.0000	0.0000	0.0000	0.59814	0.08361	0.23148	0.041700	0.35330
5/13/2001 08:00	0.0000	0.0000	0.0000	0.57934	0.06317	0.30375	0.011700	0.29869
5/13/2001 09:00	0.1018	0.0000	0.0188	0.51748	0.03344	0.37753	0.011700	0.25421
5/13/2001 10:00	0.2490	0.0000	0.0453	0.44447	0.02787	0.39871	0.011700	0.26019
5/13/2001 11:00	0.4603	0.0000	0.0821	0.37975	0.02787	0.41558	0.011700	0.26027
5/13/2001 12:00	0.5206	0.0000	0.0929	0.33024	0.02787	0.40112	0.011700	0.25589
5/13/2001 13:00	0.6103	0.0000	0.1079	0.30059	0.02787	0.36431	0.011700	0.26473
5/13/2001 14:00	0.6270	0.0000	0.1110	0.27189	0.02787	0.33480	0.011700	0.27964
5/13/2001 15:00	0.7646	0.0000	0.1313	0.27573	0.02787	0.34138	0.011700	0.29518
5/13/2001 16:00	0.7776	0.0000	0.1364	0.31342	0.02973	0.38690	0.011700	0.34915
5/13/2001 17:00	0.4223	0.0000	0.0843	0.38985	0.03716	0.47090	0.011700	0.42416
5/13/2001 18:00	0.4024	0.0000	0.0780	0.46643	0.06503	0.42779	0.041700	0.46051
5/13/2001 19:00	0.3632	0.0000	0.0706	0.48351	0.13006	0.35199	0.011700	0.47534
5/13/2001 20:00	0.2648	0.0000	0.0519	0.44188	0.22854	0.31611	0.011700	0.49168
5/13/2001 21:00	0.2059	0.0000	0.0406	0.38673	0.29914	0.30055	0.011700	0.48020
5/13/2001 22:00	0.1294	0.0000	0.0257	0.30527	0.23411	0.24157	0.011700	0.41555
5/13/2001 23:00	0.0449	0.0000	0.0090	0.21495	0.16351	0.15890	0.011700	0.36111
5/14/2001 00:00	0.0000	0.0000	0.0000	0.11808	0.08361	0.10055	0.011700	0.29869
5/14/2001 01:00	0.0000	0.0000	0.0000	0.07575	0.05017	0.08360	0.011700	0.27502
5/14/2001 02:00	0.0000	0.0000	0.0000	0.06533	0.03344	0.07003	0.011700	0.27183
5/14/2001 03:00	0.0000	0.0000	0.0000	0.06902	0.03344	0.06144	0.011700	0.26800
5/14/2001 04:00	0.0000	0.0000	0.0000	0.10281	0.03344	0.07269	0.011700	0.25788
5/14/2001 05:00	0.0000	0.0000	0.0000	0.24921	0.03530	0.08648	0.011700	0.28777
5/14/2001 06:00	0.0000	0.0000	0.0000	0.52231	0.05017	0.14521	0.011700	0.33249
5/14/2001 07:00	0.0000	0.0000	0.0000	0.59641	0.08361	0.23148	0.041700	0.35330
5/14/2001 08:00	0.0000	0.0000	0.0000	0.57812	0.06317	0.30375	0.011700	0.29869
5/14/2001 09:00	0.0385	0.0000	0.0076	0.51566	0.03344	0.37753	0.011700	0.25421
5/14/2001 10:00	0.1633	0.0000	0.0318	0.44233	0.02787	0.39871	0.011700	0.26019
5/14/2001 11:00	0.2291	0.0000	0.0431	0.37795	0.02787	0.41558	0.011700	0.26027
5/14/2001 12:00	0.2967	0.0000	0.0554	0.32869	0.02787	0.40112	0.011700	0.25589
5/14/2001 13:00	0.3712	0.0000	0.0680	0.29920	0.02787	0.36431	0.011700	0.26473
5/14/2001 14:00	0.4237	0.0000	0.0770	0.27064	0.02787	0.33480	0.011700	0.27964
5/14/2001 15:00	0.5115	0.0000	0.0930	0.27448	0.02787	0.34138	0.011700	0.29518
5/14/2001 16:00	0.6082	0.0000	0.1107	0.31198	0.02973	0.38690	0.011700	0.34915
5/14/2001 17:00	0.6767	0.0000	0.1244	0.38806	0.03716	0.47090	0.011700	0.42416
5/14/2001 18:00	0.5721	0.0000	0.1075	0.46430	0.06503	0.42779	0.041700	0.46051
5/14/2001 19:00	0.4620	0.0000	0.0893	0.48132	0.13006	0.35199	0.011700	0.47534
5/14/2001 20:00	0.3107	0.0000	0.0618	0.43987	0.22854	0.31611	0.011700	0.49168
5/14/2001 21:00	0.1795	0.0000	0.0369	0.38497	0.29914	0.30055	0.011700	0.48020
5/14/2001 22:00	0.1089	0.0000	0.0224	0.30392	0.23411	0.24157	0.011700	0.41555
5/14/2001 23:00	0.0467	0.0000	0.0097	0.21406	0.16351	0.15890	0.011700	0.36111
5/15/2001 00:00	0.0000	0.0000	0.0000	0.11767	0.08361	0.10055	0.011700	0.29869
5/15/2001 01:00	0.0000	0.0000	0.0000	0.07178	0.05017	0.07966	0.011700	0.27502
5/15/2001 02:00	0.0000	0.0000	0.0000	0.06220	0.03344	0.06742	0.011700	0.27183
5/15/2001 03:00	0.0000	0.2341	0.0144	0.06773	0.03344	0.06007	0.011700	0.26800
5/15/2001 04:00	0.0000	0.0000	0.0000	0.09784	0.03344	0.07002	0.011700	0.25788
5/15/2001 05:00	0.0000	0.0000	0.0000	0.23055	0.03530	0.08238	0.011700	0.28777
5/15/2001 06:00	0.0000	0.0000	0.0000	0.47881	0.05017	0.13459	0.011700	0.33249
5/15/2001 07:00	0.0000	0.0000	0.0000	0.54449	0.08361	0.21032	0.041700	0.35330
5/15/2001 08:00	0.0000	0.0000	0.0000	0.52514	0.06317	0.27132	0.011700	0.29869
5/15/2001 09:00	0.0000	0.0000	0.0000	0.46824	0.03344	0.33250	0.011700	0.25421
5/15/2001 10:00	0.0000	0.0000	0.0000	0.40190	0.02787	0.34779	0.011700	0.26019
5/15/2001 11:00	0.0000	0.0000	0.0000	0.34385	0.02787	0.36309	0.011700	0.26027
5/15/2001 12:00	0.0000	0.0000	0.0000	0.29898	0.02787	0.35331	0.011700	0.25589
5/15/2001 13:00	0.0000	0.0000	0.0000	0.27413	0.02787	0.32072	0.011700	0.26473
5/15/2001 14:00	0.0000	0.0000	0.0000	0.24754	0.02787	0.29567	0.011700	0.27964
5/15/2001 15:00	0.0482	0.0000	0.0093	0.25181	0.02787	0.30433	0.011700	0.29518
5/15/2001 16:00	0.0000	0.0000	0.0000	0.28310	0.02973	0.35098	0.011700	0.34915
5/15/2001 17:00	0.0000	0.0000	0.0000	0.35448	0.03716	0.43555	0.011700	0.42416
5/15/2001 18:00	0.0000	0.0000	0.0000	0.41862	0.06503	0.39348	0.041700	0.46051
5/15/2001 19:00	0.0000	0.0000	0.0000	0.43096	0.13006	0.31774	0.011700	0.47534
5/15/2001 20:00	0.0000	0.0000	0.0000	0.39254	0.22854	0.28125	0.011700	0.49168
5/15/2001 21:00	0.0000	0.0000	0.0000	0.34600	0.29914	0.26494	0.011700	0.48020
5/15/2001 22:00	0.0000	0.0000	0.0000	0.27443	0.23411	0.21327	0.011700	0.41555
5/15/2001 23:00	0.0000	0.0000	0.0000	0.19651	0.16351	0.14336	0.011700	0.36111
5/16/2001 00:00	0.0000	0.0000	0.0000	0.11244	0.08361	0.09397	0.011700	0.29869
5/16/2001 01:00	0.0000	0.1710	0.0105	0.07427	0.05017	0.07966	0.011700	0.27502
5/16/2001 02:00	0.0000	0.3481	0.0214	0.06479	0.03344	0.06742	0.011700	0.27183
5/16/2001 03:00	0.0000	0.5141	0.0316	0.06770	0.03344	0.06007	0.011700	0.26800
5/16/2001 04:00	0.0000	0.6744	0.0415	0.09754	0.03344	0.07002	0.011700	0.25788
5/16/2001 05:00	0.0000	0.7330	0.0451	0.23032	0.03530	0.08238	0.011700	0.28777
5/16/2001 06:00	0.0000	0.5871	0.0361	0.47748	0.05017	0.13459	0.011700	0.33249
5/16/2001 07:00	0.0000	0.5649	0.0348	0.54277	0.08361	0.21032	0.041700	0.35330
5/16/2001 08:00	0.0000	0.0000	0.0000	0.52294	0.06317	0.27132	0.011700	0.29869
5/16/2001 09:00	0.0000	0.0000	0.0000	0.46613	0.03344	0.33250	0.011700	0.25421
5/16/2001 10:00	0.0237	0.0000	0.0048	0.39992	0.02787	0.34779	0.011700	0.26019
5/16/2001 11:00	0.0912	0.0000	0.0182	0.34190	0.02787	0.36309	0.011700	0.26027
5/16/2001 12:00	0.2001	0.0000	0.0387	0.29752	0.02787	0.35331	0.011700	0.25589
5/16/2001 13:00	0.2600	0.0000	0.0495	0.27208	0.02787	0.32072	0.011700	0.26473
5/16/2001 14:00	0.3170	0.0000	0.0609	0.24610	0.02787	0.29567	0.011700	0.27964
5/16/2001 15:00	0.4091	0.0000	0.0778	0.24993	0.02787	0.30433	0.011700	0.29518
5/16/2001 16:00	0.4625	0.0000	0.0880	0.28183	0.02973	0.35098	0.011700	0.34915
5/16/2001 17:00	0.5397	0.0000	0.1027	0.35129	0.03716	0.43555	0.011700	0.42416
5/16/2001 18:00	0.5099	0.0000	0.0989	0.41653	0.06503	0.39348	0.041700	0.46051
5/16/2001 19:00	0.3872	0.0000	0.0777	0.42806	0.13006	0.31774	0.011700	0.47534
5/16/2001 20:00	0.2203	0.0000	0.0456	0.38944	0.22854	0.28125	0.011700	0.49168
5/16/2001 21:00	0.1228	0.0000	0.0258	0.34273	0.29914	0.26494	0.011700	0.48020
5/16/2001 22:00	0.0533	0.0000	0.0112	0.27067	0.23411	0.21327	0.011700	0.41555
5/16/2001 23:00	0.0000	0.0000	0.0000	0.19315	0.16351	0.14336	0.011700	0.36111
5/17/2001 00:00	0.0000	0.0000	0.0000	0.10996	0.08361	0.09397	0.011700	0.29869
5/17/2001 01:00	0.0000	0.0000	0.0000	0.07206	0.05017	0.07966	0.011700	0.27502
5/17/2001 02:00	0.0000	0.0000	0.0000	0.06263	0.03344	0.06742	0.011700	0.27183
5/17/2001 03:00	0.0000	0.0000	0.0000	0.06667	0.03344	0.06007	0.011700	0.26800
5/17/2001 04:00	0.0000	0.0000	0.0000	0.09711	0.03344	0.07002	0.011700	0.25788
5/17/2001 05:00	0.0000	0.0000	0.0000	0.22882	0.03530	0.08238	0.011700	0.28777
5/17/2001 06:00	0.0000	0.0000	0.0000	0.47421	0.05017	0.13459	0.011700	0.33249
5/17/2001 07:00	0.0000	0.0000	0.0000	0.53891	0.08361	0.21032	0.041700	0.35330
5/17/2001 08:00	0.0000	0.0000	0.0000	0.51950	0.06317	0.27132	0.011700	0.29869
5/17/2001 09:00	0.0000	0.0000	0.0000	0.46356	0.03344	0.33250	0.011700	0.25421
5/17/2001 10:00	0.0000	0.0000	0.0000	0.39842	0.02787	0.34779	0.011700	0.26019
5/17/2001 11:00	0.0000	0.0000	0.0000	0.34142	0.02787	0.36309	0.011700	0.26027
5/17/2001 12:00	0.0000	0.0000	0.0000	0.29708	0.02787	0.35331	0.011700	0.25589
5/17/2001 13:00	0.0000	0.0000	0.0000	0.27239	0.02787	0.32072	0.011700	0.26473
5/17/2001 14:00	0.1073	0.0000	0.0207	0.24591	0.02787	0.29567	0.011700	0.27964
5/17/2001 15:00	0.2670	0.0000	0.0510	0.24887	0.02787	0.30433	0.011700	0.29518
5/17/2001 16:00	0.0000	0.0000	0.0000	0.28058	0.02973	0.35098	0.011700	0.34915
5/17/2001 17:00	0.0000	0.0000	0.0000	0.35132	0.03716	0.43555	0.011700	0.42416
5/17/2001 18:00	0.0000	0.0000	0.0000	0.41620	0.06503	0.39348	0.041700	0.46051
5/17/2001 19:00	0.2003	0.0000	0.0395	0.42626	0.13006	0.31774	0.011700	0.47534
5/17/2001 20:00	0.1306	0.0000	0.0260	0.38772	0.22854	0.28125	0.011700	0.49168
5/17/2001 21:00	0.0961	0.0000	0.0193	0.34121	0.29914	0.26494	0.011700	0.48020
5/17/2001 22:00	0.0136	0.0000	0.0028	0.26951	0.23411	0.21327	0.011700	0.41555
5/17/2001 23:00	0.0000	0.0000	0.0000	0.19238	0.16351	0.14336	0.011700	0.36111
5/18/2001 00:00	0.0000	0.0000	0.0000	0.11108	0.08361	0.09397	0.011700	0.29869
5/18/2001 01:00	0.0000	0.0000	0.0000	0.07265	0.05017	0.07966	0.011700	0.27502
5/18/2001 02:00	0.0000	0.0000	0.0000	0.06293	0.03344	0.06742	0.011700	0.27183
5/18/2001 03:00	0.0000	0.0000	0.0000	0.06622	0.03344	0.06007	0.011700	0.26800
5/18/2001 04:00	0.0000	0.0000	0.0000	0.09616	0.03344	0.07002	0.011700	0.25788
5/18/2001 05:00	0.0000	0.0000	0.0000	0.22792	0.03530	0.08238	0.011700	0.28777
5/18/2001 06:00	0.0000	0.0000	0.0000	0.47283	0.05017	0.13459	0.011700	0.33249
5/18/2001 07:00	0.0000	0.0000	0.0000	0.53723	0.08361	0.21032	0.041700	0.35330
5/18/2001 08:00	0.0000	0.0000	0.0000	0.51763	0.06317	0.27132	0.011700	0.29869
5/18/2001 09:00	0.0000	0.0000	0.0000	0.46157	0.03344	0.33250	0.011700	0.25421
5/18/2001 10:00	0.0000	0.0000	0.0000	0.39665	0.02787	0.34779	0.011700	0.26019
5/18/2001 11:00	0.0000	0.0000	0.0000	0.33960	0.02787	0.36309	0.011700	0.26027
5/18/2001 12:00	0.0141	0.0000	0.0027	0.29551	0.02787	0.35331	0.011700	0.25589
5/18/2001 13:00	0.1988	0.0000	0.0377	0.26964	0.02787	0.32072	0.011700	0.26473
5/18/2001 14:00	0.2900	0.0000	0.0540	0.24392	0.02787	0.29567	0.011700	0.27964
5/18/2001 15:00	0.3819	0.0000	0.0706	0.24773	0.02787	0.30433	0.011700	0.29518
5/18/2001 16:00	0.3994	0.0000	0.0763	0.27932	0.02973	0.35098	0.011700	0.34915
5/18/2001 17:00	0.4315	0.0000	0.0818	0.34814	0.03716	0.43555	0.011700	0.42416
5/18/2001 18:00	0.3959	0.0000	0.0757	0.41281	0.06503	0.39348	0.041700	0.46051
5/18/2001 19:00	0.4283	0.0000	0.0826	0.42426	0.13006	0.31774	0.011700	0.47534
5/18/2001 20:00	0.3155	0.0000	0.0618	0.38599	0.22854	0.28125	0.011700	0.49168
5/18/2001 21:00	0.2268	0.0000	0.0448	0.33969	0.29914	0.26494	0.011700	0.48020
5/18/2001 22:00	0.1043	0.0000	0.0211	0.26835	0.23411	0.21327	0.011700	0.41555
5/18/2001 23:00	0.0323	0.0000	0.0065	0.19161	0.16351	0.14336	0.011700	0.36111
5/19/2001 00:00	0.0000	0.0000	0.0000	0.10903	0.08361	0.09397	0.011700	0.29869
5/19/2001 01:00	0.0000	0.0000	0.0000	0.07116	0.05017	0.07966	0.011700	0.27502
5/19/2001 02:00	0.0000	0.0000	0.0000	0.06172	0.03344	0.06742	0.011700	0.27183
5/19/2001 03:00	0.0000	0.0000	0.0000	0.06583	0.03344	0.06007	0.011700	0.26800
5/19/2001 04:00	0.0000	0.0000	0.0000	0.09633	0.03344	0.07002	0.011700	0.25788
5/19/2001 05:00	0.0000	0.0000	0.0000	0.22640	0.03530	0.08238	0.011700	0.28777
5/19/2001 06:00	0.0000	0.0000	0.0000	0.46953	0.05017	0.13459	0.011700	0.33249
5/19/2001 07:00	0.0000	0.0000	0.0000	0.53366	0.08361	0.21032	0.041700	0.35330
5/19/2001 08:00	0.0000	0.0000	0.0000	0.51428	0.06317	0.27132	0.011700	0.29869
5/19/2001 09:00	0.1403	0.0000	0.0267	0.45780	0.03344	0.33250	0.011700	0.25421
5/19/2001 10:00	0.3175	0.0000	0.0583	0.39325	0.02787	0.34779	0.011700	0.26019
5/19/2001 11:00	0.5441	0.0000	0.0970	0.33715	0.02787	0.36309	0.011700	0.26027
5/19/2001 12:00	0.6299	0.0000	0.1113	0.29344	0.02787	0.35331	0.011700	0.25589
5/19/2001 13:00	0.7104	0.0000	0.1242	0.26843	0.02787	0.32072	0.011700	0.26473
5/19/2001 14:00	0.8251	0.0000	0.1415	0.24284	0.02787	0.29567	0.011700	0.27964
5/19/2001 15:00	0.9335	0.0000	0.1587	0.24664	0.02787	0.30433	0.011700	0.29518
5/19/2001 16:00	1.0044	0.0000	0.1709	0.27807	0.02973	0.35098	0.011700	0.34915
5/19/2001 17:00	1.0719	0.0000	0.1843	0.34658	0.03716	0.43555	0.011700	0.42416
5/19/2001 18:00	1.1048	0.0000	0.1923	0.41097	0.06503	0.39348	0.041700	0.46051
5/19/2001 19:00	0.7777	0.0000	0.1437	0.42238	0.13006	0.31774	0.011700	0.47534
5/19/2001 20:00	0.4692	0.0000	0.0907	0.38427	0.22854	0.28125	0.011700	0.49168
5/19/2001 21:00	0.0000	0.0000	0.0000	0.33818	0.29914	0.26494	0.011700	0.48020
5/19/2001 22:00	0.0000	0.0000	0.0000	0.26752	0.23411	0.21327	0.011700	0.41555
5/19/2001 23:00	0.0000	0.0000	0.0000	0.19102	0.16351	0.14336	0.011700	0.36111
5/20/2001 00:00	0.0000	0.0000	0.0000	0.10988	0.08361	0.09397	0.011700	0.29869
5/20/2001 01:00	0.0000	0.0000	0.0000	0.07616	0.05017	0.08360	0.011700	0.27502
5/20/2001 02:00	0.0000	0.0000	0.0000	0.06478	0.03344	0.07003	0.011700	0.27183
5/20/2001 03:00	0.0000	0.0000	0.0000	0.06764	0.03344	0.06144	0.011700	0.26800
5/20/2001 04:00	0.0000	0.0000	0.0000	0.10029	0.03344	0.07269	0.011700	0.25788
5/20/2001 05:00	0.0000	0.0000	0.0000	0.24237	0.03530	0.08648	0.011700	0.28777
5/20/2001 06:00	0.0000	0.0000	0.0000	0.50742	0.05017	0.14521	0.011700	0.33249
5/20/2001 07:00	0.0000	0.0000	0.0000	0.57905	0.08361	0.23148	0.041700	0.35330
5/20/2001 08:00	0.0572	0.0000	0.0110	0.56074	0.06317	0.30375	0.011700	0.29869
5/20/2001 09:00	0.3478	0.0000	0.0634	0.50004	0.03344	0.37753	0.011700	0.25421
5/20/2001 10:00	0.5630	0.0000	0.0984	0.42974	0.02787	0.39871	0.011700	0.26019
5/20/2001 11:00	0.8264	0.0000	0.1403	0.36730	0.02787	0.41558	0.011700	0.26027
5/20/2001 12:00	0.8039	0.0000	0.1350	0.31953	0.02787	0.40112	0.011700	0.25589
5/20/2001 13:00	0.8386	0.0000	0.1438	0.29101	0.02787	0.36431	0.011700	0.26473
5/20/2001 14:00	0.8555	0.0000	0.1469	0.26334	0.02787	0.33480	0.011700	0.27964
5/20/2001 15:00	0.8569	0.0000	0.1503	0.26712	0.02787	0.34138	0.011700	0.29518
5/20/2001 16:00	0.8991	0.0000	0.1596	0.30353	0.02973	0.38690	0.011700	0.34915
5/20/2001 17:00	0.9296	0.0000	0.1667	0.37752	0.03716	0.47090	0.011700	0.42416
5/20/2001 18:00	0.8794	0.0000	0.1609	0.45178	0.06503	0.42779	0.041700	0.46051
5/20/2001 19:00	0.6350	0.0000	0.1209	0.46843	0.13006	0.35199	0.011700	0.47534
5/20/2001 20:00	0.4118	0.0000	0.0805	0.42806	0.22854	0.31611	0.011700	0.49168
5/20/2001 21:00	0.2805	0.0000	0.0554	0.37464	0.29914	0.30055	0.011700	0.48020
5/20/2001 22:00	0.1648	0.0000	0.0331	0.29601	0.23411	0.24157	0.011700	0.41555
5/20/2001 23:00	0.0820	0.0000	0.0166	0.20886	0.16351	0.15890	0.011700	0.36111
5/21/2001 00:00	0.0183	0.0000	0.0037	0.11526	0.08361	0.10055	0.011700	0.29869
5/21/2001 01:00	0.0000	0.0000	0.0000	0.07414	0.05017	0.08360	0.011700	0.27502
5/21/2001 02:00	0.0000	0.0000	0.0000	0.06383	0.03344	0.07003	0.011700	0.27183
5/21/2001 03:00	0.0000	0.0000	0.0000	0.06716	0.03344	0.06144	0.011700	0.26800
5/21/2001 04:00	0.0000	0.0000	0.0000	0.09953	0.03344	0.07269	0.011700	0.25788
5/21/2001 05:00	0.0000	0.0000	0.0000	0.24086	0.03530	0.08648	0.011700	0.28777
5/21/2001 06:00	0.0000	0.0000	0.0000	0.50464	0.05017	0.14521	0.011700	0.33249
5/21/2001 07:00	0.0000	0.0000	0.0000	0.57587	0.08361	0.23148	0.041700	0.35330
5/21/2001 08:00	0.1410	0.0000	0.0272	0.55729	0.06317	0.30375	0.011700	0.29869
5/21/2001 09:00	0.3338	0.0000	0.0611	0.49765	0.03344	0.37753	0.011700	0.25421
5/21/2001 10:00	0.4863	0.0000	0.0864	0.42768	0.02787	0.39871	0.011700	0.26019
5/21/2001 11:00	0.6943	0.0000	0.1185	0.36556	0.02787	0.41558	0.011700	0.26027
5/21/2001 12:00	0.7007	0.0000	0.1169	0.31802	0.02787	0.40112	0.011700	0.25589
5/21/2001 13:00	0.7562	0.0000	0.1249	0.28967	0.02787	0.36431	0.011700	0.26473
5/21/2001 14:00	0.8617	0.0000	0.1394	0.26215	0.02787	0.33480	0.011700	0.27964
5/21/2001 15:00	0.9716	0.0000	0.1572	0.26591	0.02787	0.34138	0.011700	0.29518
5/21/2001 16:00	1.0250	0.0000	0.1675	0.30214	0.02973	0.38690	0.011700	0.34915
5/21/2001 17:00	1.0744	0.0000	0.1816	0.37580	0.03716	0.47090	0.011700	0.42416
5/21/2001 18:00	1.0664	0.0000	0.1862	0.44973	0.06503	0.42779	0.041700	0.46051
5/21/2001 19:00	0.8239	0.0000	0.1482	0.46632	0.13006	0.35199	0.011700	0.47534
5/21/2001 20:00	0.5471	0.0000	0.1024	0.42613	0.22854	0.31611	0.011700	0.49168
5/21/2001 21:00	0.3881	0.0000	0.0740	0.37295	0.29914	0.30055	0.011700	0.48020
5/21/2001 22:00	0.2717	0.0000	0.0519	0.29471	0.23411	0.24157	0.011700	0.41555
5/21/2001 23:00	0.1800	0.0000	0.0347	0.20802	0.16351	0.15890	0.011700	0.36111
5/22/2001 00:00	0.1149	0.0000	0.0221	0.11487	0.08361	0.10055	0.011700	0.29869
5/22/2001 01:00	0.0634	0.0000	0.0124	0.07039	0.05017	0.07966	0.011700	0.27502
5/22/2001 02:00	0.0000	0.0000	0.0000	0.06077	0.03344	0.06742	0.011700	0.27183
5/22/2001 03:00	0.0000	0.0000	0.0000	0.06488	0.03344	0.06007	0.011700	0.26800
5/22/2001 04:00	0.0000	0.0000	0.0000	0.09415	0.03344	0.07002	0.011700	0.25788
5/22/2001 05:00	0.0000	0.0000	0.0000	0.22316	0.03530	0.08238	0.011700	0.28777
5/22/2001 06:00	0.0000	0.0000	0.0000	0.46286	0.05017	0.13459	0.011700	0.33249
5/22/2001 07:00	0.0000	0.0000	0.0000	0.52521	0.08361	0.21032	0.041700	0.35330
5/22/2001 08:00	0.1406	0.0000	0.0273	0.50534	0.06317	0.27132	0.011700	0.29869
5/22/2001 09:00	0.4254	0.0000	0.0753	0.45071	0.03344	0.33250	0.011700	0.25421
5/22/2001 10:00	0.6479	0.0000	0.1122	0.38769	0.02787	0.34779	0.011700	0.26019
5/22/2001 11:00	0.8781	0.0000	0.1491	0.33248	0.02787	0.36309	0.011700	0.26027
5/22/2001 12:00	0.9001	0.0000	0.1495	0.28943	0.02787	0.35331	0.011700	0.25589
5/22/2001 13:00	0.9072	0.0000	0.1541	0.26483	0.02787	0.32072	0.011700	0.26473
5/22/2001 14:00	0.7289	0.0000	0.1314	0.23964	0.02787	0.29567	0.011700	0.27964
5/22/2001 15:00	0.5918	0.0000	0.1087	0.24340	0.02787	0.30433	0.011700	0.29518
5/22/2001 16:00	0.5476	0.0000	0.1017	0.27437	0.02973	0.35098	0.011700	0.34915
5/22/2001 17:00	0.4828	0.0000	0.0905	0.34193	0.03716	0.43555	0.011700	0.42416
5/22/2001 18:00	0.4517	0.0000	0.0847	0.40549	0.06503	0.39348	0.041700	0.46051
5/22/2001 19:00	0.3883	0.0000	0.0736	0.41679	0.13006	0.31774	0.011700	0.47534
5/22/2001 20:00	0.3202	0.0000	0.0611	0.37918	0.22854	0.28125	0.011700	0.49168
5/22/2001 21:00	0.2836	0.0000	0.0541	0.33371	0.29914	0.26494	0.011700	0.48020
5/22/2001 22:00	0.2262	0.0000	0.0432	0.26379	0.23411	0.21327	0.011700	0.41555
5/22/2001 23:00	0.1728	0.0000	0.0330	0.18859	0.16351	0.14336	0.011700	0.36111
5/23/2001 00:00	0.1244	0.0000	0.0238	0.10760	0.08361	0.09397	0.011700	0.29869
5/23/2001 01:00	0.0987	0.0000	0.0188	0.07022	0.05017	0.07966	0.011700	0.27502
5/23/2001 02:00	0.0831	0.0000	0.0159	0.06065	0.03344	0.06742	0.011700	0.27183
5/23/2001 03:00	0.0752	0.0000	0.0143	0.06343	0.03344	0.06007	0.011700	0.26800
5/23/2001 04:00	0.0642	0.0000	0.0123	0.09224	0.03344	0.07002	0.011700	0.25788
5/23/2001 05:00	0.0763	0.0000	0.0147	0.22060	0.03530	0.08238	0.011700	0.28777
5/23/2001 06:00	0.1169	0.0000	0.0224	0.45947	0.05017	0.13459	0.011700	0.33249
5/23/2001 07:00	0.1367	0.0000	0.0258	0.52228	0.08361	0.21032	0.041700	0.35330
5/23/2001 08:00	0.1836	0.0000	0.0341	0.50291	0.06317	0.27132	0.011700	0.29869
5/23/2001 09:00	0.2599	0.0000	0.0477	0.44859	0.03344	0.33250	0.011700	0.25421
5/23/2001 10:00	0.3761	0.0000	0.0683	0.38588	0.02787	0.34779	0.011700	0.26019
5/23/2001 11:00	0.5096	0.0000	0.0918	0.33094	0.02787	0.36309	0.011700	0.26027
5/23/2001 12:00	0.6337	0.0000	0.1121	0.28811	0.02787	0.35331	0.011700	0.25589
5/23/2001 13:00	0.7299	0.0000	0.1278	0.26365	0.02787	0.32072	0.011700	0.26473
5/23/2001 14:00	0.7824	0.0000	0.1370	0.23858	0.02787	0.29567	0.011700	0.27964
5/23/2001 15:00	0.8101	0.0000	0.1435	0.24233	0.02787	0.30433	0.011700	0.29518
5/23/2001 16:00	0.8789	0.0000	0.1558	0.27316	0.02973	0.35098	0.011700	0.34915
5/23/2001 17:00	0.8979	0.0000	0.1607	0.34041	0.03716	0.43555	0.011700	0.42416
5/23/2001 18:00	0.8289	0.0000	0.1514	0.40369	0.06503	0.39348	0.041700	0.46051
5/23/2001 19:00	0.6428	0.0000	0.1199	0.41496	0.13006	0.31774	0.011700	0.47534
5/23/2001 20:00	0.4426	0.0000	0.0847	0.37751	0.22854	0.28125	0.011700	0.49168
5/23/2001 21:00	0.3365	0.0000	0.0645	0.33224	0.29914	0.26494	0.011700	0.48020
5/23/2001 22:00	0.2182	0.0000	0.0425	0.26267	0.23411	0.21327	0.011700	0.41555
5/23/2001 23:00	0.1308	0.0000	0.0257	0.18785	0.16351	0.14336	0.011700	0.36111
5/24/2001 00:00	0.0614	0.0000	0.0122	0.10724	0.08361	0.09397	0.011700	0.29869
5/24/2001 01:00	0.0156	0.0000	0.0031	0.07004	0.05017	0.07966	0.011700	0.27502
5/24/2001 02:00	0.0000	0.0000	0.0000	0.06052	0.03344	0.06742	0.011700	0.27183
5/24/2001 03:00	0.0000	0.0000	0.0000	0.06443	0.03344	0.06007	0.011700	0.26800
5/24/2001 04:00	0.0000	0.0000	0.0000	0.09425	0.03344	0.07002	0.011700	0.25788
5/24/2001 05:00	0.0000	0.0000	0.0000	0.22169	0.03530	0.08238	0.011700	0.28777
5/24/2001 06:00	0.0000	0.0000	0.0000	0.45871	0.05017	0.13459	0.011700	0.33249
5/24/2001 07:00	0.0000	0.0000	0.0000	0.52076	0.08361	0.21032	0.041700	0.35330
5/24/2001 08:00	0.1381	0.0000	0.0258	0.50109	0.06317	0.27132	0.011700	0.29869
5/24/2001 09:00	0.3634	0.0000	0.0657	0.44651	0.03344	0.33250	0.011700	0.25421
5/24/2001 10:00	0.5504	0.0000	0.0973	0.38408	0.02787	0.34779	0.011700	0.26019
5/24/2001 11:00	0.7185	0.0000	0.1244	0.32942	0.02787	0.36309	0.011700	0.26027
5/24/2001 12:00	0.7234	0.0000	0.1228	0.28680	0.02787	0.35331	0.011700	0.25589
5/24/2001 13:00	0.7662	0.0000	0.1287	0.26247	0.02787	0.32072	0.011700	0.26473
5/24/2001 14:00	0.8418	0.0000	0.1399	0.23754	0.02787	0.29567	0.011700	0.27964
5/24/2001 15:00	0.9480	0.0000	0.1577	0.24127	0.02787	0.30433	0.011700	0.29518
5/24/2001 16:00	1.0305	0.0000	0.1754	0.27195	0.02973	0.35098	0.011700	0.34915
5/24/2001 17:00	0.9426	0.0000	0.1672	0.33889	0.03716	0.43555	0.011700	0.42416
5/24/2001 18:00	0.8041	0.0000	0.1455	0.40190	0.06503	0.39348	0.041700	0.46051
5/24/2001 19:00	0.5985	0.0000	0.1105	0.41314	0.13006	0.31774	0.011700	0.47534
5/24/2001 20:00	0.4480	0.0000	0.0842	0.37585	0.22854	0.28125	0.011700	0.49168
5/24/2001 21:00	0.3377	0.0000	0.0642	0.33078	0.29914	0.26494	0.011700	0.48020
5/24/2001 22:00	0.2419	0.0000	0.0463	0.26155	0.23411	0.21327	0.011700	0.41555
5/24/2001 23:00	0.1602	0.0000	0.0310	0.18711	0.16351	0.14336	0.011700	0.36111
5/25/2001 00:00	0.0000	0.0000	0.0000	0.10689	0.08361	0.09397	0.011700	0.29869
5/25/2001 01:00	0.0064	0.0000	0.0012	0.07060	0.05017	0.07966	0.011700	0.27502
5/25/2001 02:00	0.0356	0.0000	0.0069	0.06040	0.03344	0.06742	0.011700	0.27183
5/25/2001 03:00	0.0000	0.0000	0.0000	0.06316	0.03344	0.06007	0.011700	0.26800
5/25/2001 04:00	0.0000	0.0000	0.0000	0.09176	0.03344	0.07002	0.011700	0.25788
5/25/2001 05:00	0.0000	0.0000	0.0000	0.21904	0.03530	0.08238	0.011700	0.28777
5/25/2001 06:00	0.0000	0.0000	0.0000	0.45563	0.05017	0.13459	0.011700	0.33249
5/25/2001 07:00	0.0622	0.0000	0.0120	0.51755	0.08361	0.21032	0.041700	0.35330
5/25/2001 08:00	0.2615	0.0000	0.0484	0.49826	0.06317	0.27132	0.011700	0.29869
5/25/2001 09:00	0.5033	0.0000	0.0889	0.44441	0.03344	0.33250	0.011700	0.25421
5/25/2001 10:00	0.7108	0.0000	0.1217	0.38230	0.02787	0.34779	0.011700	0.26019
5/25/2001 11:00	0.9076	0.0000	0.1540	0.32790	0.02787	0.36309	0.011700	0.26027
5/25/2001 12:00	0.9148	0.0000	0.1504	0.28550	0.02787	0.35331	0.011700	0.25589
5/25/2001 13:00	0.9745	0.0000	0.1585	0.26131	0.02787	0.32072	0.011700	0.26473
5/25/2001 14:00	1.0811	0.0000	0.1722	0.23650	0.02787	0.29567	0.011700	0.27964
5/25/2001 15:00	1.1758	0.0000	0.1896	0.24022	0.02787	0.30433	0.011700	0.29518
5/25/2001 16:00	1.2845	0.0000	0.2049	0.27075	0.02973	0.35098	0.011700	0.34915
5/25/2001 17:00	1.2640	0.0000	0.2062	0.33739	0.03716	0.43555	0.011700	0.42416
5/25/2001 18:00	1.1605	0.0000	0.1999	0.40012	0.06503	0.39348	0.041700	0.46051
5/25/2001 19:00	0.8687	0.0000	0.1559	0.41132	0.13006	0.31774	0.011700	0.47534
5/25/2001 20:00	0.6480	0.0000	0.1176	0.37420	0.22854	0.28125	0.011700	0.49168
5/25/2001 21:00	0.4955	0.0000	0.0917	0.32934	0.29914	0.26494	0.011700	0.48020
5/25/2001 22:00	0.3743	0.0000	0.0693	0.26045	0.23411	0.21327	0.011700	0.41555
5/25/2001 23:00	0.2672	0.0000	0.0504	0.18638	0.16351	0.14336	0.011700	0.36111
5/26/2001 00:00	0.1894	0.0000	0.0357	0.10655	0.08361	0.09397	0.011700	0.29869
5/26/2001 01:00	0.0895	0.0000	0.0170	0.03526	0.05017	0.06085	0.011700	0.27502
5/26/2001 02:00	0.0413	0.0000	0.0080	0.03526	0.03344	0.05488	0.011700	0.27183
5/26/2001 03:00	0.0128	0.0000	0.0025	0.03526	0.03344	0.05339	0.011700	0.26800
5/26/2001 04:00	0.0000	0.0000	0.0000	0.03526	0.03344	0.05750	0.011700	0.25788
5/26/2001 05:00	0.0000	0.0000	0.0000	0.03534	0.03530	0.06234	0.011700	0.28777
5/26/2001 06:00	0.0191	0.0000	0.0037	0.03535	0.05017	0.08360	0.011700	0.33249
5/26/2001 07:00	0.0120	0.0000	0.0023	0.03526	0.08361	0.11046	0.041700	0.35330
5/26/2001 08:00	0.1437	0.0000	0.0270	0.03526	0.06317	0.11642	0.011700	0.29869
5/26/2001 09:00	0.2187	0.0000	0.0407	0.03526	0.03344	0.12009	0.011700	0.25421
5/26/2001 10:00	0.4828	0.0000	0.0856	0.03527	0.02787	0.11046	0.011700	0.26019
5/26/2001 11:00	0.7533	0.0000	0.1282	0.03527	0.02787	0.12015	0.011700	0.26027
5/26/2001 12:00	0.6881	0.0000	0.1195	0.03527	0.02787	0.13245	0.011700	0.25589
5/26/2001 13:00	0.6277	0.0000	0.1122	0.03527	0.02787	0.11790	0.011700	0.26473
5/26/2001 14:00	0.6695	0.0000	0.1174	0.03527	0.02787	0.11426	0.011700	0.27964
5/26/2001 15:00	0.8070	0.0000	0.1375	0.03527	0.02787	0.13245	0.011700	0.29518
5/26/2001 16:00	0.8930	0.0000	0.1537	0.03527	0.02973	0.18393	0.011700	0.34915
5/26/2001 17:00	0.9566	0.0000	0.1647	0.03527	0.03716	0.26903	0.011700	0.42416
5/26/2001 18:00	0.9725	0.0000	0.1710	0.03527	0.06503	0.22534	0.041700	0.46051
5/26/2001 19:00	0.7554	0.0000	0.1371	0.03527	0.13006	0.14590	0.011700	0.47534
5/26/2001 20:00	0.4590	0.0000	0.0880	0.03527	0.22854	0.11010	0.011700	0.49168
5/26/2001 21:00	0.2787	0.0000	0.0549	0.03527	0.29914	0.09443	0.011700	0.48020
5/26/2001 22:00	0.1636	0.0000	0.0323	0.03526	0.23411	0.07921	0.011700	0.41555
5/26/2001 23:00	0.0942	0.0000	0.0184	0.03526	0.16351	0.06869	0.011700	0.36111
5/27/2001 00:00	0.0390	0.0000	0.0076	0.03526	0.08361	0.06198	0.011700	0.29869
5/27/2001 01:00	0.0000	0.0000	0.0000	0.03526	0.05017	0.06085	0.011700	0.27502
5/27/2001 02:00	0.0000	0.0000	0.0000	0.03535	0.03344	0.05488	0.011700	0.27183
5/27/2001 03:00	0.0000	0.0000	0.0000	0.03563	0.03344	0.05339	0.011700	0.26800
5/27/2001 04:00	0.0000	0.0000	0.0000	0.03602	0.03344	0.05750	0.011700	0.25788
5/27/2001 05:00	0.0000	0.0000	0.0000	0.03637	0.03530	0.06234	0.011700	0.28777
5/27/2001 06:00	0.0000	0.0000	0.0000	0.03646	0.05017	0.08360	0.011700	0.33249
5/27/2001 07:00	0.0000	0.0000	0.0000	0.03630	0.08361	0.11046	0.041700	0.35330
5/27/2001 08:00	0.1157	0.0000	0.0215	0.03590	0.06317	0.11642	0.011700	0.29869
5/27/2001 09:00	0.3452	0.0000	0.0615	0.03529	0.03344	0.12009	0.011700	0.25421
5/27/2001 10:00	0.4916	0.0000	0.0865	0.03527	0.02787	0.11046	0.011700	0.26019
5/27/2001 11:00	0.7034	0.0000	0.1200	0.03527	0.02787	0.12015	0.011700	0.26027
5/27/2001 12:00	0.7188	0.0000	0.1199	0.03527	0.02787	0.13245	0.011700	0.25589
5/27/2001 13:00	0.7592	0.0000	0.1281	0.03527	0.02787	0.11790	0.011700	0.26473
5/27/2001 14:00	0.7747	0.0000	0.1308	0.03527	0.02787	0.11426	0.011700	0.27964
5/27/2001 15:00	0.8969	0.0000	0.1498	0.03527	0.02787	0.13245	0.011700	0.29518
5/27/2001 16:00	0.9891	0.0000	0.1653	0.03527	0.02973	0.18393	0.011700	0.34915
5/27/2001 17:00	0.8452	0.0000	0.1507	0.03527	0.03716	0.26903	0.011700	0.42416
5/27/2001 18:00	0.8215	0.0000	0.1479	0.03527	0.06503	0.22534	0.041700	0.46051
5/27/2001 19:00	0.6049	0.0000	0.1123	0.03527	0.13006	0.14590	0.011700	0.47534
5/27/2001 20:00	0.3911	0.0000	0.0753	0.03527	0.22854	0.11010	0.011700	0.49168
5/27/2001 21:00	0.2731	0.0000	0.0526	0.03526	0.29914	0.09443	0.011700	0.48020
5/27/2001 22:00	0.1707	0.0000	0.0332	0.03526	0.23411	0.07921	0.011700	0.41555
5/27/2001 23:00	0.1163	0.0000	0.0223	0.03526	0.16351	0.06869	0.011700	0.36111
5/28/2001 00:00	0.0520	0.0000	0.0102	0.03526	0.08361	0.06198	0.011700	0.29869
5/28/2001 01:00	0.0243	0.0000	0.0047	0.03526	0.05017	0.06085	0.011700	0.27502
5/28/2001 02:00	0.0000	0.0000	0.0000	0.03526	0.03344	0.05488	0.011700	0.27183
5/28/2001 03:00	0.0000	0.0000	0.0000	0.03542	0.03344	0.05339	0.011700	0.26800
5/28/2001 04:00	0.0000	0.0000	0.0000	0.03573	0.03344	0.05750	0.011700	0.25788
5/28/2001 05:00	0.0000	0.0000	0.0000	0.03612	0.03530	0.06234	0.011700	0.28777
5/28/2001 06:00	0.0000	0.0000	0.0000	0.03642	0.05017	0.08360	0.011700	0.33249
5/28/2001 07:00	0.0000	0.0000	0.0000	0.03642	0.08361	0.11046	0.041700	0.35330
5/28/2001 08:00	0.0566	0.0000	0.0109	0.03610	0.06317	0.11642	0.011700	0.29869
5/28/2001 09:00	0.2237	0.0000	0.0419	0.03528	0.03344	0.12009	0.011700	0.25421
5/28/2001 10:00	0.3287	0.0000	0.0608	0.03527	0.02787	0.11046	0.011700	0.26019
5/28/2001 11:00	0.4538	0.0000	0.0824	0.03526	0.02787	0.12015	0.011700	0.26027
5/28/2001 12:00	0.4692	0.0000	0.0859	0.03527	0.02787	0.13245	0.011700	0.25589
5/28/2001 13:00	0.5474	0.0000	0.0974	0.03527	0.02787	0.11790	0.011700	0.26473
5/28/2001 14:00	0.6362	0.0000	0.1110	0.03527	0.02787	0.11426	0.011700	0.27964
5/28/2001 15:00	0.6538	0.0000	0.1197	0.03527	0.02787	0.13245	0.011700	0.29518
5/28/2001 16:00	0.6978	0.0000	0.1268	0.03527	0.02973	0.18393	0.011700	0.34915
5/28/2001 17:00	0.7046	0.0000	0.1292	0.03527	0.03716	0.26903	0.011700	0.42416
5/28/2001 18:00	0.6836	0.0000	0.1268	0.03527	0.06503	0.22534	0.041700	0.46051
5/28/2001 19:00	0.5366	0.0000	0.1024	0.03527	0.13006	0.14590	0.011700	0.47534
5/28/2001 20:00	0.3285	0.0000	0.0643	0.03527	0.22854	0.11010	0.011700	0.49168
5/28/2001 21:00	0.2033	0.0000	0.0405	0.03526	0.29914	0.09443	0.011700	0.48020
5/28/2001 22:00	0.1135	0.0000	0.0226	0.03526	0.23411	0.07921	0.011700	0.41555
5/28/2001 23:00	0.0514	0.0000	0.0102	0.03526	0.16351	0.06869	0.011700	0.36111
5/29/2001 00:00	0.0000	0.0000	0.0000	0.03526	0.08361	0.06198	0.011700	0.29869
5/29/2001 01:00	0.0000	0.0000	0.0000	0.06927	0.05017	0.07966	0.011700	0.27502
5/29/2001 02:00	0.0000	0.0000	0.0000	0.06013	0.03344	0.06742	0.011700	0.27183
5/29/2001 03:00	0.0000	0.0000	0.0000	0.06428	0.03344	0.06007	0.011700	0.26800
5/29/2001 04:00	0.0000	0.0000	0.0000	0.09294	0.03344	0.07002	0.011700	0.25788
5/29/2001 05:00	0.0000	0.0000	0.0000	0.21769	0.03530	0.08238	0.011700	0.28777
5/29/2001 06:00	0.0000	0.0000	0.0000	0.44944	0.05017	0.13459	0.011700	0.33249
5/29/2001 07:00	0.0000	0.0000	0.0000	0.50988	0.08361	0.21032	0.041700	0.35330
5/29/2001 08:00	0.0000	0.0000	0.0000	0.49032	0.06317	0.27132	0.011700	0.29869
5/29/2001 09:00	0.3207	0.0000	0.0590	0.43662	0.03344	0.33250	0.011700	0.25421
5/29/2001 10:00	0.3884	0.0000	0.0696	0.37532	0.02787	0.34779	0.011700	0.26019
5/29/2001 11:00	0.5928	0.0000	0.1039	0.32197	0.02787	0.36309	0.011700	0.26027
5/29/2001 12:00	0.6168	0.0000	0.1071	0.28040	0.02787	0.35331	0.011700	0.25589
5/29/2001 13:00	0.7267	0.0000	0.1262	0.25673	0.02787	0.32072	0.011700	0.26473
5/29/2001 14:00	0.8259	0.0000	0.1406	0.23243	0.02787	0.29567	0.011700	0.27964
5/29/2001 15:00	0.8817	0.0000	0.1534	0.23611	0.02787	0.30433	0.011700	0.29518
5/29/2001 16:00	0.9671	0.0000	0.1683	0.26605	0.02973	0.35098	0.011700	0.34915
5/29/2001 17:00	0.9865	0.0000	0.1754	0.33149	0.03716	0.43555	0.011700	0.42416
5/29/2001 18:00	0.9637	0.0000	0.1730	0.39317	0.06503	0.39348	0.041700	0.46051
5/29/2001 19:00	0.7217	0.0000	0.1349	0.40423	0.13006	0.31774	0.011700	0.47534
5/29/2001 20:00	0.4104	0.0000	0.0774	0.36774	0.22854	0.28125	0.011700	0.49168
5/29/2001 21:00	0.1237	0.0000	0.0238	0.32365	0.29914	0.26494	0.011700	0.48020
5/29/2001 22:00	0.0000	0.0000	0.0000	0.25610	0.23411	0.21327	0.011700	0.41555
5/29/2001 23:00	0.0000	0.0000	0.0000	0.18372	0.16351	0.14336	0.011700	0.36111
5/30/2001 00:00	0.0000	0.0000	0.0000	0.10593	0.08361	0.09397	0.011700	0.29869
5/30/2001 01:00	0.0000	0.0000	0.0000	0.07031	0.05017	0.07966	0.011700	0.27502
5/30/2001 02:00	0.0000	0.0000	0.0000	0.06017	0.03344	0.06742	0.011700	0.27183
5/30/2001 03:00	0.0000	0.0000	0.0000	0.06255	0.03344	0.06007	0.011700	0.26800
5/30/2001 04:00	0.0000	0.0000	0.0000	0.09059	0.03344	0.07002	0.011700	0.25788
5/30/2001 05:00	0.0000	0.0000	0.0000	0.21499	0.03530	0.08238	0.011700	0.28777
5/30/2001 06:00	0.0000	0.0000	0.0000	0.44594	0.05017	0.13459	0.011700	0.33249
5/30/2001 07:00	0.1380	0.0000	0.0264	0.50589	0.08361	0.21032	0.041700	0.35330
5/30/2001 08:00	0.3565	0.0000	0.0659	0.48697	0.06317	0.27132	0.011700	0.29869
5/30/2001 09:00	0.5843	0.0000	0.1039	0.43427	0.03344	0.33250	0.011700	0.25421
5/30/2001 10:00	0.7358	0.0000	0.1273	0.37359	0.02787	0.34779	0.011700	0.26019
5/30/2001 11:00	0.8961	0.0000	0.1520	0.32052	0.02787	0.36309	0.011700	0.26027
5/30/2001 12:00	0.8881	0.0000	0.1474	0.27916	0.02787	0.35331	0.011700	0.25589
5/30/2001 13:00	0.9231	0.0000	0.1518	0.25562	0.02787	0.32072	0.011700	0.26473
5/30/2001 14:00	0.9644	0.0000	0.1588	0.23143	0.02787	0.29567	0.011700	0.27964
5/30/2001 15:00	1.1190	0.0000	0.1804	0.23510	0.02787	0.30433	0.011700	0.29518
5/30/2001 16:00	1.1716	0.0000	0.1973	0.26490	0.02973	0.35098	0.011700	0.34915
5/30/2001 17:00	1.2189	0.0000	0.2077	0.33005	0.03716	0.43555	0.011700	0.42416
5/30/2001 18:00	1.1999	0.0000	0.2089	0.39147	0.06503	0.39348	0.041700	0.46051
5/30/2001 19:00	0.9024	0.0000	0.1619	0.40250	0.13006	0.31774	0.011700	0.47534
5/30/2001 20:00	0.6329	0.0000	0.1158	0.36617	0.22854	0.28125	0.011700	0.49168
5/30/2001 21:00	0.4576	0.0000	0.0855	0.32227	0.29914	0.26494	0.011700	0.48020
5/30/2001 22:00	0.3399	0.0000	0.0636	0.25505	0.23411	0.21327	0.011700	0.41555
5/30/2001 23:00	0.2134	0.0000	0.0413	0.18281	0.16351	0.14336	0.011700	0.36111
5/31/2001 00:00	0.1286	0.0000	0.0251	0.10485	0.08361	0.09397	0.011700	0.29869
5/31/2001 01:00	0.0804	0.0000	0.0157	0.06884	0.05017	0.07966	0.011700	0.27502
5/31/2001 02:00	0.0000	0.0000	0.0000	0.05968	0.03344	0.06742	0.011700	0.27183
5/31/2001 03:00	0.0000	0.0000	0.0000	0.06353	0.03344	0.06007	0.011700	0.26800
5/31/2001 04:00	0.0000	0.0000	0.0000	0.09130	0.03344	0.07002	0.011700	0.25788
5/31/2001 05:00	0.0000	0.0000	0.0000	0.21394	0.03530	0.08238	0.011700	0.28777
5/31/2001 06:00	0.0354	0.0000	0.0069	0.44358	0.05017	0.13459	0.011700	0.33249
5/31/2001 07:00	0.1026	0.0000	0.0195	0.50365	0.08361	0.21032	0.041700	0.35330
5/31/2001 08:00	0.3272	0.0000	0.0600	0.48478	0.06317	0.27132	0.011700	0.29869
5/31/2001 09:00	0.4990	0.0000	0.0906	0.43230	0.03344	0.33250	0.011700	0.25421
5/31/2001 10:00	0.6822	0.0000	0.1182	0.37189	0.02787	0.34779	0.011700	0.26019
5/31/2001 11:00	0.8672	0.0000	0.1473	0.31909	0.02787	0.36309	0.011700	0.26027
5/31/2001 12:00	0.8453	0.0000	0.1404	0.27792	0.02787	0.35331	0.011700	0.25589
5/31/2001 13:00	0.9537	0.0000	0.1537	0.25451	0.02787	0.32072	0.011700	0.26473
5/31/2001 14:00	1.0005	0.0000	0.1613	0.23045	0.02787	0.29567	0.011700	0.27964
5/31/2001 15:00	1.1082	0.0000	0.1788	0.23410	0.02787	0.30433	0.011700	0.29518
5/31/2001 16:00	1.0890	0.0000	0.1834	0.26377	0.02973	0.35098	0.011700	0.34915
5/31/2001 17:00	1.2630	0.0000	0.2040	0.32863	0.03716	0.43555	0.011700	0.42416
5/31/2001 18:00	1.2845	0.0000	0.2168	0.38978	0.06503	0.39348	0.041700	0.46051
5/31/2001 19:00	1.0095	0.0000	0.1761	0.40078	0.13006	0.31774	0.011700	0.47534
5/31/2001 20:00	0.6750	0.0000	0.1236	0.36460	0.22854	0.28125	0.011700	0.49168
5/31/2001 21:00	0.4989	0.0000	0.0923	0.32090	0.29914	0.26494	0.011700	0.48020
5/31/2001 22:00	0.3463	0.0000	0.0648	0.25400	0.23411	0.21327	0.011700	0.41555
5/31/2001 23:00	0.2345	0.0000	0.0444	0.18211	0.16351	0.14336	0.011700	0.36111
6/1/2001 00:00	0.1499	0.0000	0.0287	0.10452	0.08361	0.09397	0.011700	0.29869
6/1/2001 01:00	0.1017	0.0000	0.0196	0.06868	0.05020	0.07966	0.011700	0.27502
6/1/2001 02:00	0.0667	0.0000	0.0130	0.05956	0.03289	0.06742	0.011700	0.27183
6/1/2001 03:00	0.0328	0.0000	0.0065	0.06222	0.03289	0.06007	0.011700	0.26800
6/1/2001 04:00	0.0053	0.0000	0.0010	0.08976	0.03289	0.07002	0.011700	0.25788
6/1/2001 05:00	0.0000	0.0000	0.0000	0.21277	0.03462	0.08238	0.011700	0.28777
6/1/2001 06:00	0.0000	0.0000	0.0000	0.44174	0.04674	0.13459	0.011700	0.33249
6/1/2001 07:00	0.0000	0.0000	0.0000	0.50157	0.07444	0.21032	0.041700	0.35330
6/1/2001 08:00	0.1744	0.0000	0.0340	0.48259	0.05540	0.27132	0.011700	0.29869
6/1/2001 09:00	0.2856	0.0000	0.0556	0.43034	0.03116	0.33250	0.011700	0.25421
6/1/2001 10:00	0.3797	0.0000	0.0721	0.37021	0.02770	0.34779	0.011700	0.26019
6/1/2001 11:00	0.4039	0.0000	0.0760	0.31766	0.02597	0.36309	0.011700	0.26027
6/1/2001 12:00	0.4550	0.0000	0.0841	0.27669	0.02597	0.35331	0.011700	0.25589
6/1/2001 13:00	0.4997	0.0000	0.0907	0.25341	0.02597	0.32072	0.011700	0.26473
6/1/2001 14:00	0.5506	0.0000	0.0990	0.22947	0.02597	0.29567	0.011700	0.27964
6/1/2001 15:00	0.6464	0.0000	0.1153	0.23311	0.02770	0.30433	0.011700	0.29518
6/1/2001 16:00	0.7472	0.0000	0.1334	0.26264	0.02770	0.35098	0.011700	0.34915
6/1/2001 17:00	0.8080	0.0000	0.1456	0.32721	0.03462	0.43555	0.011700	0.42416
6/1/2001 18:00	0.8354	0.0000	0.1523	0.38812	0.05540	0.39348	0.041700	0.46051
6/1/2001 19:00	0.6897	0.0000	0.1283	0.39908	0.10733	0.31774	0.011700	0.47534
6/1/2001 20:00	0.4513	0.0000	0.0872	0.36305	0.19215	0.28125	0.011700	0.49168
6/1/2001 21:00	0.3135	0.0000	0.0617	0.31953	0.27871	0.26494	0.011700	0.48020
6/1/2001 22:00	0.1669	0.0000	0.0342	0.25296	0.23370	0.21327	0.011700	0.41555
6/1/2001 23:00	0.0565	0.0000	0.0119	0.18142	0.16273	0.14336	0.011700	0.36111
6/2/2001 00:00	0.0071	0.0000	0.0015	0.10419	0.08309	0.09397	0.011700	0.29869
6/2/2001 01:00	0.0000	0.0000	0.0000	0.06851	0.05020	0.07966	0.011700	0.27502
6/2/2001 02:00	0.0000	0.0000	0.0000	0.05988	0.03289	0.06742	0.011700	0.27183
6/2/2001 03:00	0.0000	0.0000	0.0000	0.06445	0.03289	0.06007	0.011700	0.26800
6/2/2001 04:00	0.0000	0.0000	0.0000	0.09278	0.03289	0.07002	0.011700	0.25788
6/2/2001 05:00	0.0000	0.0000	0.0000	0.21488	0.03462	0.08238	0.011700	0.28777
6/2/2001 06:00	0.0000	0.0000	0.0000	0.44236	0.04674	0.13459	0.011700	0.33249
6/2/2001 07:00	0.0000	0.0000	0.0000	0.50179	0.07444	0.21032	0.041700	0.35330
6/2/2001 08:00	0.0000	0.0000	0.0000	0.48272	0.05540	0.27132	0.011700	0.29869
6/2/2001 09:00	0.0799	0.0000	0.0152	0.42935	0.03116	0.33250	0.011700	0.25421
6/2/2001 10:00	0.2583	0.0000	0.0476	0.36858	0.02770	0.34779	0.011700	0.26019
6/2/2001 11:00	0.4191	0.0000	0.0756	0.31626	0.02597	0.36309	0.011700	0.26027
6/2/2001 12:00	0.4931	0.0000	0.0871	0.27548	0.02597	0.35331	0.011700	0.25589
6/2/2001 13:00	0.5630	0.0000	0.0995	0.25233	0.02597	0.32072	0.011700	0.26473
6/2/2001 14:00	0.6415	0.0000	0.1134	0.22850	0.02597	0.29567	0.011700	0.27964
6/2/2001 15:00	0.7253	0.0000	0.1282	0.23214	0.02770	0.30433	0.011700	0.29518
6/2/2001 16:00	0.7888	0.0000	0.1410	0.26152	0.02770	0.35098	0.011700	0.34915
6/2/2001 17:00	0.8288	0.0000	0.1496	0.32581	0.03462	0.43555	0.011700	0.42416
6/2/2001 18:00	0.8065	0.0000	0.1486	0.38647	0.05540	0.39348	0.041700	0.46051
6/2/2001 19:00	0.6295	0.0000	0.1196	0.39740	0.10733	0.31774	0.011700	0.47534
6/2/2001 20:00	0.1745	0.0000	0.0335	0.36152	0.19215	0.28125	0.011700	0.49168
6/2/2001 21:00	0.0000	0.0000	0.0000	0.31818	0.27871	0.26494	0.011700	0.48020
6/2/2001 22:00	0.0000	0.0000	0.0000	0.25228	0.23370	0.21327	0.011700	0.41555
6/2/2001 23:00	0.0000	0.0000	0.0000	0.18156	0.16273	0.14336	0.011700	0.36111
6/3/2001 00:00	0.0000	0.0000	0.0000	0.10518	0.08309	0.09397	0.011700	0.29869
6/3/2001 01:00	0.0000	0.0000	0.0000	0.07325	0.05020	0.08360	0.011700	0.27502
6/3/2001 02:00	0.0000	0.0000	0.0000	0.06380	0.03289	0.07003	0.011700	0.27183
6/3/2001 03:00	0.0000	0.0000	0.0000	0.06573	0.03289	0.06144	0.011700	0.26800
6/3/2001 04:00	0.0000	0.0000	0.0000	0.09556	0.03289	0.07269	0.011700	0.25788
6/3/2001 05:00	0.0000	0.0000	0.0000	0.22847	0.03462	0.08648	0.011700	0.28777
6/3/2001 06:00	0.0000	0.0000	0.0000	0.47630	0.04674	0.14521	0.011700	0.33249
6/3/2001 07:00	0.0000	0.0000	0.0000	0.54267	0.07444	0.23148	0.041700	0.35330
6/3/2001 08:00	0.1512	0.0000	0.0279	0.52448	0.05540	0.30375	0.011700	0.29869
6/3/2001 09:00	0.2931	0.0000	0.0537	0.46822	0.03116	0.37753	0.011700	0.25421
6/3/2001 10:00	0.3438	0.0000	0.0624	0.40238	0.02770	0.39871	0.011700	0.26019
6/3/2001 11:00	0.4618	0.0000	0.0829	0.34414	0.02597	0.41558	0.011700	0.26027
6/3/2001 12:00	0.4830	0.0000	0.0877	0.29959	0.02597	0.40112	0.011700	0.25589
6/3/2001 13:00	0.6038	0.0000	0.1053	0.27320	0.02597	0.36431	0.011700	0.26473
6/3/2001 14:00	0.6156	0.0000	0.1106	0.24745	0.02597	0.33480	0.011700	0.27964
6/3/2001 15:00	0.6366	0.0000	0.1144	0.25109	0.02770	0.34138	0.011700	0.29518
6/3/2001 16:00	0.6202	0.0000	0.1127	0.28514	0.02770	0.38690	0.011700	0.34915
6/3/2001 17:00	0.5464	0.0000	0.1002	0.35460	0.03462	0.47090	0.011700	0.42416
6/3/2001 18:00	0.5064	0.0000	0.0929	0.42453	0.05540	0.42779	0.041700	0.46051
6/3/2001 19:00	0.2959	0.0000	0.0587	0.44039	0.10733	0.35199	0.011700	0.47534
6/3/2001 20:00	0.2238	0.0000	0.0441	0.40236	0.19215	0.31611	0.011700	0.49168
6/3/2001 21:00	0.1892	0.0000	0.0372	0.35215	0.27871	0.30055	0.011700	0.48020
6/3/2001 22:00	0.1457	0.0000	0.0287	0.27879	0.23370	0.24157	0.011700	0.41555
6/3/2001 23:00	0.1058	0.0000	0.0208	0.19756	0.16273	0.15890	0.011700	0.36111
6/4/2001 00:00	0.0641	0.0000	0.0126	0.11001	0.08309	0.10055	0.011700	0.29869
6/4/2001 01:00	0.0434	0.0000	0.0085	0.07150	0.05020	0.08360	0.011700	0.27502
6/4/2001 02:00	0.0316	0.0000	0.0062	0.06171	0.03289	0.07003	0.011700	0.27183
6/4/2001 03:00	0.0240	0.0000	0.0047	0.06451	0.03289	0.06144	0.011700	0.26800
6/4/2001 04:00	0.0239	0.0000	0.0046	0.09445	0.03289	0.07269	0.011700	0.25788
6/4/2001 05:00	0.0436	0.0000	0.0084	0.22644	0.03462	0.08648	0.011700	0.28777
6/4/2001 06:00	0.0891	0.0000	0.0172	0.47306	0.04674	0.14521	0.011700	0.33249
6/4/2001 07:00	0.1164	0.0000	0.0222	0.53922	0.07444	0.23148	0.041700	0.35330
6/4/2001 08:00	0.0982	0.0000	0.0192	0.52190	0.05540	0.30375	0.011700	0.29869
6/4/2001 09:00	0.1027	0.0000	0.0197	0.46608	0.03116	0.37753	0.011700	0.25421
6/4/2001 10:00	0.2378	0.0000	0.0445	0.40055	0.02770	0.39871	0.011700	0.26019
6/4/2001 11:00	0.4455	0.0000	0.0804	0.34260	0.02597	0.41558	0.011700	0.26027
6/4/2001 12:00	0.3711	0.0000	0.0701	0.29827	0.02597	0.40112	0.011700	0.25589
6/4/2001 13:00	0.3181	0.0000	0.0605	0.27202	0.02597	0.36431	0.011700	0.26473
6/4/2001 14:00	0.2300	0.0000	0.0441	0.24640	0.02597	0.33480	0.011700	0.27964
6/4/2001 15:00	0.1942	0.0000	0.0370	0.25002	0.02770	0.34138	0.011700	0.29518
6/4/2001 16:00	0.3338	0.0000	0.0614	0.28391	0.02770	0.38690	0.011700	0.34915
6/4/2001 17:00	0.4312	0.0000	0.0786	0.35308	0.03462	0.47090	0.011700	0.42416
6/4/2001 18:00	0.5458	0.0000	0.1004	0.42272	0.05540	0.42779	0.041700	0.46051
6/4/2001 19:00	0.5500	0.0000	0.1030	0.43853	0.10733	0.35199	0.011700	0.47534
6/4/2001 20:00	0.4383	0.0000	0.0828	0.40066	0.19215	0.31611	0.011700	0.49168
6/4/2001 21:00	0.3591	0.0000	0.0684	0.35066	0.27871	0.30055	0.011700	0.48020
6/4/2001 22:00	0.2828	0.0000	0.0535	0.27765	0.23370	0.24157	0.011700	0.41555
6/4/2001 23:00	0.2346	0.0000	0.0436	0.19681	0.16273	0.15890	0.011700	0.36111
