Date/Time	Cooling (E)	Heating (E)	HVAC Fan/Pump (E)	Hot Water (E)	Lights (E)	Lg. Appl. (E)	Vent Fan (E)	Misc. (E)
	kWh	kWh	kWh	kWh	kWh	kWh	kWh	kWh
12/1/2001 00:00	0.0000	0.2723	0.0167	0.13078	0.08407	0.09397	0.011700	0.29869
12/1/2001 01:00	0.0000	0.2133	0.0131	0.08369	0.05117	0.07966	0.011700	0.27502
12/1/2001 02:00	0.0000	0.0977	0.0060	0.07112	0.03290	0.06742	0.011700	0.27183
12/1/2001 03:00	0.0000	0.0000	0.0000	0.07476	0.03290	0.06007	0.011700	0.26800
12/1/2001 04:00	0.0000	0.0000	0.0000	0.11187	0.03290	0.07002	0.011700	0.25788
12/1/2001 05:00	0.0000	0.0000	0.0000	0.27560	0.03655	0.08238	0.011700	0.28777
12/1/2001 06:00	0.0000	0.0000	0.0000	0.58097	0.07676	0.13459	0.011700	0.33249
12/1/2001 07:00	0.0000	0.0000	0.0000	0.66335	0.15717	0.21032	0.041700	0.35330
12/1/2001 08:00	0.0000	0.0000	0.0000	0.64004	0.15352	0.27132	0.011700	0.29869
12/1/2001 09:00	0.0000	0.0000	0.0000	0.57194	0.08407	0.33250	0.011700	0.25421
12/1/2001 10:00	0.0000	0.0000	0.0000	0.49209	0.06945	0.34779	0.011700	0.26019
12/1/2001 11:00	0.0000	0.0000	0.0000	0.42125	0.06945	0.36309	0.011700	0.26027
12/1/2001 12:00	0.0000	0.0000	0.0000	0.36599	0.06945	0.35331	0.011700	0.25589
12/1/2001 13:00	0.0000	0.0000	0.0000	0.33370	0.06945	0.32072	0.011700	0.26473
12/1/2001 14:00	0.0000	0.0000	0.0000	0.30011	0.07676	0.29567	0.011700	0.27964
12/1/2001 15:00	0.0000	0.0000	0.0000	0.30373	0.10600	0.30433	0.011700	0.29518
12/1/2001 16:00	0.0000	0.0000	0.0000	0.34308	0.19007	0.35098	0.011700	0.34915
12/1/2001 17:00	0.0000	0.0000	0.0000	0.43043	0.33262	0.43555	0.011700	0.42416
12/1/2001 18:00	0.0000	0.0000	0.0000	0.50972	0.43862	0.39348	0.041700	0.46051
12/1/2001 19:00	0.0000	0.0000	0.0000	0.52174	0.40938	0.31774	0.011700	0.47534
12/1/2001 20:00	0.0000	0.0000	0.0000	0.47370	0.37283	0.28125	0.011700	0.49168
12/1/2001 21:00	0.0000	0.0000	0.0000	0.41698	0.31434	0.26494	0.011700	0.48020
12/1/2001 22:00	0.0000	0.0000	0.0000	0.32778	0.23393	0.21327	0.011700	0.41555
12/1/2001 23:00	0.0000	0.0000	0.0000	0.23163	0.16448	0.14336	0.011700	0.36111
12/2/2001 00:00	0.0000	0.0000	0.0000	0.13854	0.08407	0.10055	0.011700	0.29869
12/2/2001 01:00	0.0000	0.0158	0.0010	0.08788	0.05117	0.08360	0.011700	0.27502
12/2/2001 02:00	0.0000	0.2450	0.0151	0.07471	0.03290	0.07003	0.011700	0.27183
12/2/2001 03:00	0.0000	0.3571	0.0220	0.07862	0.03290	0.06144	0.011700	0.26800
12/2/2001 04:00	0.0000	0.4731	0.0291	0.11985	0.03290	0.07269	0.011700	0.25788
12/2/2001 05:00	0.0000	0.4946	0.0304	0.29886	0.03655	0.08648	0.011700	0.28777
12/2/2001 06:00	0.0000	0.4198	0.0258	0.63428	0.07676	0.14521	0.011700	0.33249
12/2/2001 07:00	0.0000	0.8571	0.0527	0.72808	0.15717	0.23148	0.041700	0.35330
12/2/2001 08:00	0.0000	0.3832	0.0236	0.70743	0.15352	0.30375	0.011700	0.29869
12/2/2001 09:00	0.0000	0.2740	0.0169	0.63383	0.08407	0.37753	0.011700	0.25421
12/2/2001 10:00	0.0000	0.0983	0.0060	0.54527	0.06945	0.39871	0.011700	0.26019
12/2/2001 11:00	0.0000	0.3814	0.0235	0.46559	0.06945	0.41558	0.011700	0.26027
12/2/2001 12:00	0.0000	0.0000	0.0000	0.40458	0.06945	0.40112	0.011700	0.25589
12/2/2001 13:00	0.0000	0.0000	0.0000	0.36699	0.06945	0.36431	0.011700	0.26473
12/2/2001 14:00	0.0000	0.0000	0.0000	0.33101	0.07676	0.33480	0.011700	0.27964
12/2/2001 15:00	0.0000	0.0000	0.0000	0.33510	0.10600	0.34138	0.011700	0.29518
12/2/2001 16:00	0.0000	0.0000	0.0000	0.38115	0.19007	0.38690	0.011700	0.34915
12/2/2001 17:00	0.0000	0.0000	0.0000	0.47371	0.33262	0.47090	0.011700	0.42416
12/2/2001 18:00	0.0000	0.1306	0.0080	0.56573	0.43862	0.42779	0.041700	0.46051
12/2/2001 19:00	0.0000	0.0000	0.0000	0.58674	0.40938	0.35199	0.011700	0.47534
12/2/2001 20:00	0.0000	0.0000	0.0000	0.53662	0.37283	0.31611	0.011700	0.49168
12/2/2001 21:00	0.0000	0.2127	0.0131	0.47015	0.31434	0.30055	0.011700	0.48020
12/2/2001 22:00	0.0000	0.4872	0.0300	0.36990	0.23393	0.24157	0.011700	0.41555
12/2/2001 23:00	0.0000	0.7717	0.0475	0.25851	0.16448	0.15890	0.011700	0.36111
12/3/2001 00:00	0.0000	1.1022	0.0678	0.14041	0.08407	0.10055	0.011700	0.29869
12/3/2001 01:00	0.0000	1.3168	0.0810	0.08874	0.05117	0.08360	0.011700	0.27502
12/3/2001 02:00	0.0000	1.4833	0.0912	0.07484	0.03290	0.07003	0.011700	0.27183
12/3/2001 03:00	0.0000	1.6125	0.0992	0.07876	0.03290	0.06144	0.011700	0.26800
12/3/2001 04:00	0.0000	1.7255	0.1061	0.12014	0.03290	0.07269	0.011700	0.25788
12/3/2001 05:00	0.0000	1.7671	0.1087	0.29976	0.03655	0.08648	0.011700	0.28777
12/3/2001 06:00	0.0000	1.7364	0.1068	0.63632	0.07676	0.14521	0.011700	0.33249
12/3/2001 07:00	0.0000	2.1624	0.1330	0.73047	0.15717	0.23148	0.041700	0.35330
12/3/2001 08:00	0.0000	0.7461	0.0459	0.70978	0.15352	0.30375	0.011700	0.29869
12/3/2001 09:00	0.0000	0.0000	0.0000	0.63596	0.08407	0.37753	0.011700	0.25421
12/3/2001 10:00	0.0000	0.0000	0.0000	0.54664	0.06945	0.39871	0.011700	0.26019
12/3/2001 11:00	0.0000	0.0000	0.0000	0.46531	0.06945	0.41558	0.011700	0.26027
12/3/2001 12:00	0.0000	0.0000	0.0000	0.40311	0.06945	0.40112	0.011700	0.25589
12/3/2001 13:00	0.0000	0.0000	0.0000	0.36394	0.06945	0.36431	0.011700	0.26473
12/3/2001 14:00	0.0000	0.0000	0.0000	0.32674	0.07676	0.33480	0.011700	0.27964
12/3/2001 15:00	0.0000	0.0000	0.0000	0.32989	0.10600	0.34138	0.011700	0.29518
12/3/2001 16:00	0.0000	0.0000	0.0000	0.37560	0.19007	0.38690	0.011700	0.34915
12/3/2001 17:00	0.0000	0.0000	0.0000	0.46902	0.33262	0.47090	0.011700	0.42416
12/3/2001 18:00	0.0000	0.0000	0.0000	0.56222	0.43862	0.42779	0.041700	0.46051
12/3/2001 19:00	0.0000	0.0000	0.0000	0.58431	0.40938	0.35199	0.011700	0.47534
12/3/2001 20:00	0.0000	0.0000	0.0000	0.53448	0.37283	0.31611	0.011700	0.49168
12/3/2001 21:00	0.0000	0.0000	0.0000	0.46815	0.31434	0.30055	0.011700	0.48020
12/3/2001 22:00	0.0000	0.0000	0.0000	0.36828	0.23393	0.24157	0.011700	0.41555
12/3/2001 23:00	0.0000	0.0000	0.0000	0.25726	0.16448	0.15890	0.011700	0.36111
12/4/2001 00:00	0.0000	0.0000	0.0000	0.13045	0.08407	0.09397	0.011700	0.29869
12/4/2001 01:00	0.0000	0.5194	0.0320	0.08361	0.05117	0.07966	0.011700	0.27502
12/4/2001 02:00	0.0000	0.3137	0.0193	0.07142	0.03290	0.06742	0.011700	0.27183
12/4/2001 03:00	0.0000	0.4210	0.0259	0.07513	0.03290	0.06007	0.011700	0.26800
12/4/2001 04:00	0.0000	0.5075	0.0312	0.11272	0.03290	0.07002	0.011700	0.25788
12/4/2001 05:00	0.0000	0.5170	0.0318	0.27832	0.03655	0.08238	0.011700	0.28777
12/4/2001 06:00	0.0000	0.4323	0.0266	0.58710	0.07676	0.13459	0.011700	0.33249
12/4/2001 07:00	0.0000	0.3507	0.0216	0.67081	0.15717	0.21032	0.041700	0.35330
12/4/2001 08:00	0.0000	0.0000	0.0000	0.64755	0.15352	0.27132	0.011700	0.29869
12/4/2001 09:00	0.0000	0.0000	0.0000	0.57757	0.08407	0.33250	0.011700	0.25421
12/4/2001 10:00	0.0000	0.0000	0.0000	0.49530	0.06945	0.34779	0.011700	0.26019
12/4/2001 11:00	0.0000	0.0000	0.0000	0.42309	0.06945	0.36309	0.011700	0.26027
12/4/2001 12:00	0.0000	0.0000	0.0000	0.36752	0.06945	0.35331	0.011700	0.25589
12/4/2001 13:00	0.0000	0.0000	0.0000	0.33413	0.06945	0.32072	0.011700	0.26473
12/4/2001 14:00	0.0000	0.0000	0.0000	0.30145	0.07676	0.29567	0.011700	0.27964
12/4/2001 15:00	0.0000	0.0000	0.0000	0.30620	0.10600	0.30433	0.011700	0.29518
12/4/2001 16:00	0.0000	0.0000	0.0000	0.34651	0.19007	0.35098	0.011700	0.34915
12/4/2001 17:00	0.0000	0.0000	0.0000	0.43392	0.33262	0.43555	0.011700	0.42416
12/4/2001 18:00	0.0000	0.0000	0.0000	0.51433	0.43862	0.39348	0.041700	0.46051
12/4/2001 19:00	0.0000	0.0000	0.0000	0.52787	0.40938	0.31774	0.011700	0.47534
12/4/2001 20:00	0.0000	0.0000	0.0000	0.47975	0.37283	0.28125	0.011700	0.49168
12/4/2001 21:00	0.0000	0.0000	0.0000	0.42215	0.31434	0.26494	0.011700	0.48020
12/4/2001 22:00	0.0000	0.1478	0.0091	0.33279	0.23393	0.21327	0.011700	0.41555
12/4/2001 23:00	0.0000	0.0564	0.0035	0.23581	0.16448	0.14336	0.011700	0.36111
12/5/2001 00:00	0.0000	0.2215	0.0136	0.13204	0.08407	0.09397	0.011700	0.29869
12/5/2001 01:00	0.0000	0.4006	0.0246	0.08433	0.05117	0.07966	0.011700	0.27502
12/5/2001 02:00	0.0000	0.5227	0.0322	0.07157	0.03290	0.06742	0.011700	0.27183
12/5/2001 03:00	0.0000	0.6143	0.0378	0.07526	0.03290	0.06007	0.011700	0.26800
12/5/2001 04:00	0.0000	0.5825	0.0358	0.11298	0.03290	0.07002	0.011700	0.25788
12/5/2001 05:00	0.0000	0.4384	0.0270	0.27911	0.03655	0.08238	0.011700	0.28777
12/5/2001 06:00	0.0000	0.1861	0.0114	0.58892	0.07676	0.13459	0.011700	0.33249
12/5/2001 07:00	0.0000	0.3277	0.0202	0.67293	0.15717	0.21032	0.041700	0.35330
12/5/2001 08:00	0.0000	0.0379	0.0023	0.64962	0.15352	0.27132	0.011700	0.29869
12/5/2001 09:00	0.0000	0.0181	0.0011	0.58067	0.08407	0.33250	0.011700	0.25421
12/5/2001 10:00	0.0000	0.0000	0.0000	0.49975	0.06945	0.34779	0.011700	0.26019
12/5/2001 11:00	0.0000	0.0000	0.0000	0.42717	0.06945	0.36309	0.011700	0.26027
12/5/2001 12:00	0.0000	0.0000	0.0000	0.37089	0.06945	0.35331	0.011700	0.25589
12/5/2001 13:00	0.0000	0.0000	0.0000	0.33725	0.06945	0.32072	0.011700	0.26473
12/5/2001 14:00	0.0000	0.0000	0.0000	0.30368	0.07676	0.29567	0.011700	0.27964
12/5/2001 15:00	0.0000	0.0000	0.0000	0.30747	0.10600	0.30433	0.011700	0.29518
12/5/2001 16:00	0.0000	0.0000	0.0000	0.34729	0.19007	0.35098	0.011700	0.34915
12/5/2001 17:00	0.0000	0.0000	0.0000	0.43333	0.33262	0.43555	0.011700	0.42416
12/5/2001 18:00	0.0000	0.0000	0.0000	0.51312	0.43862	0.39348	0.041700	0.46051
12/5/2001 19:00	0.0000	0.0000	0.0000	0.52670	0.40938	0.31774	0.011700	0.47534
12/5/2001 20:00	0.0000	0.0000	0.0000	0.47893	0.37283	0.28125	0.011700	0.49168
12/5/2001 21:00	0.0000	0.0000	0.0000	0.42117	0.31434	0.26494	0.011700	0.48020
12/5/2001 22:00	0.0000	0.0000	0.0000	0.33032	0.23393	0.21327	0.011700	0.41555
12/5/2001 23:00	0.0000	0.0000	0.0000	0.23244	0.16448	0.14336	0.011700	0.36111
12/6/2001 00:00	0.0000	0.0000	0.0000	0.12852	0.08407	0.09397	0.011700	0.29869
12/6/2001 01:00	0.0000	0.0000	0.0000	0.08097	0.05117	0.07966	0.011700	0.27502
12/6/2001 02:00	0.0000	0.2788	0.0172	0.07111	0.03290	0.06742	0.011700	0.27183
12/6/2001 03:00	0.0000	0.0000	0.0000	0.07537	0.03290	0.06007	0.011700	0.26800
12/6/2001 04:00	0.0000	0.0000	0.0000	0.11236	0.03290	0.07002	0.011700	0.25788
12/6/2001 05:00	0.0000	0.0000	0.0000	0.27890	0.03655	0.08238	0.011700	0.28777
12/6/2001 06:00	0.0000	0.0390	0.0024	0.59027	0.07676	0.13459	0.011700	0.33249
12/6/2001 07:00	0.0000	0.2952	0.0182	0.67503	0.15717	0.21032	0.041700	0.35330
12/6/2001 08:00	0.0000	0.0000	0.0000	0.65166	0.15352	0.27132	0.011700	0.29869
12/6/2001 09:00	0.0000	0.0000	0.0000	0.58187	0.08407	0.33250	0.011700	0.25421
12/6/2001 10:00	0.0000	0.0000	0.0000	0.49995	0.06945	0.34779	0.011700	0.26019
12/6/2001 11:00	0.0000	0.0000	0.0000	0.42731	0.06945	0.36309	0.011700	0.26027
12/6/2001 12:00	0.0000	0.0000	0.0000	0.37224	0.06945	0.35331	0.011700	0.25589
12/6/2001 13:00	0.0000	0.0000	0.0000	0.33974	0.06945	0.32072	0.011700	0.26473
12/6/2001 14:00	0.0000	0.0000	0.0000	0.30503	0.07676	0.29567	0.011700	0.27964
12/6/2001 15:00	0.0000	0.0000	0.0000	0.30818	0.10600	0.30433	0.011700	0.29518
12/6/2001 16:00	0.0000	2.0340	0.1251	0.35122	0.19007	0.35098	0.011700	0.34915
12/6/2001 17:00	0.0000	0.0000	0.0000	0.43809	0.33262	0.43555	0.011700	0.42416
12/6/2001 18:00	0.0000	1.1897	0.0732	0.51841	0.43862	0.39348	0.041700	0.46051
12/6/2001 19:00	0.0000	0.7317	0.0450	0.53191	0.40938	0.31774	0.011700	0.47534
12/6/2001 20:00	0.0000	1.0996	0.0676	0.48432	0.37283	0.28125	0.011700	0.49168
12/6/2001 21:00	0.0000	1.3856	0.0852	0.42651	0.31434	0.26494	0.011700	0.48020
12/6/2001 22:00	0.0000	1.7529	0.1078	0.33542	0.23393	0.21327	0.011700	0.41555
12/6/2001 23:00	0.0000	2.0871	0.1284	0.23713	0.16448	0.14336	0.011700	0.36111
12/7/2001 00:00	0.0000	2.4187	0.1488	0.13265	0.08407	0.09397	0.011700	0.29869
12/7/2001 01:00	0.0000	2.6533	0.1632	0.08464	0.05117	0.07966	0.011700	0.27502
12/7/2001 02:00	0.0000	2.8308	0.1741	0.07179	0.03290	0.06742	0.011700	0.27183
12/7/2001 03:00	0.0000	2.9638	0.1823	0.07550	0.03290	0.06007	0.011700	0.26800
12/7/2001 04:00	0.0000	3.0475	0.1875	0.11347	0.03290	0.07002	0.011700	0.25788
12/7/2001 05:00	0.0000	3.0833	0.1897	0.28068	0.03655	0.08238	0.011700	0.28777
12/7/2001 06:00	0.0000	3.0266	0.1862	0.59249	0.07676	0.13459	0.011700	0.33249
12/7/2001 07:00	0.0000	3.6990	0.2275	0.67710	0.15717	0.21032	0.041700	0.35330
12/7/2001 08:00	0.0000	1.8052	0.1110	0.65368	0.15352	0.27132	0.011700	0.29869
12/7/2001 09:00	0.0000	1.1027	0.0678	0.58432	0.08407	0.33250	0.011700	0.25421
12/7/2001 10:00	0.0000	0.4973	0.0306	0.50288	0.06945	0.34779	0.011700	0.26019
12/7/2001 11:00	0.0000	0.8845	0.0544	0.43059	0.06945	0.36309	0.011700	0.26027
12/7/2001 12:00	0.0000	0.0000	0.0000	0.37422	0.06945	0.35331	0.011700	0.25589
12/7/2001 13:00	0.0000	0.0000	0.0000	0.34062	0.06945	0.32072	0.011700	0.26473
12/7/2001 14:00	0.0000	0.0000	0.0000	0.30688	0.07676	0.29567	0.011700	0.27964
12/7/2001 15:00	0.0000	0.0000	0.0000	0.31076	0.10600	0.30433	0.011700	0.29518
12/7/2001 16:00	0.0000	0.0000	0.0000	0.35063	0.19007	0.35098	0.011700	0.34915
12/7/2001 17:00	0.0000	0.0792	0.0049	0.43801	0.33262	0.43555	0.011700	0.42416
12/7/2001 18:00	0.0000	2.0031	0.1232	0.51997	0.43862	0.39348	0.041700	0.46051
12/7/2001 19:00	0.0000	1.0969	0.0675	0.53349	0.40938	0.31774	0.011700	0.47534
12/7/2001 20:00	0.0000	1.6755	0.1031	0.48576	0.37283	0.28125	0.011700	0.49168
12/7/2001 21:00	0.0000	1.8720	0.1152	0.42777	0.31434	0.26494	0.011700	0.48020
12/7/2001 22:00	0.0000	2.2327	0.1373	0.33639	0.23393	0.21327	0.011700	0.41555
12/7/2001 23:00	0.0000	2.4921	0.1533	0.23776	0.16448	0.14336	0.011700	0.36111
12/8/2001 00:00	0.0000	2.7667	0.1702	0.13295	0.08407	0.09397	0.011700	0.29869
12/8/2001 01:00	0.0000	2.9622	0.1822	0.08479	0.05117	0.07966	0.011700	0.27502
12/8/2001 02:00	0.0000	3.1157	0.1917	0.07190	0.03290	0.06742	0.011700	0.27183
12/8/2001 03:00	0.0000	3.2255	0.1984	0.07562	0.03290	0.06007	0.011700	0.26800
12/8/2001 04:00	0.0000	3.3044	0.2033	0.11371	0.03290	0.07002	0.011700	0.25788
12/8/2001 05:00	0.0000	3.2991	0.2029	0.28144	0.03655	0.08238	0.011700	0.28777
12/8/2001 06:00	0.0000	3.2170	0.1979	0.59424	0.07676	0.13459	0.011700	0.33249
12/8/2001 07:00	0.0000	3.7088	0.2281	0.67915	0.15717	0.21032	0.041700	0.35330
12/8/2001 08:00	0.0000	1.5326	0.0943	0.65567	0.15352	0.27132	0.011700	0.29869
12/8/2001 09:00	0.0000	0.4815	0.0296	0.58610	0.08407	0.33250	0.011700	0.25421
12/8/2001 10:00	0.0000	0.0000	0.0000	0.50441	0.06945	0.34779	0.011700	0.26019
12/8/2001 11:00	0.0000	0.0000	0.0000	0.43149	0.06945	0.36309	0.011700	0.26027
12/8/2001 12:00	0.0000	0.0000	0.0000	0.37485	0.06945	0.35331	0.011700	0.25589
12/8/2001 13:00	0.0000	0.0000	0.0000	0.34026	0.06945	0.32072	0.011700	0.26473
12/8/2001 14:00	0.0000	0.0000	0.0000	0.30585	0.07676	0.29567	0.011700	0.27964
12/8/2001 15:00	0.0000	0.0000	0.0000	0.31117	0.10600	0.30433	0.011700	0.29518
12/8/2001 16:00	0.0000	0.0000	0.0000	0.35271	0.19007	0.35098	0.011700	0.34915
12/8/2001 17:00	0.0000	0.0000	0.0000	0.44009	0.33262	0.43555	0.011700	0.42416
12/8/2001 18:00	0.0000	1.0126	0.0623	0.52085	0.43862	0.39348	0.041700	0.46051
12/8/2001 19:00	0.0000	0.3780	0.0233	0.53495	0.40938	0.31774	0.011700	0.47534
12/8/2001 20:00	0.0000	0.6585	0.0405	0.48717	0.37283	0.28125	0.011700	0.49168
12/8/2001 21:00	0.0000	0.9095	0.0559	0.42902	0.31434	0.26494	0.011700	0.48020
12/8/2001 22:00	0.0000	1.1225	0.0691	0.33734	0.23393	0.21327	0.011700	0.41555
12/8/2001 23:00	0.0000	1.2726	0.0783	0.23839	0.16448	0.14336	0.011700	0.36111
12/9/2001 00:00	0.0000	1.3786	0.0848	0.14243	0.08407	0.10055	0.011700	0.29869
12/9/2001 01:00	0.0000	1.4312	0.0880	0.08976	0.05117	0.08360	0.011700	0.27502
12/9/2001 02:00	0.0000	1.4558	0.0896	0.07556	0.03290	0.07003	0.011700	0.27183
12/9/2001 03:00	0.0000	1.4498	0.0892	0.07956	0.03290	0.06144	0.011700	0.26800
12/9/2001 04:00	0.0000	1.3930	0.0857	0.12178	0.03290	0.07269	0.011700	0.25788
12/9/2001 05:00	0.0000	1.2344	0.0759	0.30490	0.03655	0.08648	0.011700	0.28777
12/9/2001 06:00	0.0000	0.9886	0.0608	0.64805	0.07676	0.14521	0.011700	0.33249
12/9/2001 07:00	0.0000	0.7902	0.0486	0.74426	0.15717	0.23148	0.041700	0.35330
12/9/2001 08:00	0.0000	0.0000	0.0000	0.72332	0.15352	0.30375	0.011700	0.29869
12/9/2001 09:00	0.0000	0.0000	0.0000	0.64719	0.08407	0.37753	0.011700	0.25421
12/9/2001 10:00	0.0000	0.0000	0.0000	0.55504	0.06945	0.39871	0.011700	0.26019
12/9/2001 11:00	0.0000	0.0000	0.0000	0.47224	0.06945	0.41558	0.011700	0.26027
12/9/2001 12:00	0.0000	0.0000	0.0000	0.40914	0.06945	0.40112	0.011700	0.25589
12/9/2001 13:00	0.0000	0.0000	0.0000	0.37023	0.06945	0.36431	0.011700	0.26473
12/9/2001 14:00	0.0000	0.0000	0.0000	0.33378	0.07676	0.33480	0.011700	0.27964
12/9/2001 15:00	0.0000	0.0000	0.0000	0.33890	0.10600	0.34138	0.011700	0.29518
12/9/2001 16:00	0.0000	0.0000	0.0000	0.38684	0.19007	0.38690	0.011700	0.34915
12/9/2001 17:00	0.0000	0.0000	0.0000	0.48166	0.33262	0.47090	0.011700	0.42416
12/9/2001 18:00	0.0000	0.0000	0.0000	0.57614	0.43862	0.42779	0.041700	0.46051
12/9/2001 19:00	0.0000	0.0000	0.0000	0.59825	0.40938	0.35199	0.011700	0.47534
12/9/2001 20:00	0.0000	0.0000	0.0000	0.54730	0.37283	0.31611	0.011700	0.49168
12/9/2001 21:00	0.0000	0.2896	0.0178	0.47980	0.31434	0.30055	0.011700	0.48020
12/9/2001 22:00	0.0000	0.7750	0.0477	0.37764	0.23393	0.24157	0.011700	0.41555
12/9/2001 23:00	0.0000	1.2030	0.0740	0.26360	0.16448	0.15890	0.011700	0.36111
12/10/2001 00:00	0.0000	1.7005	0.1046	0.14275	0.08407	0.10055	0.011700	0.29869
12/10/2001 01:00	0.0000	2.1106	0.1298	0.08992	0.05117	0.08360	0.011700	0.27502
12/10/2001 02:00	0.0000	2.4131	0.1484	0.07568	0.03290	0.07003	0.011700	0.27183
12/10/2001 03:00	0.0000	2.6832	0.1651	0.07969	0.03290	0.06144	0.011700	0.26800
12/10/2001 04:00	0.0000	2.8415	0.1748	0.12204	0.03290	0.07269	0.011700	0.25788
12/10/2001 05:00	0.0000	2.9350	0.1805	0.30571	0.03655	0.08648	0.011700	0.28777
12/10/2001 06:00	0.0000	2.9023	0.1785	0.64992	0.07676	0.14521	0.011700	0.33249
12/10/2001 07:00	0.0000	3.6960	0.2274	0.74645	0.15717	0.23148	0.041700	0.35330
12/10/2001 08:00	0.0000	1.7717	0.1090	0.72547	0.15352	0.30375	0.011700	0.29869
12/10/2001 09:00	0.0000	1.0735	0.0660	0.65012	0.08407	0.37753	0.011700	0.25421
12/10/2001 10:00	0.0000	0.4433	0.0273	0.55927	0.06945	0.39871	0.011700	0.26019
12/10/2001 11:00	0.0000	0.8949	0.0551	0.47744	0.06945	0.41558	0.011700	0.26027
12/10/2001 12:00	0.0000	0.0000	0.0000	0.41478	0.06945	0.40112	0.011700	0.25589
12/10/2001 13:00	0.0000	0.0000	0.0000	0.37570	0.06945	0.36431	0.011700	0.26473
12/10/2001 14:00	0.0000	0.0000	0.0000	0.33839	0.07676	0.33480	0.011700	0.27964
12/10/2001 15:00	0.0000	0.0000	0.0000	0.34202	0.10600	0.34138	0.011700	0.29518
12/10/2001 16:00	0.0000	0.0000	0.0000	0.38893	0.19007	0.38690	0.011700	0.34915
12/10/2001 17:00	0.0000	0.0000	0.0000	0.48460	0.33262	0.47090	0.011700	0.42416
12/10/2001 18:00	0.0000	2.0246	0.1245	0.58047	0.43862	0.42779	0.041700	0.46051
12/10/2001 19:00	0.0000	1.0195	0.0627	0.60104	0.40938	0.35199	0.011700	0.47534
12/10/2001 20:00	0.0000	1.6756	0.1031	0.54989	0.37283	0.31611	0.011700	0.49168
12/10/2001 21:00	0.0000	1.9403	0.1194	0.48167	0.31434	0.30055	0.011700	0.48020
12/10/2001 22:00	0.0000	2.3538	0.1448	0.37871	0.23393	0.24157	0.011700	0.41555
12/10/2001 23:00	0.0000	2.6486	0.1629	0.26430	0.16448	0.15890	0.011700	0.36111
12/11/2001 00:00	0.0000	2.9295	0.1802	0.13382	0.08407	0.09397	0.011700	0.29869
12/11/2001 01:00	0.0000	3.1268	0.1923	0.08523	0.05117	0.07966	0.011700	0.27502
12/11/2001 02:00	0.0000	3.2805	0.2018	0.07221	0.03290	0.06742	0.011700	0.27183
12/11/2001 03:00	0.0000	3.4046	0.2094	0.07597	0.03290	0.06007	0.011700	0.26800
12/11/2001 04:00	0.0000	3.4688	0.2134	0.11442	0.03290	0.07002	0.011700	0.25788
12/11/2001 05:00	0.0000	3.4466	0.2120	0.28368	0.03655	0.08238	0.011700	0.28777
12/11/2001 06:00	0.0000	3.3250	0.2045	0.59934	0.07676	0.13459	0.011700	0.33249
12/11/2001 07:00	0.0000	4.0774	0.2508	0.68511	0.15717	0.21032	0.041700	0.35330
12/11/2001 08:00	0.0000	1.9611	0.1206	0.66147	0.15352	0.27132	0.011700	0.29869
12/11/2001 09:00	0.0000	1.0773	0.0663	0.59131	0.08407	0.33250	0.011700	0.25421
12/11/2001 10:00	0.0000	0.3188	0.0196	0.50888	0.06945	0.34779	0.011700	0.26019
12/11/2001 11:00	0.0000	0.6563	0.0404	0.43568	0.06945	0.36309	0.011700	0.26027
12/11/2001 12:00	0.0000	0.0000	0.0000	0.37860	0.06945	0.35331	0.011700	0.25589
12/11/2001 13:00	0.0000	0.0000	0.0000	0.34398	0.06945	0.32072	0.011700	0.26473
12/11/2001 14:00	0.0000	0.0000	0.0000	0.30957	0.07676	0.29567	0.011700	0.27964
12/11/2001 15:00	0.0000	0.0000	0.0000	0.31380	0.10600	0.30433	0.011700	0.29518
12/11/2001 16:00	0.0000	0.0000	0.0000	0.35550	0.19007	0.35098	0.011700	0.34915
12/11/2001 17:00	0.0000	0.5030	0.0309	0.44441	0.33262	0.43555	0.011700	0.42416
12/11/2001 18:00	0.0000	1.4767	0.0908	0.52595	0.43862	0.39348	0.041700	0.46051
12/11/2001 19:00	0.0000	0.9404	0.0578	0.53958	0.40938	0.31774	0.011700	0.47534
12/11/2001 20:00	0.0000	1.3559	0.0834	0.49130	0.37283	0.28125	0.011700	0.49168
12/11/2001 21:00	0.0000	1.6138	0.0993	0.43265	0.31434	0.26494	0.011700	0.48020
12/11/2001 22:00	0.0000	1.9530	0.1201	0.34011	0.23393	0.21327	0.011700	0.41555
12/11/2001 23:00	0.0000	2.2377	0.1377	0.24023	0.16448	0.14336	0.011700	0.36111
12/12/2001 00:00	0.0000	2.5076	0.1543	0.13410	0.08407	0.09397	0.011700	0.29869
12/12/2001 01:00	0.0000	2.6948	0.1658	0.08537	0.05117	0.07966	0.011700	0.27502
12/12/2001 02:00	0.0000	2.8160	0.1732	0.07231	0.03290	0.06742	0.011700	0.27183
12/12/2001 03:00	0.0000	2.9044	0.1787	0.07608	0.03290	0.06007	0.011700	0.26800
12/12/2001 04:00	0.0000	2.9749	0.1830	0.11465	0.03290	0.07002	0.011700	0.25788
12/12/2001 05:00	0.0000	2.9704	0.1827	0.28440	0.03655	0.08238	0.011700	0.28777
12/12/2001 06:00	0.0000	2.8793	0.1771	0.60099	0.07676	0.13459	0.011700	0.33249
12/12/2001 07:00	0.0000	3.5373	0.2176	0.68704	0.15717	0.21032	0.041700	0.35330
12/12/2001 08:00	0.0000	1.9494	0.1199	0.66334	0.15352	0.27132	0.011700	0.29869
12/12/2001 09:00	0.0000	1.0733	0.0660	0.59300	0.08407	0.33250	0.011700	0.25421
12/12/2001 10:00	0.0000	0.2966	0.0182	0.51033	0.06945	0.34779	0.011700	0.26019
12/12/2001 11:00	0.0000	0.3335	0.0205	0.43691	0.06945	0.36309	0.011700	0.26027
12/12/2001 12:00	0.0000	0.0000	0.0000	0.37965	0.06945	0.35331	0.011700	0.25589
12/12/2001 13:00	0.0000	0.0000	0.0000	0.34469	0.06945	0.32072	0.011700	0.26473
12/12/2001 14:00	0.0000	0.0000	0.0000	0.31009	0.07676	0.29567	0.011700	0.27964
12/12/2001 15:00	0.0000	0.0000	0.0000	0.31441	0.10600	0.30433	0.011700	0.29518
12/12/2001 16:00	0.0000	0.0000	0.0000	0.35587	0.19007	0.35098	0.011700	0.34915
12/12/2001 17:00	0.0000	0.0000	0.0000	0.44417	0.33262	0.43555	0.011700	0.42416
12/12/2001 18:00	0.0000	0.6954	0.0428	0.52639	0.43862	0.39348	0.041700	0.46051
12/12/2001 19:00	0.0000	0.2452	0.0151	0.54094	0.40938	0.31774	0.011700	0.47534
12/12/2001 20:00	0.0000	0.4366	0.0269	0.49263	0.37283	0.28125	0.011700	0.49168
12/12/2001 21:00	0.0000	0.6581	0.0405	0.43382	0.31434	0.26494	0.011700	0.48020
12/12/2001 22:00	0.0000	0.8846	0.0544	0.34100	0.23393	0.21327	0.011700	0.41555
12/12/2001 23:00	0.0000	1.0640	0.0655	0.24082	0.16448	0.14336	0.011700	0.36111
12/13/2001 00:00	0.0000	1.2290	0.0756	0.13438	0.08407	0.09397	0.011700	0.29869
12/13/2001 01:00	0.0000	1.3412	0.0825	0.08551	0.05117	0.07966	0.011700	0.27502
12/13/2001 02:00	0.0000	1.4259	0.0877	0.07241	0.03290	0.06742	0.011700	0.27183
12/13/2001 03:00	0.0000	1.4870	0.0915	0.07619	0.03290	0.06007	0.011700	0.26800
12/13/2001 04:00	0.0000	1.5132	0.0931	0.11487	0.03290	0.07002	0.011700	0.25788
12/13/2001 05:00	0.0000	1.4532	0.0894	0.28511	0.03655	0.08238	0.011700	0.28777
12/13/2001 06:00	0.0000	1.3023	0.0801	0.60262	0.07676	0.13459	0.011700	0.33249
12/13/2001 07:00	0.0000	1.7758	0.1092	0.68893	0.15717	0.21032	0.041700	0.35330
12/13/2001 08:00	0.0000	0.8859	0.0545	0.66519	0.15352	0.27132	0.011700	0.29869
12/13/2001 09:00	0.0000	0.0000	0.0000	0.59466	0.08407	0.33250	0.011700	0.25421
12/13/2001 10:00	0.0000	0.0000	0.0000	0.51168	0.06945	0.34779	0.011700	0.26019
12/13/2001 11:00	0.0000	0.0000	0.0000	0.43678	0.06945	0.36309	0.011700	0.26027
12/13/2001 12:00	0.0000	0.0000	0.0000	0.37836	0.06945	0.35331	0.011700	0.25589
12/13/2001 13:00	0.0000	0.0000	0.0000	0.34317	0.06945	0.32072	0.011700	0.26473
12/13/2001 14:00	0.0000	0.0000	0.0000	0.31037	0.07676	0.29567	0.011700	0.27964
12/13/2001 15:00	0.0000	0.0000	0.0000	0.31524	0.10600	0.30433	0.011700	0.29518
12/13/2001 16:00	0.0000	0.0000	0.0000	0.35651	0.19007	0.35098	0.011700	0.34915
12/13/2001 17:00	0.0000	0.0000	0.0000	0.44563	0.33262	0.43555	0.011700	0.42416
12/13/2001 18:00	0.0000	0.0000	0.0000	0.52753	0.43862	0.39348	0.041700	0.46051
12/13/2001 19:00	0.0000	0.0000	0.0000	0.54104	0.40938	0.31774	0.011700	0.47534
12/13/2001 20:00	0.0000	0.0000	0.0000	0.49197	0.37283	0.28125	0.011700	0.49168
12/13/2001 21:00	0.0000	0.0000	0.0000	0.43322	0.31434	0.26494	0.011700	0.48020
12/13/2001 22:00	0.0000	0.0000	0.0000	0.34105	0.23393	0.21327	0.011700	0.41555
12/13/2001 23:00	0.0000	0.0000	0.0000	0.24090	0.16448	0.14336	0.011700	0.36111
12/14/2001 00:00	0.0000	0.0000	0.0000	0.13374	0.08407	0.09397	0.011700	0.29869
12/14/2001 01:00	0.0000	0.0000	0.0000	0.08458	0.05117	0.07966	0.011700	0.27502
12/14/2001 02:00	0.0000	0.0000	0.0000	0.07166	0.03290	0.06742	0.011700	0.27183
12/14/2001 03:00	0.0000	0.0000	0.0000	0.07562	0.03290	0.06007	0.011700	0.26800
12/14/2001 04:00	0.0000	0.0000	0.0000	0.11449	0.03290	0.07002	0.011700	0.25788
12/14/2001 05:00	0.0000	0.0000	0.0000	0.28531	0.03655	0.08238	0.011700	0.28777
12/14/2001 06:00	0.0000	0.0000	0.0000	0.60372	0.07676	0.13459	0.011700	0.33249
12/14/2001 07:00	0.0000	0.0000	0.0000	0.69013	0.15717	0.21032	0.041700	0.35330
12/14/2001 08:00	0.0000	0.0000	0.0000	0.66655	0.15352	0.27132	0.011700	0.29869
12/14/2001 09:00	0.0000	0.0000	0.0000	0.59528	0.08407	0.33250	0.011700	0.25421
12/14/2001 10:00	0.0000	0.0000	0.0000	0.51188	0.06945	0.34779	0.011700	0.26019
12/14/2001 11:00	0.0000	0.0000	0.0000	0.43778	0.06945	0.36309	0.011700	0.26027
12/14/2001 12:00	0.0000	0.0000	0.0000	0.38030	0.06945	0.35331	0.011700	0.25589
12/14/2001 13:00	0.0000	0.0000	0.0000	0.34602	0.06945	0.32072	0.011700	0.26473
12/14/2001 14:00	0.0000	0.0000	0.0000	0.31148	0.07676	0.29567	0.011700	0.27964
12/14/2001 15:00	0.0000	0.0000	0.0000	0.31554	0.10600	0.30433	0.011700	0.29518
12/14/2001 16:00	0.0000	0.0000	0.0000	0.35639	0.19007	0.35098	0.011700	0.34915
12/14/2001 17:00	0.0000	0.0000	0.0000	0.44450	0.33262	0.43555	0.011700	0.42416
12/14/2001 18:00	0.0000	0.0000	0.0000	0.52639	0.43862	0.39348	0.041700	0.46051
12/14/2001 19:00	0.0000	0.0000	0.0000	0.54044	0.40938	0.31774	0.011700	0.47534
12/14/2001 20:00	0.0000	0.0000	0.0000	0.49138	0.37283	0.28125	0.011700	0.49168
12/14/2001 21:00	0.0000	0.0000	0.0000	0.43224	0.31434	0.26494	0.011700	0.48020
12/14/2001 22:00	0.0000	0.0000	0.0000	0.33902	0.23393	0.21327	0.011700	0.41555
12/14/2001 23:00	0.0000	0.0000	0.0000	0.23850	0.16448	0.14336	0.011700	0.36111
12/15/2001 00:00	0.0000	0.0000	0.0000	0.13179	0.08407	0.09397	0.011700	0.29869
12/15/2001 01:00	0.0000	0.0000	0.0000	0.08309	0.05117	0.07966	0.011700	0.27502
12/15/2001 02:00	0.0000	0.2542	0.0156	0.07218	0.03290	0.06742	0.011700	0.27183
12/15/2001 03:00	0.0000	0.0000	0.0000	0.07639	0.03290	0.06007	0.011700	0.26800
12/15/2001 04:00	0.0000	0.0000	0.0000	0.11478	0.03290	0.07002	0.011700	0.25788
12/15/2001 05:00	0.0000	0.0000	0.0000	0.28587	0.03655	0.08238	0.011700	0.28777
12/15/2001 06:00	0.0000	0.0000	0.0000	0.60532	0.07676	0.13459	0.011700	0.33249
12/15/2001 07:00	0.0000	0.0128	0.0008	0.69212	0.15717	0.21032	0.041700	0.35330
12/15/2001 08:00	0.0000	0.0000	0.0000	0.66879	0.15352	0.27132	0.011700	0.29869
12/15/2001 09:00	0.0000	0.0000	0.0000	0.59742	0.08407	0.33250	0.011700	0.25421
12/15/2001 10:00	0.0000	0.0000	0.0000	0.51364	0.06945	0.34779	0.011700	0.26019
12/15/2001 11:00	0.0000	0.0000	0.0000	0.43921	0.06945	0.36309	0.011700	0.26027
12/15/2001 12:00	0.0000	0.0000	0.0000	0.38189	0.06945	0.35331	0.011700	0.25589
12/15/2001 13:00	0.0000	0.0000	0.0000	0.34713	0.06945	0.32072	0.011700	0.26473
12/15/2001 14:00	0.0000	0.0000	0.0000	0.31227	0.07676	0.29567	0.011700	0.27964
12/15/2001 15:00	0.0000	0.0000	0.0000	0.31741	0.10600	0.30433	0.011700	0.29518
12/15/2001 16:00	0.0000	0.0000	0.0000	0.35928	0.19007	0.35098	0.011700	0.34915
12/15/2001 17:00	0.0000	0.0000	0.0000	0.44764	0.33262	0.43555	0.011700	0.42416
12/15/2001 18:00	0.0000	0.0000	0.0000	0.52956	0.43862	0.39348	0.041700	0.46051
12/15/2001 19:00	0.0000	0.0000	0.0000	0.54478	0.40938	0.31774	0.011700	0.47534
12/15/2001 20:00	0.0000	0.0000	0.0000	0.49605	0.37283	0.28125	0.011700	0.49168
12/15/2001 21:00	0.0000	0.0000	0.0000	0.43620	0.31434	0.26494	0.011700	0.48020
12/15/2001 22:00	0.0000	0.0000	0.0000	0.34272	0.23393	0.21327	0.011700	0.41555
12/15/2001 23:00	0.0000	0.3532	0.0217	0.24254	0.16448	0.14336	0.011700	0.36111
12/16/2001 00:00	0.0000	0.5072	0.0312	0.14457	0.08407	0.10055	0.011700	0.29869
12/16/2001 01:00	0.0000	0.6934	0.0427	0.09085	0.05117	0.08360	0.011700	0.27502
12/16/2001 02:00	0.0000	0.7720	0.0475	0.07633	0.03290	0.07003	0.011700	0.27183
12/16/2001 03:00	0.0000	0.7855	0.0483	0.08042	0.03290	0.06144	0.011700	0.26800
12/16/2001 04:00	0.0000	0.7959	0.0490	0.12352	0.03290	0.07269	0.011700	0.25788
12/16/2001 05:00	0.0000	0.7403	0.0455	0.31035	0.03655	0.08648	0.011700	0.28777
12/16/2001 06:00	0.0000	0.6150	0.0378	0.66051	0.07676	0.14521	0.011700	0.33249
12/16/2001 07:00	0.0000	0.9743	0.0599	0.75889	0.15717	0.23148	0.041700	0.35330
12/16/2001 08:00	0.0000	0.4324	0.0266	0.73769	0.15352	0.30375	0.011700	0.29869
12/16/2001 09:00	0.0000	0.2378	0.0146	0.66114	0.08407	0.37753	0.011700	0.25421
12/16/2001 10:00	0.0000	0.0374	0.0023	0.56876	0.06945	0.39871	0.011700	0.26019
12/16/2001 11:00	0.0000	0.0000	0.0000	0.48546	0.06945	0.41558	0.011700	0.26027
12/16/2001 12:00	0.0000	0.0000	0.0000	0.42160	0.06945	0.40112	0.011700	0.25589
12/16/2001 13:00	0.0000	0.0000	0.0000	0.38150	0.06945	0.36431	0.011700	0.26473
12/16/2001 14:00	0.0000	0.0000	0.0000	0.34294	0.07676	0.33480	0.011700	0.27964
12/16/2001 15:00	0.0000	0.0000	0.0000	0.34689	0.10600	0.34138	0.011700	0.29518
12/16/2001 16:00	0.0000	0.0000	0.0000	0.39493	0.19007	0.38690	0.011700	0.34915
12/16/2001 17:00	0.0000	0.0000	0.0000	0.49134	0.33262	0.47090	0.011700	0.42416
12/16/2001 18:00	0.0000	0.0000	0.0000	0.58699	0.43862	0.42779	0.041700	0.46051
12/16/2001 19:00	0.0000	0.0000	0.0000	0.60848	0.40938	0.35199	0.011700	0.47534
12/16/2001 20:00	0.0000	0.0000	0.0000	0.55614	0.37283	0.31611	0.011700	0.49168
12/16/2001 21:00	0.0000	0.0000	0.0000	0.48682	0.31434	0.30055	0.011700	0.48020
12/16/2001 22:00	0.0000	0.0000	0.0000	0.38229	0.23393	0.24157	0.011700	0.41555
12/16/2001 23:00	0.0000	0.0000	0.0000	0.26618	0.16448	0.15890	0.011700	0.36111
12/17/2001 00:00	0.0000	0.0000	0.0000	0.14325	0.08407	0.10055	0.011700	0.29869
12/17/2001 01:00	0.0000	0.0000	0.0000	0.08991	0.05117	0.08360	0.011700	0.27502
12/17/2001 02:00	0.0000	0.0000	0.0000	0.07580	0.03290	0.07003	0.011700	0.27183
12/17/2001 03:00	0.0000	0.0072	0.0004	0.08026	0.03290	0.06144	0.011700	0.26800
12/17/2001 04:00	0.0000	0.0999	0.0061	0.12376	0.03290	0.07269	0.011700	0.25788
12/17/2001 05:00	0.0000	0.0994	0.0061	0.31107	0.03655	0.08648	0.011700	0.28777
12/17/2001 06:00	0.0000	0.0133	0.0008	0.66217	0.07676	0.14521	0.011700	0.33249
12/17/2001 07:00	0.0000	0.2862	0.0176	0.76084	0.15717	0.23148	0.041700	0.35330
12/17/2001 08:00	0.0000	0.0000	0.0000	0.73960	0.15352	0.30375	0.011700	0.29869
12/17/2001 09:00	0.0000	0.0000	0.0000	0.66282	0.08407	0.37753	0.011700	0.25421
12/17/2001 10:00	0.0000	0.0000	0.0000	0.57022	0.06945	0.39871	0.011700	0.26019
12/17/2001 11:00	0.0000	0.0000	0.0000	0.48614	0.06945	0.41558	0.011700	0.26027
12/17/2001 12:00	0.0000	0.0000	0.0000	0.42215	0.06945	0.40112	0.011700	0.25589
12/17/2001 13:00	0.0000	0.0000	0.0000	0.38208	0.06945	0.36431	0.011700	0.26473
12/17/2001 14:00	0.0000	0.0000	0.0000	0.34371	0.07676	0.33480	0.011700	0.27964
12/17/2001 15:00	0.0000	0.0000	0.0000	0.34747	0.10600	0.34138	0.011700	0.29518
12/17/2001 16:00	0.0000	0.0000	0.0000	0.39513	0.19007	0.38690	0.011700	0.34915
12/17/2001 17:00	0.0000	0.0000	0.0000	0.49151	0.33262	0.47090	0.011700	0.42416
12/17/2001 18:00	0.0000	0.0000	0.0000	0.58739	0.43862	0.42779	0.041700	0.46051
12/17/2001 19:00	0.0000	0.0000	0.0000	0.60881	0.40938	0.35199	0.011700	0.47534
12/17/2001 20:00	0.0000	0.0000	0.0000	0.55645	0.37283	0.31611	0.011700	0.49168
12/17/2001 21:00	0.0000	0.0000	0.0000	0.48707	0.31434	0.30055	0.011700	0.48020
12/17/2001 22:00	0.0000	0.0000	0.0000	0.38236	0.23393	0.24157	0.011700	0.41555
12/17/2001 23:00	0.0000	0.0000	0.0000	0.26603	0.16448	0.15890	0.011700	0.36111
12/18/2001 00:00	0.0000	0.0000	0.0000	0.13343	0.08407	0.09397	0.011700	0.29869
12/18/2001 01:00	0.0000	0.2747	0.0169	0.08453	0.05117	0.07966	0.011700	0.27502
12/18/2001 02:00	0.0000	0.0000	0.0000	0.07280	0.03290	0.06742	0.011700	0.27183
12/18/2001 03:00	0.0000	0.0000	0.0000	0.07659	0.03290	0.06007	0.011700	0.26800
12/18/2001 04:00	0.0000	0.0074	0.0005	0.11577	0.03290	0.07002	0.011700	0.25788
12/18/2001 05:00	0.0000	0.0495	0.0030	0.28849	0.03655	0.08238	0.011700	0.28777
12/18/2001 06:00	0.0000	0.0000	0.0000	0.61033	0.07676	0.13459	0.011700	0.33249
12/18/2001 07:00	0.0000	0.1902	0.0117	0.69790	0.15717	0.21032	0.041700	0.35330
12/18/2001 08:00	0.0000	0.0000	0.0000	0.67396	0.15352	0.27132	0.011700	0.29869
12/18/2001 09:00	0.0000	0.0000	0.0000	0.60225	0.08407	0.33250	0.011700	0.25421
12/18/2001 10:00	0.0000	0.0000	0.0000	0.51761	0.06945	0.34779	0.011700	0.26019
12/18/2001 11:00	0.0000	0.0000	0.0000	0.44183	0.06945	0.36309	0.011700	0.26027
12/18/2001 12:00	0.0000	0.0000	0.0000	0.38313	0.06945	0.35331	0.011700	0.25589
12/18/2001 13:00	0.0000	0.0000	0.0000	0.34888	0.06945	0.32072	0.011700	0.26473
12/18/2001 14:00	0.0000	0.0000	0.0000	0.31550	0.07676	0.29567	0.011700	0.27964
12/18/2001 15:00	0.0000	0.0000	0.0000	0.32020	0.10600	0.30433	0.011700	0.29518
12/18/2001 16:00	0.0000	0.0000	0.0000	0.36097	0.19007	0.35098	0.011700	0.34915
12/18/2001 17:00	0.0000	0.0683	0.0042	0.45072	0.33262	0.43555	0.011700	0.42416
12/18/2001 18:00	0.0000	0.6955	0.0428	0.53552	0.43862	0.39348	0.041700	0.46051
12/18/2001 19:00	0.0000	0.0000	0.0000	0.54934	0.40938	0.31774	0.011700	0.47534
12/18/2001 20:00	0.0000	0.0000	0.0000	0.49941	0.37283	0.28125	0.011700	0.49168
12/18/2001 21:00	0.0000	0.1714	0.0105	0.43987	0.31434	0.26494	0.011700	0.48020
12/18/2001 22:00	0.0000	0.4257	0.0262	0.34606	0.23393	0.21327	0.011700	0.41555
12/18/2001 23:00	0.0000	0.6968	0.0429	0.24418	0.16448	0.14336	0.011700	0.36111
12/19/2001 00:00	0.0000	1.0208	0.0628	0.13595	0.08407	0.09397	0.011700	0.29869
12/19/2001 01:00	0.0000	1.2808	0.0788	0.08630	0.05117	0.07966	0.011700	0.27502
12/19/2001 02:00	0.0000	1.4731	0.0906	0.07296	0.03290	0.06742	0.011700	0.27183
12/19/2001 03:00	0.0000	1.6240	0.0999	0.07681	0.03290	0.06007	0.011700	0.26800
12/19/2001 04:00	0.0000	1.7332	0.1066	0.11614	0.03290	0.07002	0.011700	0.25788
12/19/2001 05:00	0.0000	1.7603	0.1083	0.28913	0.03655	0.08238	0.011700	0.28777
12/19/2001 06:00	0.0000	1.7017	0.1047	0.61179	0.07676	0.13459	0.011700	0.33249
12/19/2001 07:00	0.0000	2.0595	0.1267	0.69964	0.15717	0.21032	0.041700	0.35330
12/19/2001 08:00	0.0000	0.4280	0.0263	0.67562	0.15352	0.27132	0.011700	0.29869
12/19/2001 09:00	0.0000	0.0000	0.0000	0.60402	0.08407	0.33250	0.011700	0.25421
12/19/2001 10:00	0.0000	0.0000	0.0000	0.51904	0.06945	0.34779	0.011700	0.26019
12/19/2001 11:00	0.0000	0.0000	0.0000	0.44277	0.06945	0.36309	0.011700	0.26027
12/19/2001 12:00	0.0000	0.0000	0.0000	0.38363	0.06945	0.35331	0.011700	0.25589
12/19/2001 13:00	0.0000	0.0000	0.0000	0.34758	0.06945	0.32072	0.011700	0.26473
12/19/2001 14:00	0.0000	0.0000	0.0000	0.31180	0.07676	0.29567	0.011700	0.27964
12/19/2001 15:00	0.0000	0.0000	0.0000	0.31514	0.10600	0.30433	0.011700	0.29518
12/19/2001 16:00	0.0000	0.0000	0.0000	0.35587	0.19007	0.35098	0.011700	0.34915
12/19/2001 17:00	0.0000	0.0000	0.0000	0.44574	0.33262	0.43555	0.011700	0.42416
12/19/2001 18:00	0.0000	0.0000	0.0000	0.52990	0.43862	0.39348	0.041700	0.46051
12/19/2001 19:00	0.0000	0.0000	0.0000	0.54634	0.40938	0.31774	0.011700	0.47534
12/19/2001 20:00	0.0000	0.0000	0.0000	0.49756	0.37283	0.28125	0.011700	0.49168
12/19/2001 21:00	0.0000	0.0000	0.0000	0.43835	0.31434	0.26494	0.011700	0.48020
12/19/2001 22:00	0.0000	0.0000	0.0000	0.34476	0.23393	0.21327	0.011700	0.41555
12/19/2001 23:00	0.0000	0.1971	0.0121	0.24376	0.16448	0.14336	0.011700	0.36111
12/20/2001 00:00	0.0000	0.7762	0.0477	0.13616	0.08407	0.09397	0.011700	0.29869
12/20/2001 01:00	0.0000	1.0258	0.0631	0.08642	0.05117	0.07966	0.011700	0.27502
12/20/2001 02:00	0.0000	1.3040	0.0802	0.07305	0.03290	0.06742	0.011700	0.27183
12/20/2001 03:00	0.0000	1.4935	0.0919	0.07691	0.03290	0.06007	0.011700	0.26800
12/20/2001 04:00	0.0000	1.5854	0.0975	0.11634	0.03290	0.07002	0.011700	0.25788
12/20/2001 05:00	0.0000	1.5599	0.0960	0.28975	0.03655	0.08238	0.011700	0.28777
12/20/2001 06:00	0.0000	1.4108	0.0868	0.61322	0.07676	0.13459	0.011700	0.33249
12/20/2001 07:00	0.0000	1.5876	0.0977	0.70131	0.15717	0.21032	0.041700	0.35330
12/20/2001 08:00	0.0000	0.3855	0.0237	0.67724	0.15352	0.27132	0.011700	0.29869
12/20/2001 09:00	0.0000	0.0000	0.0000	0.60548	0.08407	0.33250	0.011700	0.25421
12/20/2001 10:00	0.0000	0.0000	0.0000	0.52089	0.06945	0.34779	0.011700	0.26019
12/20/2001 11:00	0.0000	0.0000	0.0000	0.44476	0.06945	0.36309	0.011700	0.26027
12/20/2001 12:00	0.0000	0.0000	0.0000	0.38598	0.06945	0.35331	0.011700	0.25589
12/20/2001 13:00	0.0000	0.0000	0.0000	0.35141	0.06945	0.32072	0.011700	0.26473
12/20/2001 14:00	0.0000	0.0000	0.0000	0.31775	0.07676	0.29567	0.011700	0.27964
12/20/2001 15:00	0.0000	0.0000	0.0000	0.32258	0.10600	0.30433	0.011700	0.29518
12/20/2001 16:00	0.0000	0.0000	0.0000	0.36337	0.19007	0.35098	0.011700	0.34915
12/20/2001 17:00	0.0000	0.0000	0.0000	0.45225	0.33262	0.43555	0.011700	0.42416
12/20/2001 18:00	0.0000	0.7204	0.0443	0.53753	0.43862	0.39348	0.041700	0.46051
12/20/2001 19:00	0.0000	0.0000	0.0000	0.55187	0.40938	0.31774	0.011700	0.47534
12/20/2001 20:00	0.0000	0.0000	0.0000	0.50133	0.37283	0.28125	0.011700	0.49168
12/20/2001 21:00	0.0000	0.0000	0.0000	0.44060	0.31434	0.26494	0.011700	0.48020
12/20/2001 22:00	0.0000	1.2036	0.0740	0.34677	0.23393	0.21327	0.011700	0.41555
12/20/2001 23:00	0.0000	0.1326	0.0082	0.24511	0.16448	0.14336	0.011700	0.36111
12/21/2001 00:00	0.0000	0.0000	0.0000	0.13643	0.08407	0.09397	0.011700	0.29869
12/21/2001 01:00	0.0000	0.1510	0.0093	0.08650	0.05117	0.07966	0.011700	0.27502
12/21/2001 02:00	0.0000	0.4358	0.0268	0.07313	0.03290	0.06742	0.011700	0.27183
12/21/2001 03:00	0.0000	0.7848	0.0483	0.07700	0.03290	0.06007	0.011700	0.26800
12/21/2001 04:00	0.0000	0.9982	0.0614	0.11654	0.03290	0.07002	0.011700	0.25788
12/21/2001 05:00	0.0000	1.0879	0.0669	0.29036	0.03655	0.08238	0.011700	0.28777
12/21/2001 06:00	0.0000	1.0638	0.0654	0.61462	0.07676	0.13459	0.011700	0.33249
12/21/2001 07:00	0.0000	1.7704	0.1089	0.70295	0.15717	0.21032	0.041700	0.35330
12/21/2001 08:00	0.0000	1.2673	0.0780	0.67883	0.15352	0.27132	0.011700	0.29869
12/21/2001 09:00	0.0000	1.3340	0.0821	0.60690	0.08407	0.33250	0.011700	0.25421
12/21/2001 10:00	0.0000	1.3014	0.0801	0.52227	0.06945	0.34779	0.011700	0.26019
12/21/2001 11:00	0.0000	1.9031	0.1171	0.44703	0.06945	0.36309	0.011700	0.26027
12/21/2001 12:00	0.0000	1.2022	0.0740	0.38835	0.06945	0.35331	0.011700	0.25589
12/21/2001 13:00	0.0000	0.9295	0.0572	0.35384	0.06945	0.32072	0.011700	0.26473
12/21/2001 14:00	0.0000	0.7520	0.0463	0.31930	0.07676	0.29567	0.011700	0.27964
12/21/2001 15:00	0.0000	0.7225	0.0444	0.32390	0.10600	0.30433	0.011700	0.29518
12/21/2001 16:00	0.0000	0.7102	0.0437	0.36579	0.19007	0.35098	0.011700	0.34915
12/21/2001 17:00	0.0000	0.8291	0.0510	0.45580	0.33262	0.43555	0.011700	0.42416
12/21/2001 18:00	0.0000	1.6477	0.1014	0.53927	0.43862	0.39348	0.041700	0.46051
12/21/2001 19:00	0.0000	1.1074	0.0681	0.55315	0.40938	0.31774	0.011700	0.47534
12/21/2001 20:00	0.0000	1.3259	0.0816	0.50366	0.37283	0.28125	0.011700	0.49168
12/21/2001 21:00	0.0000	1.4741	0.0907	0.44351	0.31434	0.26494	0.011700	0.48020
12/21/2001 22:00	0.0000	1.7160	0.1056	0.34840	0.23393	0.21327	0.011700	0.41555
12/21/2001 23:00	0.0000	1.9732	0.1214	0.24572	0.16448	0.14336	0.011700	0.36111
12/22/2001 00:00	0.0000	2.4015	0.1477	0.03852	0.08407	0.06198	0.011700	0.29869
12/22/2001 01:00	0.0000	2.6542	0.1633	0.03852	0.05117	0.06085	0.011700	0.27502
12/22/2001 02:00	0.0000	2.8464	0.1751	0.03852	0.03290	0.05488	0.011700	0.27183
12/22/2001 03:00	0.0000	3.0088	0.1851	0.03852	0.03290	0.05339	0.011700	0.26800
12/22/2001 04:00	0.0000	3.1303	0.1926	0.03852	0.03290	0.05750	0.011700	0.25788
12/22/2001 05:00	0.0000	3.2073	0.1973	0.03852	0.03655	0.06234	0.011700	0.28777
12/22/2001 06:00	0.0000	3.2099	0.1975	0.03852	0.07676	0.08360	0.011700	0.33249
12/22/2001 07:00	0.0000	4.0885	0.2515	0.03852	0.15717	0.11046	0.041700	0.35330
12/22/2001 08:00	0.0000	2.1095	0.1298	0.03852	0.15352	0.11642	0.011700	0.29869
12/22/2001 09:00	0.0000	1.2961	0.0797	0.03852	0.08407	0.12009	0.011700	0.25421
12/22/2001 10:00	0.0000	0.6042	0.0372	0.03852	0.06945	0.11046	0.011700	0.26019
12/22/2001 11:00	0.0000	0.8505	0.0523	0.03852	0.06945	0.12015	0.011700	0.26027
12/22/2001 12:00	0.0000	0.0000	0.0000	0.03852	0.06945	0.13245	0.011700	0.25589
12/22/2001 13:00	0.0000	0.0000	0.0000	0.03780	0.06945	0.11790	0.011700	0.26473
12/22/2001 14:00	0.0000	0.0000	0.0000	0.03697	0.07676	0.11426	0.011700	0.27964
12/22/2001 15:00	0.0000	0.0000	0.0000	0.03619	0.10600	0.13245	0.011700	0.29518
12/22/2001 16:00	0.0000	0.0000	0.0000	0.03584	0.19007	0.18393	0.011700	0.34915
12/22/2001 17:00	0.0000	0.0000	0.0000	0.03640	0.33262	0.26903	0.011700	0.42416
12/22/2001 18:00	0.0000	1.5911	0.0979	0.03787	0.43862	0.22534	0.041700	0.46051
12/22/2001 19:00	0.0000	0.8259	0.0508	0.03838	0.40938	0.14590	0.011700	0.47534
12/22/2001 20:00	0.0000	1.4234	0.0876	0.03851	0.37283	0.11010	0.011700	0.49168
12/22/2001 21:00	0.0000	1.8374	0.1130	0.03852	0.31434	0.09443	0.011700	0.48020
12/22/2001 22:00	0.0000	2.2588	0.1390	0.03852	0.23393	0.07921	0.011700	0.41555
12/22/2001 23:00	0.0000	2.5606	0.1575	0.03852	0.16448	0.06869	0.011700	0.36111
12/23/2001 00:00	0.0000	2.8115	0.1730	0.03852	0.08407	0.06198	0.011700	0.29869
12/23/2001 01:00	0.0000	3.0165	0.1856	0.03852	0.05117	0.06085	0.011700	0.27502
12/23/2001 02:00	0.0000	3.1837	0.1958	0.03852	0.03290	0.05488	0.011700	0.27183
12/23/2001 03:00	0.0000	3.3345	0.2051	0.03852	0.03290	0.05339	0.011700	0.26800
12/23/2001 04:00	0.0000	3.4203	0.2104	0.03852	0.03290	0.05750	0.011700	0.25788
12/23/2001 05:00	0.0000	3.4345	0.2113	0.03852	0.03655	0.06234	0.011700	0.28777
12/23/2001 06:00	0.0000	3.3698	0.2073	0.03852	0.07676	0.08360	0.011700	0.33249
12/23/2001 07:00	0.0000	4.0111	0.2467	0.03852	0.15717	0.11046	0.041700	0.35330
12/23/2001 08:00	0.0000	2.1905	0.1348	0.03852	0.15352	0.11642	0.011700	0.29869
12/23/2001 09:00	0.0000	1.3950	0.0858	0.03852	0.08407	0.12009	0.011700	0.25421
12/23/2001 10:00	0.0000	0.3732	0.0230	0.03852	0.06945	0.11046	0.011700	0.26019
12/23/2001 11:00	0.0000	0.6780	0.0417	0.03852	0.06945	0.12015	0.011700	0.26027
12/23/2001 12:00	0.0000	0.0000	0.0000	0.03852	0.06945	0.13245	0.011700	0.25589
12/23/2001 13:00	0.0000	0.0000	0.0000	0.03768	0.06945	0.11790	0.011700	0.26473
12/23/2001 14:00	0.0000	0.0000	0.0000	0.03701	0.07676	0.11426	0.011700	0.27964
12/23/2001 15:00	0.0000	0.0000	0.0000	0.03662	0.10600	0.13245	0.011700	0.29518
12/23/2001 16:00	0.0000	0.0000	0.0000	0.03650	0.19007	0.18393	0.011700	0.34915
12/23/2001 17:00	0.0000	0.0000	0.0000	0.03711	0.33262	0.26903	0.011700	0.42416
12/23/2001 18:00	0.0000	1.1475	0.0706	0.03802	0.43862	0.22534	0.041700	0.46051
12/23/2001 19:00	0.0000	0.6406	0.0394	0.03845	0.40938	0.14590	0.011700	0.47534
12/23/2001 20:00	0.0000	0.9562	0.0588	0.03851	0.37283	0.11010	0.011700	0.49168
12/23/2001 21:00	0.0000	1.2054	0.0742	0.03852	0.31434	0.09443	0.011700	0.48020
12/23/2001 22:00	0.0000	1.4436	0.0888	0.03852	0.23393	0.07921	0.011700	0.41555
12/23/2001 23:00	0.0000	1.6396	0.1009	0.03852	0.16448	0.06869	0.011700	0.36111
12/24/2001 00:00	0.0000	1.7956	0.1105	0.03852	0.08407	0.06198	0.011700	0.29869
12/24/2001 01:00	0.0000	1.9066	0.1173	0.03852	0.05117	0.06085	0.011700	0.27502
12/24/2001 02:00	0.0000	1.9771	0.1216	0.03852	0.03290	0.05488	0.011700	0.27183
12/24/2001 03:00	0.0000	2.0306	0.1249	0.03852	0.03290	0.05339	0.011700	0.26800
12/24/2001 04:00	0.0000	2.0808	0.1280	0.03852	0.03290	0.05750	0.011700	0.25788
12/24/2001 05:00	0.0000	2.0899	0.1286	0.03852	0.03655	0.06234	0.011700	0.28777
12/24/2001 06:00	0.0000	2.0471	0.1259	0.03852	0.07676	0.08360	0.011700	0.33249
12/24/2001 07:00	0.0000	2.3565	0.1450	0.03852	0.15717	0.11046	0.041700	0.35330
12/24/2001 08:00	0.0000	0.6578	0.0405	0.03852	0.15352	0.11642	0.011700	0.29869
12/24/2001 09:00	0.0000	0.0000	0.0000	0.03852	0.08407	0.12009	0.011700	0.25421
12/24/2001 10:00	0.0000	0.0000	0.0000	0.03797	0.06945	0.11046	0.011700	0.26019
12/24/2001 11:00	0.0000	0.0000	0.0000	0.03673	0.06945	0.12015	0.011700	0.26027
12/24/2001 12:00	0.0000	0.0000	0.0000	0.03589	0.06945	0.13245	0.011700	0.25589
12/24/2001 13:00	0.0000	0.0000	0.0000	0.03430	0.06945	0.11790	0.011700	0.26473
12/24/2001 14:00	0.0000	0.0000	0.0000	0.03339	0.07676	0.11426	0.011700	0.27964
12/24/2001 15:00	0.0000	0.0000	0.0000	0.03336	0.10600	0.13245	0.011700	0.29518
12/24/2001 16:00	0.0000	0.0000	0.0000	0.03397	0.19007	0.18393	0.011700	0.34915
12/24/2001 17:00	0.0000	0.0000	0.0000	0.03436	0.33262	0.26903	0.011700	0.42416
12/24/2001 18:00	0.0000	0.0000	0.0000	0.03505	0.43862	0.22534	0.041700	0.46051
12/24/2001 19:00	0.0000	0.0000	0.0000	0.03720	0.40938	0.14590	0.011700	0.47534
12/24/2001 20:00	0.0000	0.0000	0.0000	0.03722	0.37283	0.11010	0.011700	0.49168
12/24/2001 21:00	0.0000	0.0000	0.0000	0.03735	0.31434	0.09443	0.011700	0.48020
12/24/2001 22:00	0.0000	0.0311	0.0019	0.03795	0.23393	0.07921	0.011700	0.41555
12/24/2001 23:00	0.0000	0.3593	0.0221	0.03852	0.16448	0.06869	0.011700	0.36111
12/25/2001 00:00	0.0000	0.5135	0.0316	0.03852	0.08407	0.06198	0.011700	0.29869
12/25/2001 01:00	0.0000	0.6516	0.0401	0.03852	0.05117	0.06085	0.011700	0.27502
12/25/2001 02:00	0.0000	0.7132	0.0439	0.03852	0.03290	0.05488	0.011700	0.27183
12/25/2001 03:00	0.0000	0.7383	0.0454	0.03852	0.03290	0.05339	0.011700	0.26800
12/25/2001 04:00	0.0000	0.8439	0.0519	0.03852	0.03290	0.05750	0.011700	0.25788
12/25/2001 05:00	0.0000	0.8855	0.0545	0.03852	0.03655	0.06234	0.011700	0.28777
12/25/2001 06:00	0.0000	0.8891	0.0547	0.03852	0.07676	0.08360	0.011700	0.33249
12/25/2001 07:00	0.0000	1.3258	0.0816	0.03852	0.15717	0.11046	0.041700	0.35330
12/25/2001 08:00	0.0000	0.7702	0.0474	0.03852	0.15352	0.11642	0.011700	0.29869
12/25/2001 09:00	0.0000	0.6620	0.0407	0.03852	0.08407	0.12009	0.011700	0.25421
12/25/2001 10:00	0.0000	0.4507	0.0277	0.03852	0.06945	0.11046	0.011700	0.26019
12/25/2001 11:00	0.0000	0.6868	0.0422	0.03852	0.06945	0.12015	0.011700	0.26027
12/25/2001 12:00	0.0000	0.1367	0.0084	0.03852	0.06945	0.13245	0.011700	0.25589
12/25/2001 13:00	0.0000	0.0000	0.0000	0.03852	0.06945	0.11790	0.011700	0.26473
12/25/2001 14:00	0.0000	0.0000	0.0000	0.03841	0.07676	0.11426	0.011700	0.27964
12/25/2001 15:00	0.0000	0.0000	0.0000	0.03772	0.10600	0.13245	0.011700	0.29518
12/25/2001 16:00	0.0000	0.0000	0.0000	0.03728	0.19007	0.18393	0.011700	0.34915
12/25/2001 17:00	0.0000	0.0000	0.0000	0.03705	0.33262	0.26903	0.011700	0.42416
12/25/2001 18:00	0.0000	0.2026	0.0125	0.03728	0.43862	0.22534	0.041700	0.46051
12/25/2001 19:00	0.0000	0.1192	0.0073	0.03847	0.40938	0.14590	0.011700	0.47534
12/25/2001 20:00	0.0000	0.2860	0.0176	0.03852	0.37283	0.11010	0.011700	0.49168
12/25/2001 21:00	0.0000	0.5955	0.0366	0.03852	0.31434	0.09443	0.011700	0.48020
12/25/2001 22:00	0.0000	0.9648	0.0594	0.03852	0.23393	0.07921	0.011700	0.41555
12/25/2001 23:00	0.0000	1.3345	0.0821	0.03852	0.16448	0.06869	0.011700	0.36111
12/26/2001 00:00	0.0000	1.5841	0.0974	0.13754	0.08407	0.09397	0.011700	0.29869
12/26/2001 01:00	0.0000	1.9248	0.1184	0.08710	0.05117	0.07966	0.011700	0.27502
12/26/2001 02:00	0.0000	2.1912	0.1348	0.07353	0.03290	0.06742	0.011700	0.27183
12/26/2001 03:00	0.0000	2.4393	0.1501	0.07745	0.03290	0.06007	0.011700	0.26800
12/26/2001 04:00	0.0000	2.6403	0.1624	0.11744	0.03290	0.07002	0.011700	0.25788
12/26/2001 05:00	0.0000	2.7461	0.1689	0.29322	0.03655	0.08238	0.011700	0.28777
12/26/2001 06:00	0.0000	2.7549	0.1695	0.62115	0.07676	0.13459	0.011700	0.33249
12/26/2001 07:00	0.0000	3.4804	0.2141	0.71058	0.15717	0.21032	0.041700	0.35330
12/26/2001 08:00	0.0000	1.4800	0.0910	0.68626	0.15352	0.27132	0.011700	0.29869
12/26/2001 09:00	0.0000	0.8275	0.0509	0.61357	0.08407	0.33250	0.011700	0.25421
12/26/2001 10:00	0.0000	0.2051	0.0126	0.52800	0.06945	0.34779	0.011700	0.26019
12/26/2001 11:00	0.0000	0.6335	0.0390	0.45188	0.06945	0.36309	0.011700	0.26027
12/26/2001 12:00	0.0000	0.0000	0.0000	0.39252	0.06945	0.35331	0.011700	0.25589
12/26/2001 13:00	0.0000	0.0000	0.0000	0.35665	0.06945	0.32072	0.011700	0.26473
12/26/2001 14:00	0.0000	0.0000	0.0000	0.32090	0.07676	0.29567	0.011700	0.27964
12/26/2001 15:00	0.0000	0.0000	0.0000	0.32477	0.10600	0.30433	0.011700	0.29518
12/26/2001 16:00	0.0000	0.0000	0.0000	0.36669	0.19007	0.35098	0.011700	0.34915
12/26/2001 17:00	0.0000	0.0000	0.0000	0.45798	0.33262	0.43555	0.011700	0.42416
12/26/2001 18:00	0.0000	1.5831	0.0974	0.54354	0.43862	0.39348	0.041700	0.46051
12/26/2001 19:00	0.0000	0.7320	0.0450	0.55865	0.40938	0.31774	0.011700	0.47534
12/26/2001 20:00	0.0000	1.3209	0.0813	0.50891	0.37283	0.28125	0.011700	0.49168
12/26/2001 21:00	0.0000	1.7101	0.1052	0.44815	0.31434	0.26494	0.011700	0.48020
12/26/2001 22:00	0.0000	2.2044	0.1356	0.35195	0.23393	0.21327	0.011700	0.41555
12/26/2001 23:00	0.0000	2.6420	0.1625	0.24807	0.16448	0.14336	0.011700	0.36111
12/27/2001 00:00	0.0000	3.0586	0.1882	0.13775	0.08407	0.09397	0.011700	0.29869
12/27/2001 01:00	0.0000	3.3290	0.2048	0.08721	0.05117	0.07966	0.011700	0.27502
12/27/2001 02:00	0.0000	3.4889	0.2146	0.07360	0.03290	0.06742	0.011700	0.27183
12/27/2001 03:00	0.0000	3.5795	0.2202	0.07753	0.03290	0.06007	0.011700	0.26800
12/27/2001 04:00	0.0000	3.6562	0.2249	0.11761	0.03290	0.07002	0.011700	0.25788
12/27/2001 05:00	0.0000	3.6527	0.2247	0.29375	0.03655	0.08238	0.011700	0.28777
12/27/2001 06:00	0.0000	3.5829	0.2204	0.62236	0.07676	0.13459	0.011700	0.33249
12/27/2001 07:00	0.0000	4.5093	0.2774	0.71199	0.15717	0.21032	0.041700	0.35330
12/27/2001 08:00	0.0000	2.1996	0.1353	0.68763	0.15352	0.27132	0.011700	0.29869
12/27/2001 09:00	0.0000	1.2704	0.0781	0.61481	0.08407	0.33250	0.011700	0.25421
12/27/2001 10:00	0.0000	0.4141	0.0255	0.52906	0.06945	0.34779	0.011700	0.26019
12/27/2001 11:00	0.0000	0.7875	0.0484	0.45278	0.06945	0.36309	0.011700	0.26027
12/27/2001 12:00	0.0000	0.0000	0.0000	0.39329	0.06945	0.35331	0.011700	0.25589
12/27/2001 13:00	0.0000	0.0000	0.0000	0.35716	0.06945	0.32072	0.011700	0.26473
12/27/2001 14:00	0.0000	0.0000	0.0000	0.32111	0.07676	0.29567	0.011700	0.27964
12/27/2001 15:00	0.0000	0.0000	0.0000	0.32523	0.10600	0.30433	0.011700	0.29518
12/27/2001 16:00	0.0000	0.0000	0.0000	0.36829	0.19007	0.35098	0.011700	0.34915
12/27/2001 17:00	0.0000	0.4397	0.0270	0.46072	0.33262	0.43555	0.011700	0.42416
12/27/2001 18:00	0.0000	1.4407	0.0886	0.54597	0.43862	0.39348	0.041700	0.46051
12/27/2001 19:00	0.0000	0.8170	0.0503	0.56002	0.40938	0.31774	0.011700	0.47534
12/27/2001 20:00	0.0000	1.3640	0.0839	0.50993	0.37283	0.28125	0.011700	0.49168
12/27/2001 21:00	0.0000	1.7094	0.1052	0.44901	0.31434	0.26494	0.011700	0.48020
12/27/2001 22:00	0.0000	2.0722	0.1275	0.35261	0.23393	0.21327	0.011700	0.41555
12/27/2001 23:00	0.0000	2.3377	0.1438	0.24850	0.16448	0.14336	0.011700	0.36111
12/28/2001 00:00	0.0000	2.5417	0.1564	0.13795	0.08407	0.09397	0.011700	0.29869
12/28/2001 01:00	0.0000	2.7390	0.1685	0.08731	0.05117	0.07966	0.011700	0.27502
12/28/2001 02:00	0.0000	2.9109	0.1791	0.07368	0.03290	0.06742	0.011700	0.27183
12/28/2001 03:00	0.0000	3.0949	0.1904	0.07761	0.03290	0.06007	0.011700	0.26800
12/28/2001 04:00	0.0000	3.2388	0.1992	0.11777	0.03290	0.07002	0.011700	0.25788
12/28/2001 05:00	0.0000	3.3092	0.2036	0.29427	0.03655	0.08238	0.011700	0.28777
12/28/2001 06:00	0.0000	3.2848	0.2021	0.62354	0.07676	0.13459	0.011700	0.33249
12/28/2001 07:00	0.0000	4.3103	0.2652	0.71337	0.15717	0.21032	0.041700	0.35330
12/28/2001 08:00	0.0000	2.4324	0.1496	0.68897	0.15352	0.27132	0.011700	0.29869
12/28/2001 09:00	0.0000	1.4933	0.0919	0.61601	0.08407	0.33250	0.011700	0.25421
12/28/2001 10:00	0.0000	0.5888	0.0362	0.53009	0.06945	0.34779	0.011700	0.26019
12/28/2001 11:00	0.0000	0.8904	0.0548	0.45366	0.06945	0.36309	0.011700	0.26027
12/28/2001 12:00	0.0000	0.0000	0.0000	0.39405	0.06945	0.35331	0.011700	0.25589
12/28/2001 13:00	0.0000	0.0000	0.0000	0.35837	0.06945	0.32072	0.011700	0.26473
12/28/2001 14:00	0.0000	0.0000	0.0000	0.32287	0.07676	0.29567	0.011700	0.27964
12/28/2001 15:00	0.0000	0.0000	0.0000	0.32761	0.10600	0.30433	0.011700	0.29518
12/28/2001 16:00	0.0000	0.3207	0.0197	0.37080	0.19007	0.35098	0.011700	0.34915
12/28/2001 17:00	0.0000	0.7431	0.0457	0.46238	0.33262	0.43555	0.011700	0.42416
12/28/2001 18:00	0.0000	2.2059	0.1357	0.54704	0.43862	0.39348	0.041700	0.46051
12/28/2001 19:00	0.0000	1.6047	0.0987	0.56108	0.40938	0.31774	0.011700	0.47534
12/28/2001 20:00	0.0000	2.0916	0.1287	0.51088	0.37283	0.28125	0.011700	0.49168
12/28/2001 21:00	0.0000	2.3319	0.1435	0.44985	0.31434	0.26494	0.011700	0.48020
12/28/2001 22:00	0.0000	2.6876	0.1653	0.35325	0.23393	0.21327	0.011700	0.41555
12/28/2001 23:00	0.0000	2.9687	0.1826	0.24893	0.16448	0.14336	0.011700	0.36111
12/29/2001 00:00	0.0000	3.2516	0.2000	0.13815	0.08407	0.09397	0.011700	0.29869
12/29/2001 01:00	0.0000	3.4614	0.2129	0.08741	0.05117	0.07966	0.011700	0.27502
12/29/2001 02:00	0.0000	3.6244	0.2230	0.07375	0.03290	0.06742	0.011700	0.27183
12/29/2001 03:00	0.0000	3.7534	0.2309	0.07769	0.03290	0.06007	0.011700	0.26800
12/29/2001 04:00	0.0000	3.8294	0.2356	0.11793	0.03290	0.07002	0.011700	0.25788
12/29/2001 05:00	0.0000	3.8203	0.2350	0.29477	0.03655	0.08238	0.011700	0.28777
12/29/2001 06:00	0.0000	3.7156	0.2286	0.62469	0.07676	0.13459	0.011700	0.33249
12/29/2001 07:00	0.0000	4.6069	0.2834	0.71471	0.15717	0.21032	0.041700	0.35330
12/29/2001 08:00	0.0000	2.2025	0.1355	0.69028	0.15352	0.27132	0.011700	0.29869
12/29/2001 09:00	0.0000	1.1947	0.0735	0.61718	0.08407	0.33250	0.011700	0.25421
12/29/2001 10:00	0.0000	0.1147	0.0071	0.53110	0.06945	0.34779	0.011700	0.26019
12/29/2001 11:00	0.0000	0.1145	0.0070	0.45451	0.06945	0.36309	0.011700	0.26027
12/29/2001 12:00	0.0000	0.0000	0.0000	0.39478	0.06945	0.35331	0.011700	0.25589
12/29/2001 13:00	0.0000	0.0000	0.0000	0.35772	0.06945	0.32072	0.011700	0.26473
12/29/2001 14:00	0.0000	0.0000	0.0000	0.32126	0.07676	0.29567	0.011700	0.27964
12/29/2001 15:00	0.0000	0.0000	0.0000	0.32705	0.10600	0.30433	0.011700	0.29518
12/29/2001 16:00	0.0000	0.3189	0.0196	0.37153	0.19007	0.35098	0.011700	0.34915
12/29/2001 17:00	0.0000	0.0000	0.0000	0.46323	0.33262	0.43555	0.011700	0.42416
12/29/2001 18:00	0.0000	1.0460	0.0643	0.54764	0.43862	0.39348	0.041700	0.46051
12/29/2001 19:00	0.0000	0.4662	0.0287	0.56203	0.40938	0.31774	0.011700	0.47534
12/29/2001 20:00	0.0000	0.7095	0.0436	0.51180	0.37283	0.28125	0.011700	0.49168
12/29/2001 21:00	0.0000	0.9106	0.0560	0.45067	0.31434	0.26494	0.011700	0.48020
12/29/2001 22:00	0.0000	1.1438	0.0704	0.35387	0.23393	0.21327	0.011700	0.41555
12/29/2001 23:00	0.0000	1.3467	0.0828	0.24934	0.16448	0.14336	0.011700	0.36111
12/30/2001 00:00	0.0000	1.5318	0.0942	0.14804	0.08407	0.10055	0.011700	0.29869
12/30/2001 01:00	0.0000	1.6563	0.1019	0.09261	0.05117	0.08360	0.011700	0.27502
12/30/2001 02:00	0.0000	1.7390	0.1070	0.07758	0.03290	0.07003	0.011700	0.27183
12/30/2001 03:00	0.0000	1.7898	0.1101	0.08181	0.03290	0.06144	0.011700	0.26800
12/30/2001 04:00	0.0000	1.8443	0.1135	0.12636	0.03290	0.07269	0.011700	0.25788
12/30/2001 05:00	0.0000	1.8423	0.1133	0.31921	0.03655	0.08648	0.011700	0.28777
12/30/2001 06:00	0.0000	1.7640	0.1085	0.68075	0.07676	0.14521	0.011700	0.33249
12/30/2001 07:00	0.0000	2.6131	0.1607	0.78267	0.15717	0.23148	0.041700	0.35330
12/30/2001 08:00	0.0000	1.6648	0.1024	0.76104	0.15352	0.30375	0.011700	0.29869
12/30/2001 09:00	0.0000	1.6582	0.1020	0.68222	0.08407	0.37753	0.011700	0.25421
12/30/2001 10:00	0.0000	1.3202	0.0812	0.58688	0.06945	0.39871	0.011700	0.26019
12/30/2001 11:00	0.0000	1.9478	0.1198	0.50080	0.06945	0.41558	0.011700	0.26027
12/30/2001 12:00	0.0000	1.0279	0.0632	0.43490	0.06945	0.40112	0.011700	0.25589
12/30/2001 13:00	0.0000	0.8169	0.0503	0.39443	0.06945	0.36431	0.011700	0.26473
12/30/2001 14:00	0.0000	0.6270	0.0386	0.35596	0.07676	0.33480	0.011700	0.27964
12/30/2001 15:00	0.0000	0.6120	0.0377	0.36049	0.10600	0.34138	0.011700	0.29518
12/30/2001 16:00	0.0000	0.4378	0.0269	0.41022	0.19007	0.38690	0.011700	0.34915
12/30/2001 17:00	0.0000	0.3537	0.0218	0.50969	0.33262	0.47090	0.011700	0.42416
12/30/2001 18:00	0.0000	0.7818	0.0481	0.60827	0.43862	0.42779	0.041700	0.46051
12/30/2001 19:00	0.0000	0.2776	0.0171	0.62941	0.40938	0.35199	0.011700	0.47534
12/30/2001 20:00	0.0000	0.2229	0.0137	0.57582	0.37283	0.31611	0.011700	0.49168
12/30/2001 21:00	0.0000	0.1735	0.0107	0.50436	0.31434	0.30055	0.011700	0.48020
12/30/2001 22:00	0.0000	0.2358	0.0145	0.39608	0.23393	0.24157	0.011700	0.41555
12/30/2001 23:00	0.0000	0.3201	0.0197	0.27570	0.16448	0.15890	0.011700	0.36111
12/31/2001 00:00	0.0000	0.4262	0.0262	0.14825	0.08407	0.10055	0.011700	0.29869
12/31/2001 01:00	0.0000	0.5387	0.0331	0.09272	0.05117	0.08360	0.011700	0.27502
12/31/2001 02:00	0.0000	0.6578	0.0405	0.07765	0.03290	0.07003	0.011700	0.27183
12/31/2001 03:00	0.0000	0.7831	0.0482	0.08189	0.03290	0.06144	0.011700	0.26800
12/31/2001 04:00	0.0000	0.8892	0.0547	0.12653	0.03290	0.07269	0.011700	0.25788
12/31/2001 05:00	0.0000	0.9142	0.0562	0.31973	0.03655	0.08648	0.011700	0.28777
12/31/2001 06:00	0.0000	0.8588	0.0528	0.68193	0.07676	0.14521	0.011700	0.33249
12/31/2001 07:00	0.0000	1.4708	0.0905	0.78406	0.15717	0.23148	0.041700	0.35330
12/31/2001 08:00	0.0000	0.8586	0.0528	0.76241	0.15352	0.30375	0.011700	0.29869
12/31/2001 09:00	0.0000	0.7893	0.0486	0.68345	0.08407	0.37753	0.011700	0.25421
12/31/2001 10:00	0.0000	0.5632	0.0346	0.58794	0.06945	0.39871	0.011700	0.26019
12/31/2001 11:00	0.0000	0.9129	0.0562	0.50170	0.06945	0.41558	0.011700	0.26027
12/31/2001 12:00	0.0000	0.1830	0.0113	0.43567	0.06945	0.40112	0.011700	0.25589
12/31/2001 13:00	0.0000	0.0502	0.0031	0.39512	0.06945	0.36431	0.011700	0.26473
12/31/2001 14:00	0.0000	0.0000	0.0000	0.35657	0.07676	0.33480	0.011700	0.27964
12/31/2001 15:00	0.0000	0.0000	0.0000	0.36109	0.10600	0.34138	0.011700	0.29518
12/31/2001 16:00	0.0000	0.0000	0.0000	0.41091	0.19007	0.38690	0.011700	0.34915
12/31/2001 17:00	0.0000	0.0000	0.0000	0.51044	0.33262	0.47090	0.011700	0.42416
12/31/2001 18:00	0.0000	0.6305	0.0388	0.60924	0.43862	0.42779	0.041700	0.46051
12/31/2001 19:00	0.0000	0.2408	0.0148	0.63049	0.40938	0.35199	0.011700	0.47534
12/31/2001 20:00	0.0000	0.3977	0.0245	0.57682	0.37283	0.31611	0.011700	0.49168
12/31/2001 21:00	0.0000	0.5577	0.0343	0.50523	0.31434	0.30055	0.011700	0.48020
12/31/2001 22:00	0.0000	0.7793	0.0479	0.39675	0.23393	0.24157	0.011700	0.41555
12/31/2001 23:00	0.0000	1.0242	0.0630	0.27614	0.16448	0.15890	0.011700	0.36111
