Date/Time	Cooling (E)	Heating (E)	HVAC Fan/Pump (E)	Hot Water (E)	Lights (E)	Lg. Appl. (E)	Vent Fan (E)	Misc. (E)
	kWh	kWh	kWh	kWh	kWh	kWh	kWh	kWh
11/7/2001 00:00	0.0000	0.9812	0.0604	0.12225	0.08498	0.09397	0.011700	0.29869
11/7/2001 01:00	0.0000	1.2860	0.0791	0.07940	0.05099	0.07966	0.011700	0.27502
11/7/2001 02:00	0.0000	1.5600	0.0960	0.06809	0.03399	0.06742	0.011700	0.27183
11/7/2001 03:00	0.0000	1.7119	0.1053	0.07137	0.03399	0.06007	0.011700	0.26800
11/7/2001 04:00	0.0000	1.8223	0.1121	0.10503	0.03399	0.07002	0.011700	0.25788
11/7/2001 05:00	0.0000	1.8955	0.1166	0.25400	0.03739	0.08238	0.011700	0.28777
11/7/2001 06:00	0.0000	1.7919	0.1102	0.53156	0.06459	0.13459	0.011700	0.33249
11/7/2001 07:00	0.0000	1.9135	0.1177	0.60594	0.12577	0.21032	0.041700	0.35330
11/7/2001 08:00	0.0000	0.1058	0.0065	0.58442	0.12237	0.27132	0.011700	0.29869
11/7/2001 09:00	0.0000	0.0000	0.0000	0.52211	0.06799	0.33250	0.011700	0.25421
11/7/2001 10:00	0.0000	0.0000	0.0000	0.44797	0.05779	0.34779	0.011700	0.26019
11/7/2001 11:00	0.0000	0.0000	0.0000	0.38215	0.05779	0.36309	0.011700	0.26027
11/7/2001 12:00	0.0000	0.0000	0.0000	0.33110	0.05779	0.35331	0.011700	0.25589
11/7/2001 13:00	0.0000	0.0000	0.0000	0.30047	0.05779	0.32072	0.011700	0.26473
11/7/2001 14:00	0.0000	0.0000	0.0000	0.26966	0.06459	0.29567	0.011700	0.27964
11/7/2001 15:00	0.0000	0.0000	0.0000	0.27269	0.09178	0.30433	0.011700	0.29518
11/7/2001 16:00	0.0000	0.0000	0.0000	0.30781	0.16657	0.35098	0.011700	0.34915
11/7/2001 17:00	0.0000	0.0000	0.0000	0.38540	0.29574	0.43555	0.011700	0.42416
11/7/2001 18:00	0.0000	0.0000	0.0000	0.45861	0.40452	0.39348	0.041700	0.46051
11/7/2001 19:00	0.0000	0.0000	0.0000	0.47338	0.40452	0.31774	0.011700	0.47534
11/7/2001 20:00	0.0000	0.0000	0.0000	0.43086	0.37392	0.28125	0.011700	0.49168
11/7/2001 21:00	0.0000	0.0000	0.0000	0.37953	0.31613	0.26494	0.011700	0.48020
11/7/2001 22:00	0.0000	0.0000	0.0000	0.29936	0.23455	0.21327	0.011700	0.41555
11/7/2001 23:00	0.0000	0.0000	0.0000	0.21300	0.16317	0.14336	0.011700	0.36111
11/8/2001 00:00	0.0000	0.0000	0.0000	0.12082	0.08498	0.09397	0.011700	0.29869
11/8/2001 01:00	0.0000	0.9420	0.0579	0.07882	0.05099	0.07966	0.011700	0.27502
11/8/2001 02:00	0.0000	0.4751	0.0292	0.06812	0.03399	0.06742	0.011700	0.27183
11/8/2001 03:00	0.0000	0.6533	0.0402	0.07151	0.03399	0.06007	0.011700	0.26800
11/8/2001 04:00	0.0000	0.7526	0.0463	0.10534	0.03399	0.07002	0.011700	0.25788
11/8/2001 05:00	0.0000	0.8045	0.0495	0.25496	0.03739	0.08238	0.011700	0.28777
11/8/2001 06:00	0.0000	0.7344	0.0452	0.53377	0.06459	0.13459	0.011700	0.33249
11/8/2001 07:00	0.0000	0.6899	0.0424	0.60851	0.12577	0.21032	0.041700	0.35330
11/8/2001 08:00	0.0000	0.0000	0.0000	0.58692	0.12237	0.27132	0.011700	0.29869
11/8/2001 09:00	0.0000	0.0000	0.0000	0.52333	0.06799	0.33250	0.011700	0.25421
11/8/2001 10:00	0.0000	0.0000	0.0000	0.44880	0.05779	0.34779	0.011700	0.26019
11/8/2001 11:00	0.0000	0.0000	0.0000	0.38349	0.05779	0.36309	0.011700	0.26027
11/8/2001 12:00	0.0000	0.0000	0.0000	0.33334	0.05779	0.35331	0.011700	0.25589
11/8/2001 13:00	0.0000	0.0000	0.0000	0.30370	0.05779	0.32072	0.011700	0.26473
11/8/2001 14:00	0.0000	0.0000	0.0000	0.27343	0.06459	0.29567	0.011700	0.27964
11/8/2001 15:00	0.0000	0.0000	0.0000	0.27806	0.09178	0.30433	0.011700	0.29518
11/8/2001 16:00	0.0000	0.0000	0.0000	0.31439	0.16657	0.35098	0.011700	0.34915
11/8/2001 17:00	0.0000	0.0000	0.0000	0.39276	0.29574	0.43555	0.011700	0.42416
11/8/2001 18:00	0.0000	0.0000	0.0000	0.46661	0.40452	0.39348	0.041700	0.46051
11/8/2001 19:00	0.0000	0.0000	0.0000	0.47943	0.40452	0.31774	0.011700	0.47534
11/8/2001 20:00	0.0000	0.0000	0.0000	0.43605	0.37392	0.28125	0.011700	0.49168
11/8/2001 21:00	0.0000	0.0000	0.0000	0.38400	0.31613	0.26494	0.011700	0.48020
11/8/2001 22:00	0.0000	0.0000	0.0000	0.30350	0.23455	0.21327	0.011700	0.41555
11/8/2001 23:00	0.0000	0.0000	0.0000	0.21616	0.16317	0.14336	0.011700	0.36111
11/9/2001 00:00	0.0000	0.0000	0.0000	0.12237	0.08498	0.09397	0.011700	0.29869
11/9/2001 01:00	0.0000	0.0000	0.0000	0.07925	0.05099	0.07966	0.011700	0.27502
11/9/2001 02:00	0.0000	0.1406	0.0087	0.06826	0.03399	0.06742	0.011700	0.27183
11/9/2001 03:00	0.0000	0.1665	0.0102	0.07166	0.03399	0.06007	0.011700	0.26800
11/9/2001 04:00	0.0000	0.2272	0.0140	0.10564	0.03399	0.07002	0.011700	0.25788
11/9/2001 05:00	0.0000	0.2444	0.0150	0.25593	0.03739	0.08238	0.011700	0.28777
11/9/2001 06:00	0.0000	0.1459	0.0090	0.53597	0.06459	0.13459	0.011700	0.33249
11/9/2001 07:00	0.0000	0.0000	0.0000	0.61108	0.12577	0.21032	0.041700	0.35330
11/9/2001 08:00	0.0000	0.0000	0.0000	0.58939	0.12237	0.27132	0.011700	0.29869
11/9/2001 09:00	0.0000	0.0000	0.0000	0.52468	0.06799	0.33250	0.011700	0.25421
11/9/2001 10:00	0.0000	0.0000	0.0000	0.44946	0.05779	0.34779	0.011700	0.26019
11/9/2001 11:00	0.0000	0.0000	0.0000	0.38273	0.05779	0.36309	0.011700	0.26027
11/9/2001 12:00	0.0000	0.0000	0.0000	0.33089	0.05779	0.35331	0.011700	0.25589
11/9/2001 13:00	0.0000	0.0000	0.0000	0.30108	0.05779	0.32072	0.011700	0.26473
11/9/2001 14:00	0.0000	0.0000	0.0000	0.27072	0.06459	0.29567	0.011700	0.27964
11/9/2001 15:00	0.0000	0.0000	0.0000	0.27528	0.09178	0.30433	0.011700	0.29518
11/9/2001 16:00	0.0000	0.0000	0.0000	0.31162	0.16657	0.35098	0.011700	0.34915
11/9/2001 17:00	0.0000	0.0000	0.0000	0.39017	0.29574	0.43555	0.011700	0.42416
11/9/2001 18:00	0.0000	0.0000	0.0000	0.46342	0.40452	0.39348	0.041700	0.46051
11/9/2001 19:00	0.0000	0.0000	0.0000	0.47695	0.40452	0.31774	0.011700	0.47534
11/9/2001 20:00	0.0000	0.0000	0.0000	0.43354	0.37392	0.28125	0.011700	0.49168
11/9/2001 21:00	0.0000	0.0000	0.0000	0.38120	0.31613	0.26494	0.011700	0.48020
11/9/2001 22:00	0.0000	0.0000	0.0000	0.29967	0.23455	0.21327	0.011700	0.41555
11/9/2001 23:00	0.0000	0.0000	0.0000	0.21179	0.16317	0.14336	0.011700	0.36111
11/10/2001 00:00	0.0000	0.0000	0.0000	0.11812	0.08498	0.09397	0.011700	0.29869
11/10/2001 01:00	0.0000	0.0000	0.0000	0.07513	0.05099	0.07966	0.011700	0.27502
11/10/2001 02:00	0.0000	0.0000	0.0000	0.06602	0.03399	0.06742	0.011700	0.27183
11/10/2001 03:00	0.0000	0.0000	0.0000	0.07005	0.03399	0.06007	0.011700	0.26800
11/10/2001 04:00	0.0000	0.0000	0.0000	0.10441	0.03399	0.07002	0.011700	0.25788
11/10/2001 05:00	0.0000	0.0000	0.0000	0.25449	0.03739	0.08238	0.011700	0.28777
11/10/2001 06:00	0.0000	0.0000	0.0000	0.53514	0.06459	0.13459	0.011700	0.33249
11/10/2001 07:00	0.0000	0.0000	0.0000	0.61034	0.12577	0.21032	0.041700	0.35330
11/10/2001 08:00	0.0000	0.0000	0.0000	0.58908	0.12237	0.27132	0.011700	0.29869
11/10/2001 09:00	0.0000	0.0000	0.0000	0.52519	0.06799	0.33250	0.011700	0.25421
11/10/2001 10:00	0.0000	0.0000	0.0000	0.45055	0.05779	0.34779	0.011700	0.26019
11/10/2001 11:00	0.0000	0.0000	0.0000	0.38492	0.05779	0.36309	0.011700	0.26027
11/10/2001 12:00	0.0000	0.0000	0.0000	0.33331	0.05779	0.35331	0.011700	0.25589
11/10/2001 13:00	0.0000	0.0000	0.0000	0.30256	0.05779	0.32072	0.011700	0.26473
11/10/2001 14:00	0.0000	0.0000	0.0000	0.27351	0.06459	0.29567	0.011700	0.27964
11/10/2001 15:00	0.0000	0.0000	0.0000	0.27812	0.09178	0.30433	0.011700	0.29518
11/10/2001 16:00	0.0000	0.0000	0.0000	0.31478	0.16657	0.35098	0.011700	0.34915
11/10/2001 17:00	0.0000	0.0000	0.0000	0.39443	0.29574	0.43555	0.011700	0.42416
11/10/2001 18:00	0.0000	0.0000	0.0000	0.46941	0.40452	0.39348	0.041700	0.46051
11/10/2001 19:00	0.0000	0.0000	0.0000	0.48026	0.40452	0.31774	0.011700	0.47534
11/10/2001 20:00	0.0000	0.0000	0.0000	0.43527	0.37392	0.28125	0.011700	0.49168
11/10/2001 21:00	0.0000	0.0000	0.0000	0.38614	0.31613	0.26494	0.011700	0.48020
11/10/2001 22:00	0.0000	0.0000	0.0000	0.30558	0.23455	0.21327	0.011700	0.41555
11/10/2001 23:00	0.0000	0.0000	0.0000	0.21516	0.16317	0.14336	0.011700	0.36111
11/11/2001 00:00	0.0000	0.0000	0.0000	0.12832	0.08498	0.10055	0.011700	0.29869
11/11/2001 01:00	0.0000	0.0000	0.0000	0.08144	0.05099	0.08360	0.011700	0.27502
11/11/2001 02:00	0.0000	0.0000	0.0000	0.06951	0.03399	0.07003	0.011700	0.27183
11/11/2001 03:00	0.0000	0.0000	0.0000	0.07399	0.03399	0.06144	0.011700	0.26800
11/11/2001 04:00	0.0000	0.2315	0.0142	0.11295	0.03399	0.07269	0.011700	0.25788
11/11/2001 05:00	0.0000	0.4141	0.0255	0.27820	0.03739	0.08648	0.011700	0.28777
11/11/2001 06:00	0.0000	0.5145	0.0317	0.58711	0.06459	0.14521	0.011700	0.33249
11/11/2001 07:00	0.0000	1.3232	0.0814	0.67265	0.12577	0.23148	0.041700	0.35330
11/11/2001 08:00	0.0000	1.0061	0.0619	0.65299	0.12237	0.30375	0.011700	0.29869
11/11/2001 09:00	0.0000	0.4591	0.0282	0.58471	0.06799	0.37753	0.011700	0.25421
11/11/2001 10:00	0.0000	0.4832	0.0297	0.50303	0.05779	0.39871	0.011700	0.26019
11/11/2001 11:00	0.0000	1.1122	0.0684	0.42983	0.05779	0.41558	0.011700	0.26027
11/11/2001 12:00	0.0000	0.5559	0.0342	0.37380	0.05779	0.40112	0.011700	0.25589
11/11/2001 13:00	0.0000	0.5585	0.0344	0.33985	0.05779	0.36431	0.011700	0.26473
11/11/2001 14:00	0.0000	0.2993	0.0184	0.30726	0.06459	0.33480	0.011700	0.27964
11/11/2001 15:00	0.0000	0.3277	0.0202	0.31138	0.09178	0.34138	0.011700	0.29518
11/11/2001 16:00	0.0000	0.4674	0.0288	0.35386	0.16657	0.38690	0.011700	0.34915
11/11/2001 17:00	0.0000	0.5859	0.0360	0.43945	0.29574	0.47090	0.011700	0.42416
11/11/2001 18:00	0.0000	1.5337	0.0943	0.52477	0.40452	0.42779	0.041700	0.46051
11/11/2001 19:00	0.0000	0.9110	0.0560	0.54347	0.40452	0.35199	0.011700	0.47534
11/11/2001 20:00	0.0000	1.1118	0.0684	0.49708	0.37392	0.31611	0.011700	0.49168
11/11/2001 21:00	0.0000	1.3888	0.0854	0.43545	0.31613	0.30055	0.011700	0.48020
11/11/2001 22:00	0.0000	1.5735	0.0968	0.34333	0.23455	0.24157	0.011700	0.41555
11/11/2001 23:00	0.0000	1.8504	0.1138	0.24106	0.16317	0.15890	0.011700	0.36111
11/12/2001 00:00	0.0000	2.1727	0.1337	0.13237	0.08498	0.10055	0.011700	0.29869
11/12/2001 01:00	0.0000	2.3779	0.1463	0.08465	0.05099	0.08360	0.011700	0.27502
11/12/2001 02:00	0.0000	2.5515	0.1570	0.07195	0.03399	0.07003	0.011700	0.27183
11/12/2001 03:00	0.0000	2.6894	0.1654	0.07555	0.03399	0.06144	0.011700	0.26800
11/12/2001 04:00	0.0000	2.7128	0.1669	0.11357	0.03399	0.07269	0.011700	0.25788
11/12/2001 05:00	0.0000	2.7644	0.1701	0.27925	0.03739	0.08648	0.011700	0.28777
11/12/2001 06:00	0.0000	2.7126	0.1669	0.58949	0.06459	0.14521	0.011700	0.33249
11/12/2001 07:00	0.0000	3.1796	0.1956	0.67545	0.12577	0.23148	0.041700	0.35330
11/12/2001 08:00	0.0000	0.9910	0.0610	0.65575	0.12237	0.30375	0.011700	0.29869
11/12/2001 09:00	0.0000	0.0995	0.0061	0.58719	0.06799	0.37753	0.011700	0.25421
11/12/2001 10:00	0.0000	0.0000	0.0000	0.50516	0.05779	0.39871	0.011700	0.26019
11/12/2001 11:00	0.0000	0.0000	0.0000	0.43065	0.05779	0.41558	0.011700	0.26027
11/12/2001 12:00	0.0000	0.0000	0.0000	0.37398	0.05779	0.40112	0.011700	0.25589
11/12/2001 13:00	0.0000	0.0000	0.0000	0.33846	0.05779	0.36431	0.011700	0.26473
11/12/2001 14:00	0.0000	0.0000	0.0000	0.30442	0.06459	0.33480	0.011700	0.27964
11/12/2001 15:00	0.0000	0.0000	0.0000	0.30777	0.09178	0.34138	0.011700	0.29518
11/12/2001 16:00	0.0000	0.0000	0.0000	0.34986	0.16657	0.38690	0.011700	0.34915
11/12/2001 17:00	0.0000	0.0000	0.0000	0.43578	0.29574	0.47090	0.011700	0.42416
11/12/2001 18:00	0.0000	0.0000	0.0000	0.52234	0.40452	0.42779	0.041700	0.46051
11/12/2001 19:00	0.0000	0.0000	0.0000	0.54366	0.40452	0.35199	0.011700	0.47534
11/12/2001 20:00	0.0000	0.0000	0.0000	0.49748	0.37392	0.31611	0.011700	0.49168
11/12/2001 21:00	0.0000	0.0250	0.0015	0.43619	0.31613	0.30055	0.011700	0.48020
11/12/2001 22:00	0.0000	0.6684	0.0411	0.34467	0.23455	0.24157	0.011700	0.41555
11/12/2001 23:00	0.0000	0.8597	0.0529	0.24194	0.16317	0.15890	0.011700	0.36111
11/13/2001 00:00	0.0000	1.2524	0.0770	0.12449	0.08498	0.09397	0.011700	0.29869
11/13/2001 01:00	0.0000	1.4247	0.0876	0.08053	0.05099	0.07966	0.011700	0.27502
11/13/2001 02:00	0.0000	1.5579	0.0958	0.06889	0.03399	0.06742	0.011700	0.27183
11/13/2001 03:00	0.0000	1.6659	0.1025	0.07226	0.03399	0.06007	0.011700	0.26800
11/13/2001 04:00	0.0000	1.7813	0.1096	0.10685	0.03399	0.07002	0.011700	0.25788
11/13/2001 05:00	0.0000	1.8119	0.1115	0.25975	0.03739	0.08238	0.011700	0.28777
11/13/2001 06:00	0.0000	1.7642	0.1085	0.54469	0.06459	0.13459	0.011700	0.33249
11/13/2001 07:00	0.0000	1.8817	0.1158	0.62128	0.12577	0.21032	0.041700	0.35330
11/13/2001 08:00	0.0000	0.1065	0.0066	0.59935	0.12237	0.27132	0.011700	0.29869
11/13/2001 09:00	0.0000	0.0000	0.0000	0.53552	0.06799	0.33250	0.011700	0.25421
11/13/2001 10:00	0.0000	0.0000	0.0000	0.45955	0.05779	0.34779	0.011700	0.26019
11/13/2001 11:00	0.0000	0.0000	0.0000	0.39190	0.05779	0.36309	0.011700	0.26027
11/13/2001 12:00	0.0000	0.0000	0.0000	0.34025	0.05779	0.35331	0.011700	0.25589
11/13/2001 13:00	0.0000	0.0000	0.0000	0.31063	0.05779	0.32072	0.011700	0.26473
11/13/2001 14:00	0.0000	0.0000	0.0000	0.27992	0.06459	0.29567	0.011700	0.27964
11/13/2001 15:00	0.0000	0.0000	0.0000	0.28388	0.09178	0.30433	0.011700	0.29518
11/13/2001 16:00	0.0000	0.0000	0.0000	0.32099	0.16657	0.35098	0.011700	0.34915
11/13/2001 17:00	0.0000	0.0000	0.0000	0.40206	0.29574	0.43555	0.011700	0.42416
11/13/2001 18:00	0.0000	0.0000	0.0000	0.47742	0.40452	0.39348	0.041700	0.46051
11/13/2001 19:00	0.0000	0.0000	0.0000	0.49070	0.40452	0.31774	0.011700	0.47534
11/13/2001 20:00	0.0000	0.0000	0.0000	0.44587	0.37392	0.28125	0.011700	0.49168
11/13/2001 21:00	0.0000	0.0000	0.0000	0.39237	0.31613	0.26494	0.011700	0.48020
11/13/2001 22:00	0.0000	0.8713	0.0536	0.31017	0.23455	0.21327	0.011700	0.41555
11/13/2001 23:00	0.0000	0.5224	0.0321	0.22054	0.16317	0.14336	0.011700	0.36111
11/14/2001 00:00	0.0000	0.8919	0.0549	0.12486	0.08498	0.09397	0.011700	0.29869
11/14/2001 01:00	0.0000	1.0509	0.0646	0.08071	0.05099	0.07966	0.011700	0.27502
11/14/2001 02:00	0.0000	1.2465	0.0767	0.06902	0.03399	0.06742	0.011700	0.27183
11/14/2001 03:00	0.0000	1.4070	0.0866	0.07240	0.03399	0.06007	0.011700	0.26800
11/14/2001 04:00	0.0000	1.5774	0.0970	0.10715	0.03399	0.07002	0.011700	0.25788
11/14/2001 05:00	0.0000	1.6652	0.1024	0.26069	0.03739	0.08238	0.011700	0.28777
11/14/2001 06:00	0.0000	1.6032	0.0986	0.54685	0.06459	0.13459	0.011700	0.33249
11/14/2001 07:00	0.0000	1.7975	0.1106	0.62380	0.12577	0.21032	0.041700	0.35330
11/14/2001 08:00	0.0000	0.1738	0.0107	0.60180	0.12237	0.27132	0.011700	0.29869
11/14/2001 09:00	0.0000	0.0000	0.0000	0.53772	0.06799	0.33250	0.011700	0.25421
11/14/2001 10:00	0.0000	0.0000	0.0000	0.46148	0.05779	0.34779	0.011700	0.26019
11/14/2001 11:00	0.0000	0.0000	0.0000	0.39351	0.05779	0.36309	0.011700	0.26027
11/14/2001 12:00	0.0000	0.0000	0.0000	0.34028	0.05779	0.35331	0.011700	0.25589
11/14/2001 13:00	0.0000	0.0000	0.0000	0.30849	0.05779	0.32072	0.011700	0.26473
11/14/2001 14:00	0.0000	0.0000	0.0000	0.27670	0.06459	0.29567	0.011700	0.27964
11/14/2001 15:00	0.0000	0.0000	0.0000	0.27967	0.09178	0.30433	0.011700	0.29518
11/14/2001 16:00	0.0000	0.0000	0.0000	0.31587	0.16657	0.35098	0.011700	0.34915
11/14/2001 17:00	0.0000	0.0000	0.0000	0.39604	0.29574	0.43555	0.011700	0.42416
11/14/2001 18:00	0.0000	0.0000	0.0000	0.47150	0.40452	0.39348	0.041700	0.46051
11/14/2001 19:00	0.0000	0.0000	0.0000	0.48641	0.40452	0.31774	0.011700	0.47534
11/14/2001 20:00	0.0000	0.0000	0.0000	0.44284	0.37392	0.28125	0.011700	0.49168
11/14/2001 21:00	0.0000	0.0000	0.0000	0.39012	0.31613	0.26494	0.011700	0.48020
11/14/2001 22:00	0.0000	0.0000	0.0000	0.30754	0.23455	0.21327	0.011700	0.41555
11/14/2001 23:00	0.0000	0.0000	0.0000	0.21852	0.16317	0.14336	0.011700	0.36111
11/15/2001 00:00	0.0000	0.0000	0.0000	0.12357	0.08498	0.09397	0.011700	0.29869
11/15/2001 01:00	0.0000	1.0375	0.0638	0.08034	0.05099	0.07966	0.011700	0.27502
11/15/2001 02:00	0.0000	0.5181	0.0319	0.06907	0.03399	0.06742	0.011700	0.27183
11/15/2001 03:00	0.0000	0.7447	0.0458	0.07254	0.03399	0.06007	0.011700	0.26800
11/15/2001 04:00	0.0000	0.8202	0.0505	0.10745	0.03399	0.07002	0.011700	0.25788
11/15/2001 05:00	0.0000	0.7348	0.0452	0.26164	0.03739	0.08238	0.011700	0.28777
11/15/2001 06:00	0.0000	0.6204	0.0382	0.54900	0.06459	0.13459	0.011700	0.33249
11/15/2001 07:00	0.0000	0.9924	0.0610	0.62631	0.12577	0.21032	0.041700	0.35330
11/15/2001 08:00	0.0000	0.0000	0.0000	0.60424	0.12237	0.27132	0.011700	0.29869
11/15/2001 09:00	0.0000	0.0000	0.0000	0.53962	0.06799	0.33250	0.011700	0.25421
11/15/2001 10:00	0.0000	0.0000	0.0000	0.46291	0.05779	0.34779	0.011700	0.26019
11/15/2001 11:00	0.0000	0.0000	0.0000	0.39514	0.05779	0.36309	0.011700	0.26027
11/15/2001 12:00	0.0000	0.0000	0.0000	0.34328	0.05779	0.35331	0.011700	0.25589
11/15/2001 13:00	0.0000	0.0000	0.0000	0.31291	0.05779	0.32072	0.011700	0.26473
11/15/2001 14:00	0.0000	0.0000	0.0000	0.28377	0.06459	0.29567	0.011700	0.27964
11/15/2001 15:00	0.0000	0.0000	0.0000	0.28683	0.09178	0.30433	0.011700	0.29518
11/15/2001 16:00	0.0000	0.0000	0.0000	0.32433	0.16657	0.35098	0.011700	0.34915
11/15/2001 17:00	0.0000	0.0000	0.0000	0.40556	0.29574	0.43555	0.011700	0.42416
11/15/2001 18:00	0.0000	0.0000	0.0000	0.48045	0.40452	0.39348	0.041700	0.46051
11/15/2001 19:00	0.0000	0.0000	0.0000	0.49297	0.40452	0.31774	0.011700	0.47534
11/15/2001 20:00	0.0000	0.0000	0.0000	0.44890	0.37392	0.28125	0.011700	0.49168
11/15/2001 21:00	0.0000	0.0000	0.0000	0.39543	0.31613	0.26494	0.011700	0.48020
11/15/2001 22:00	0.0000	0.0000	0.0000	0.31183	0.23455	0.21327	0.011700	0.41555
11/15/2001 23:00	0.0000	0.0000	0.0000	0.22099	0.16317	0.14336	0.011700	0.36111
11/16/2001 00:00	0.0000	0.0000	0.0000	0.12442	0.08498	0.09397	0.011700	0.29869
11/16/2001 01:00	0.0000	0.0000	0.0000	0.08058	0.05099	0.07966	0.011700	0.27502
11/16/2001 02:00	0.0000	0.0000	0.0000	0.06887	0.03399	0.06742	0.011700	0.27183
11/16/2001 03:00	0.0000	0.0431	0.0027	0.07249	0.03399	0.06007	0.011700	0.26800
11/16/2001 04:00	0.0000	0.1640	0.0101	0.10774	0.03399	0.07002	0.011700	0.25788
11/16/2001 05:00	0.0000	0.1495	0.0092	0.26257	0.03739	0.08238	0.011700	0.28777
11/16/2001 06:00	0.0000	0.0748	0.0046	0.55114	0.06459	0.13459	0.011700	0.33249
11/16/2001 07:00	0.0000	0.1689	0.0104	0.62881	0.12577	0.21032	0.041700	0.35330
11/16/2001 08:00	0.0000	0.0000	0.0000	0.60667	0.12237	0.27132	0.011700	0.29869
11/16/2001 09:00	0.0000	0.0000	0.0000	0.54052	0.06799	0.33250	0.011700	0.25421
11/16/2001 10:00	0.0000	0.0000	0.0000	0.46357	0.05779	0.34779	0.011700	0.26019
11/16/2001 11:00	0.0000	0.0000	0.0000	0.39509	0.05779	0.36309	0.011700	0.26027
11/16/2001 12:00	0.0000	0.0000	0.0000	0.34144	0.05779	0.35331	0.011700	0.25589
11/16/2001 13:00	0.0000	0.0000	0.0000	0.30948	0.05779	0.32072	0.011700	0.26473
11/16/2001 14:00	0.0000	0.0000	0.0000	0.27743	0.06459	0.29567	0.011700	0.27964
11/16/2001 15:00	0.0000	0.0000	0.0000	0.28061	0.09178	0.30433	0.011700	0.29518
11/16/2001 16:00	0.0000	0.0000	0.0000	0.31779	0.16657	0.35098	0.011700	0.34915
11/16/2001 17:00	0.0000	0.0000	0.0000	0.39853	0.29574	0.43555	0.011700	0.42416
11/16/2001 18:00	0.0000	0.0000	0.0000	0.47382	0.40452	0.39348	0.041700	0.46051
11/16/2001 19:00	0.0000	0.0000	0.0000	0.48794	0.40452	0.31774	0.011700	0.47534
11/16/2001 20:00	0.0000	0.0000	0.0000	0.44351	0.37392	0.28125	0.011700	0.49168
11/16/2001 21:00	0.0000	0.0000	0.0000	0.38976	0.31613	0.26494	0.011700	0.48020
11/16/2001 22:00	0.0000	0.0000	0.0000	0.30583	0.23455	0.21327	0.011700	0.41555
11/16/2001 23:00	0.0000	0.0000	0.0000	0.21535	0.16317	0.14336	0.011700	0.36111
11/17/2001 00:00	0.0000	0.0000	0.0000	0.11899	0.08498	0.09397	0.011700	0.29869
11/17/2001 01:00	0.0000	0.0000	0.0000	0.07489	0.05099	0.07966	0.011700	0.27502
11/17/2001 02:00	0.0000	0.0000	0.0000	0.06753	0.03399	0.06742	0.011700	0.27183
11/17/2001 03:00	0.0000	0.0000	0.0000	0.07162	0.03399	0.06007	0.011700	0.26800
11/17/2001 04:00	0.0000	0.0000	0.0000	0.10531	0.03399	0.07002	0.011700	0.25788
11/17/2001 05:00	0.0000	0.0000	0.0000	0.26009	0.03739	0.08238	0.011700	0.28777
11/17/2001 06:00	0.0000	0.0000	0.0000	0.55189	0.06459	0.13459	0.011700	0.33249
11/17/2001 07:00	0.0000	0.0000	0.0000	0.63052	0.12577	0.21032	0.041700	0.35330
11/17/2001 08:00	0.0000	0.0000	0.0000	0.60654	0.12237	0.27132	0.011700	0.29869
11/17/2001 09:00	0.0000	0.0000	0.0000	0.53983	0.06799	0.33250	0.011700	0.25421
11/17/2001 10:00	0.0000	0.0000	0.0000	0.46275	0.05779	0.34779	0.011700	0.26019
11/17/2001 11:00	0.0000	0.0000	0.0000	0.39625	0.05779	0.36309	0.011700	0.26027
11/17/2001 12:00	0.0000	0.0000	0.0000	0.34501	0.05779	0.35331	0.011700	0.25589
11/17/2001 13:00	0.0000	0.0000	0.0000	0.31357	0.05779	0.32072	0.011700	0.26473
11/17/2001 14:00	0.0000	0.0000	0.0000	0.28138	0.06459	0.29567	0.011700	0.27964
11/17/2001 15:00	0.0000	0.0000	0.0000	0.29033	0.09178	0.30433	0.011700	0.29518
11/17/2001 16:00	0.0000	0.0000	0.0000	0.32950	0.16657	0.35098	0.011700	0.34915
11/17/2001 17:00	0.0000	0.0000	0.0000	0.40782	0.29574	0.43555	0.011700	0.42416
11/17/2001 18:00	0.0000	0.0000	0.0000	0.48149	0.40452	0.39348	0.041700	0.46051
11/17/2001 19:00	0.0000	0.4444	0.0273	0.49491	0.40452	0.31774	0.011700	0.47534
11/17/2001 20:00	0.0000	0.0000	0.0000	0.45385	0.37392	0.28125	0.011700	0.49168
11/17/2001 21:00	0.0000	0.0000	0.0000	0.39968	0.31613	0.26494	0.011700	0.48020
11/17/2001 22:00	0.0000	0.0000	0.0000	0.31308	0.23455	0.21327	0.011700	0.41555
11/17/2001 23:00	0.0000	0.0000	0.0000	0.22105	0.16317	0.14336	0.011700	0.36111
11/18/2001 00:00	0.0000	0.1063	0.0065	0.13251	0.08498	0.10055	0.011700	0.29869
11/18/2001 01:00	0.0000	0.0000	0.0000	0.08585	0.05099	0.08360	0.011700	0.27502
11/18/2001 02:00	0.0000	0.0000	0.0000	0.07240	0.03399	0.07003	0.011700	0.27183
11/18/2001 03:00	0.0000	0.0000	0.0000	0.07581	0.03399	0.06144	0.011700	0.26800
11/18/2001 04:00	0.0000	0.0000	0.0000	0.11509	0.03399	0.07269	0.011700	0.25788
11/18/2001 05:00	0.0000	0.0000	0.0000	0.28519	0.03739	0.08648	0.011700	0.28777
11/18/2001 06:00	0.0000	0.0000	0.0000	0.60341	0.06459	0.14521	0.011700	0.33249
11/18/2001 07:00	0.0000	0.0514	0.0032	0.69162	0.12577	0.23148	0.041700	0.35330
11/18/2001 08:00	0.0000	0.0000	0.0000	0.67200	0.12237	0.30375	0.011700	0.29869
11/18/2001 09:00	0.0000	0.0000	0.0000	0.60134	0.06799	0.37753	0.011700	0.25421
11/18/2001 10:00	0.0000	0.0000	0.0000	0.51652	0.05779	0.39871	0.011700	0.26019
11/18/2001 11:00	0.0000	0.0000	0.0000	0.44014	0.05779	0.41558	0.011700	0.26027
11/18/2001 12:00	0.0000	0.0000	0.0000	0.38188	0.05779	0.40112	0.011700	0.25589
11/18/2001 13:00	0.0000	0.0000	0.0000	0.34539	0.05779	0.36431	0.011700	0.26473
11/18/2001 14:00	0.0000	0.0000	0.0000	0.31044	0.06459	0.33480	0.011700	0.27964
11/18/2001 15:00	0.0000	0.0000	0.0000	0.31318	0.09178	0.34138	0.011700	0.29518
11/18/2001 16:00	0.0000	0.0000	0.0000	0.35552	0.16657	0.38690	0.011700	0.34915
11/18/2001 17:00	0.0000	0.0000	0.0000	0.44321	0.29574	0.47090	0.011700	0.42416
11/18/2001 18:00	0.0000	0.0000	0.0000	0.53145	0.40452	0.42779	0.041700	0.46051
11/18/2001 19:00	0.0000	0.0000	0.0000	0.55239	0.40452	0.35199	0.011700	0.47534
11/18/2001 20:00	0.0000	0.0000	0.0000	0.50512	0.37392	0.31611	0.011700	0.49168
11/18/2001 21:00	0.0000	0.0000	0.0000	0.44223	0.31613	0.30055	0.011700	0.48020
11/18/2001 22:00	0.0000	0.0000	0.0000	0.34798	0.23455	0.24157	0.011700	0.41555
11/18/2001 23:00	0.0000	0.0000	0.0000	0.24347	0.16317	0.15890	0.011700	0.36111
11/19/2001 00:00	0.0000	0.0000	0.0000	0.13249	0.08498	0.10055	0.011700	0.29869
11/19/2001 01:00	0.0000	0.0000	0.0000	0.08444	0.05099	0.08360	0.011700	0.27502
11/19/2001 02:00	0.0000	0.1008	0.0062	0.07231	0.03399	0.07003	0.011700	0.27183
11/19/2001 03:00	0.0000	0.3784	0.0233	0.07666	0.03399	0.06144	0.011700	0.26800
11/19/2001 04:00	0.0000	0.5150	0.0317	0.11587	0.03399	0.07269	0.011700	0.25788
11/19/2001 05:00	0.0000	0.7025	0.0432	0.28643	0.03739	0.08648	0.011700	0.28777
11/19/2001 06:00	0.0000	0.5973	0.0367	0.60589	0.06459	0.14521	0.011700	0.33249
11/19/2001 07:00	0.0000	0.9186	0.0565	0.69472	0.12577	0.23148	0.041700	0.35330
11/19/2001 08:00	0.0000	0.0000	0.0000	0.67467	0.12237	0.30375	0.011700	0.29869
11/19/2001 09:00	0.0000	0.0000	0.0000	0.60374	0.06799	0.37753	0.011700	0.25421
11/19/2001 10:00	0.0000	0.0000	0.0000	0.51838	0.05779	0.39871	0.011700	0.26019
11/19/2001 11:00	0.0000	0.0000	0.0000	0.44171	0.05779	0.41558	0.011700	0.26027
11/19/2001 12:00	0.0000	0.0000	0.0000	0.38400	0.05779	0.40112	0.011700	0.25589
11/19/2001 13:00	0.0000	0.0000	0.0000	0.34797	0.05779	0.36431	0.011700	0.26473
11/19/2001 14:00	0.0000	0.0000	0.0000	0.31354	0.06459	0.33480	0.011700	0.27964
11/19/2001 15:00	0.0000	0.0000	0.0000	0.31753	0.09178	0.34138	0.011700	0.29518
11/19/2001 16:00	0.0000	0.0000	0.0000	0.36143	0.16657	0.38690	0.011700	0.34915
11/19/2001 17:00	0.0000	0.0000	0.0000	0.44983	0.29574	0.47090	0.011700	0.42416
11/19/2001 18:00	0.0000	0.0000	0.0000	0.53780	0.40452	0.42779	0.041700	0.46051
11/19/2001 19:00	0.0000	0.0000	0.0000	0.55818	0.40452	0.35199	0.011700	0.47534
11/19/2001 20:00	0.0000	0.0000	0.0000	0.51047	0.37392	0.31611	0.011700	0.49168
11/19/2001 21:00	0.0000	0.0000	0.0000	0.44706	0.31613	0.30055	0.011700	0.48020
11/19/2001 22:00	0.0000	0.0000	0.0000	0.35227	0.23455	0.24157	0.011700	0.41555
11/19/2001 23:00	0.0000	0.0000	0.0000	0.24690	0.16317	0.15890	0.011700	0.36111
11/20/2001 00:00	0.0000	0.0882	0.0054	0.12647	0.08498	0.09397	0.011700	0.29869
11/20/2001 01:00	0.0000	0.3803	0.0234	0.08180	0.05099	0.07966	0.011700	0.27502
11/20/2001 02:00	0.0000	0.6583	0.0405	0.06979	0.03399	0.06742	0.011700	0.27183
11/20/2001 03:00	0.0000	0.8706	0.0536	0.07327	0.03399	0.06007	0.011700	0.26800
11/20/2001 04:00	0.0000	1.0164	0.0625	0.10891	0.03399	0.07002	0.011700	0.25788
11/20/2001 05:00	0.0000	1.1004	0.0677	0.26627	0.03739	0.08238	0.011700	0.28777
11/20/2001 06:00	0.0000	1.1175	0.0687	0.55958	0.06459	0.13459	0.011700	0.33249
11/20/2001 07:00	0.0000	1.3183	0.0811	0.63866	0.12577	0.21032	0.041700	0.35330
11/20/2001 08:00	0.0000	0.0000	0.0000	0.61626	0.12237	0.27132	0.011700	0.29869
11/20/2001 09:00	0.0000	0.0000	0.0000	0.55062	0.06799	0.33250	0.011700	0.25421
11/20/2001 10:00	0.0000	0.0000	0.0000	0.47281	0.05779	0.34779	0.011700	0.26019
11/20/2001 11:00	0.0000	0.0000	0.0000	0.40355	0.05779	0.36309	0.011700	0.26027
11/20/2001 12:00	0.0000	0.0000	0.0000	0.35062	0.05779	0.35331	0.011700	0.25589
11/20/2001 13:00	0.0000	0.0000	0.0000	0.32003	0.05779	0.32072	0.011700	0.26473
11/20/2001 14:00	0.0000	0.0000	0.0000	0.28921	0.06459	0.29567	0.011700	0.27964
11/20/2001 15:00	0.0000	0.0000	0.0000	0.29306	0.09178	0.30433	0.011700	0.29518
11/20/2001 16:00	0.0000	0.0000	0.0000	0.33098	0.16657	0.35098	0.011700	0.34915
11/20/2001 17:00	0.0000	0.7037	0.0433	0.41418	0.29574	0.43555	0.011700	0.42416
11/20/2001 18:00	0.0000	0.1548	0.0095	0.49126	0.40452	0.39348	0.041700	0.46051
11/20/2001 19:00	0.0000	0.0000	0.0000	0.50425	0.40452	0.31774	0.011700	0.47534
11/20/2001 20:00	0.0000	0.0000	0.0000	0.45864	0.37392	0.28125	0.011700	0.49168
11/20/2001 21:00	0.0000	0.2898	0.0178	0.40420	0.31613	0.26494	0.011700	0.48020
11/20/2001 22:00	0.0000	0.5715	0.0352	0.31850	0.23455	0.21327	0.011700	0.41555
11/20/2001 23:00	0.0000	0.8672	0.0533	0.22593	0.16317	0.14336	0.011700	0.36111
11/21/2001 00:00	0.0000	1.2479	0.0768	0.12739	0.08498	0.09397	0.011700	0.29869
11/21/2001 01:00	0.0000	1.4638	0.0900	0.08199	0.05099	0.07966	0.011700	0.27502
11/21/2001 02:00	0.0000	1.7514	0.1077	0.06992	0.03399	0.06742	0.011700	0.27183
11/21/2001 03:00	0.0000	2.0007	0.1231	0.07341	0.03399	0.06007	0.011700	0.26800
11/21/2001 04:00	0.0000	2.1639	0.1331	0.10920	0.03399	0.07002	0.011700	0.25788
11/21/2001 05:00	0.0000	2.3149	0.1424	0.26717	0.03739	0.08238	0.011700	0.28777
11/21/2001 06:00	0.0000	2.3247	0.1430	0.56165	0.06459	0.13459	0.011700	0.33249
11/21/2001 07:00	0.0000	2.8348	0.1744	0.64108	0.12577	0.21032	0.041700	0.35330
11/21/2001 08:00	0.0000	0.8131	0.0500	0.61862	0.12237	0.27132	0.011700	0.29869
11/21/2001 09:00	0.0000	0.0000	0.0000	0.55283	0.06799	0.33250	0.011700	0.25421
11/21/2001 10:00	0.0000	0.0000	0.0000	0.47584	0.05779	0.34779	0.011700	0.26019
11/21/2001 11:00	0.0000	0.0000	0.0000	0.40677	0.05779	0.36309	0.011700	0.26027
11/21/2001 12:00	0.0000	0.0000	0.0000	0.35353	0.05779	0.35331	0.011700	0.25589
11/21/2001 13:00	0.0000	0.0000	0.0000	0.32121	0.05779	0.32072	0.011700	0.26473
11/21/2001 14:00	0.0000	0.0000	0.0000	0.28880	0.06459	0.29567	0.011700	0.27964
11/21/2001 15:00	0.0000	0.0000	0.0000	0.29199	0.09178	0.30433	0.011700	0.29518
11/21/2001 16:00	0.0000	0.0000	0.0000	0.32954	0.16657	0.35098	0.011700	0.34915
11/21/2001 17:00	0.0000	0.0000	0.0000	0.41191	0.29574	0.43555	0.011700	0.42416
11/21/2001 18:00	0.0000	0.0000	0.0000	0.48953	0.40452	0.39348	0.041700	0.46051
11/21/2001 19:00	0.0000	0.0000	0.0000	0.50576	0.40452	0.31774	0.011700	0.47534
11/21/2001 20:00	0.0000	0.3618	0.0223	0.46062	0.37392	0.28125	0.011700	0.49168
11/21/2001 21:00	0.0000	0.9676	0.0595	0.40583	0.31613	0.26494	0.011700	0.48020
11/21/2001 22:00	0.0000	1.2678	0.0780	0.31964	0.23455	0.21327	0.011700	0.41555
11/21/2001 23:00	0.0000	1.7160	0.1056	0.22668	0.16317	0.14336	0.011700	0.36111
11/22/2001 00:00	0.0000	2.0639	0.1270	0.12774	0.08498	0.09397	0.011700	0.29869
11/22/2001 01:00	0.0000	2.3632	0.1454	0.08216	0.05099	0.07966	0.011700	0.27502
11/22/2001 02:00	0.0000	2.5500	0.1569	0.07004	0.03399	0.06742	0.011700	0.27183
11/22/2001 03:00	0.0000	2.7224	0.1675	0.07355	0.03399	0.06007	0.011700	0.26800
11/22/2001 04:00	0.0000	2.8353	0.1744	0.10949	0.03399	0.07002	0.011700	0.25788
11/22/2001 05:00	0.0000	2.8015	0.1723	0.26808	0.03739	0.08238	0.011700	0.28777
11/22/2001 06:00	0.0000	2.6736	0.1645	0.56371	0.06459	0.13459	0.011700	0.33249
11/22/2001 07:00	0.0000	3.0987	0.1906	0.64349	0.12577	0.21032	0.041700	0.35330
11/22/2001 08:00	0.0000	0.9287	0.0571	0.62097	0.12237	0.27132	0.011700	0.29869
11/22/2001 09:00	0.0000	0.0220	0.0014	0.55494	0.06799	0.33250	0.011700	0.25421
11/22/2001 10:00	0.0000	0.0000	0.0000	0.47765	0.05779	0.34779	0.011700	0.26019
11/22/2001 11:00	0.0000	0.0000	0.0000	0.40798	0.05779	0.36309	0.011700	0.26027
11/22/2001 12:00	0.0000	0.0000	0.0000	0.35402	0.05779	0.35331	0.011700	0.25589
11/22/2001 13:00	0.0000	0.0000	0.0000	0.32188	0.05779	0.32072	0.011700	0.26473
11/22/2001 14:00	0.0000	0.0000	0.0000	0.29005	0.06459	0.29567	0.011700	0.27964
11/22/2001 15:00	0.0000	0.0000	0.0000	0.29428	0.09178	0.30433	0.011700	0.29518
11/22/2001 16:00	0.0000	0.0000	0.0000	0.33325	0.16657	0.35098	0.011700	0.34915
11/22/2001 17:00	0.0000	0.4198	0.0258	0.41748	0.29574	0.43555	0.011700	0.42416
11/22/2001 18:00	0.0000	0.4727	0.0291	0.49488	0.40452	0.39348	0.041700	0.46051
11/22/2001 19:00	0.0000	0.0858	0.0053	0.50792	0.40452	0.31774	0.011700	0.47534
11/22/2001 20:00	0.0000	0.4812	0.0296	0.46247	0.37392	0.28125	0.011700	0.49168
11/22/2001 21:00	0.0000	0.7576	0.0466	0.40731	0.31613	0.26494	0.011700	0.48020
11/22/2001 22:00	0.0000	1.0947	0.0673	0.32076	0.23455	0.21327	0.011700	0.41555
11/22/2001 23:00	0.0000	1.3993	0.0861	0.22742	0.16317	0.14336	0.011700	0.36111
11/23/2001 00:00	0.0000	1.7318	0.1065	0.12809	0.08498	0.09397	0.011700	0.29869
11/23/2001 01:00	0.0000	1.9743	0.1215	0.08234	0.05099	0.07966	0.011700	0.27502
11/23/2001 02:00	0.0000	2.0894	0.1285	0.07017	0.03399	0.06742	0.011700	0.27183
11/23/2001 03:00	0.0000	2.1582	0.1328	0.07369	0.03399	0.06007	0.011700	0.26800
11/23/2001 04:00	0.0000	2.1938	0.1350	0.10977	0.03399	0.07002	0.011700	0.25788
11/23/2001 05:00	0.0000	2.1688	0.1334	0.26897	0.03739	0.08238	0.011700	0.28777
11/23/2001 06:00	0.0000	2.0586	0.1266	0.56576	0.06459	0.13459	0.011700	0.33249
11/23/2001 07:00	0.0000	2.4537	0.1509	0.64588	0.12577	0.21032	0.041700	0.35330
11/23/2001 08:00	0.0000	0.4440	0.0273	0.62329	0.12237	0.27132	0.011700	0.29869
11/23/2001 09:00	0.0000	0.0000	0.0000	0.55703	0.06799	0.33250	0.011700	0.25421
11/23/2001 10:00	0.0000	0.0000	0.0000	0.47806	0.05779	0.34779	0.011700	0.26019
11/23/2001 11:00	0.0000	0.0000	0.0000	0.40747	0.05779	0.36309	0.011700	0.26027
11/23/2001 12:00	0.0000	0.0000	0.0000	0.35271	0.05779	0.35331	0.011700	0.25589
11/23/2001 13:00	0.0000	0.0000	0.0000	0.31988	0.05779	0.32072	0.011700	0.26473
11/23/2001 14:00	0.0000	0.0000	0.0000	0.28716	0.06459	0.29567	0.011700	0.27964
11/23/2001 15:00	0.0000	0.0000	0.0000	0.29032	0.09178	0.30433	0.011700	0.29518
11/23/2001 16:00	0.0000	0.0000	0.0000	0.32792	0.16657	0.35098	0.011700	0.34915
11/23/2001 17:00	0.0000	0.0000	0.0000	0.41097	0.29574	0.43555	0.011700	0.42416
11/23/2001 18:00	0.0000	0.0000	0.0000	0.48874	0.40452	0.39348	0.041700	0.46051
11/23/2001 19:00	0.0000	0.0000	0.0000	0.50404	0.40452	0.31774	0.011700	0.47534
11/23/2001 20:00	0.0000	0.0000	0.0000	0.45893	0.37392	0.28125	0.011700	0.49168
11/23/2001 21:00	0.0000	0.0000	0.0000	0.40419	0.31613	0.26494	0.011700	0.48020
11/23/2001 22:00	0.0000	0.0000	0.0000	0.31829	0.23455	0.21327	0.011700	0.41555
11/23/2001 23:00	0.0000	0.0000	0.0000	0.22570	0.16317	0.14336	0.011700	0.36111
11/24/2001 00:00	0.0000	0.0000	0.0000	0.12710	0.08498	0.09397	0.011700	0.29869
11/24/2001 01:00	0.0000	1.0064	0.0619	0.08234	0.05099	0.07966	0.011700	0.27502
11/24/2001 02:00	0.0000	0.7079	0.0435	0.07026	0.03399	0.06742	0.011700	0.27183
11/24/2001 03:00	0.0000	0.9636	0.0593	0.07382	0.03399	0.06007	0.011700	0.26800
11/24/2001 04:00	0.0000	1.0743	0.0661	0.11005	0.03399	0.07002	0.011700	0.25788
11/24/2001 05:00	0.0000	1.1275	0.0694	0.26986	0.03739	0.08238	0.011700	0.28777
11/24/2001 06:00	0.0000	1.1152	0.0686	0.56779	0.06459	0.13459	0.011700	0.33249
11/24/2001 07:00	0.0000	1.2636	0.0777	0.64825	0.12577	0.21032	0.041700	0.35330
11/24/2001 08:00	0.0000	0.0000	0.0000	0.62560	0.12237	0.27132	0.011700	0.29869
11/24/2001 09:00	0.0000	0.0000	0.0000	0.55829	0.06799	0.33250	0.011700	0.25421
11/24/2001 10:00	0.0000	0.0000	0.0000	0.47856	0.05779	0.34779	0.011700	0.26019
11/24/2001 11:00	0.0000	0.0000	0.0000	0.40786	0.05779	0.36309	0.011700	0.26027
11/24/2001 12:00	0.0000	0.0000	0.0000	0.35464	0.05779	0.35331	0.011700	0.25589
11/24/2001 13:00	0.0000	0.0000	0.0000	0.32340	0.05779	0.32072	0.011700	0.26473
11/24/2001 14:00	0.0000	0.0000	0.0000	0.29097	0.06459	0.29567	0.011700	0.27964
11/24/2001 15:00	0.0000	0.0000	0.0000	0.29559	0.09178	0.30433	0.011700	0.29518
11/24/2001 16:00	0.0000	0.0000	0.0000	0.33480	0.16657	0.35098	0.011700	0.34915
11/24/2001 17:00	0.0000	0.0000	0.0000	0.41901	0.29574	0.43555	0.011700	0.42416
11/24/2001 18:00	0.0000	0.0000	0.0000	0.49680	0.40452	0.39348	0.041700	0.46051
11/24/2001 19:00	0.0000	0.0000	0.0000	0.51028	0.40452	0.31774	0.011700	0.47534
11/24/2001 20:00	0.0000	0.0000	0.0000	0.46425	0.37392	0.28125	0.011700	0.49168
11/24/2001 21:00	0.0000	0.0000	0.0000	0.40861	0.31613	0.26494	0.011700	0.48020
11/24/2001 22:00	0.0000	0.0000	0.0000	0.32211	0.23455	0.21327	0.011700	0.41555
11/24/2001 23:00	0.0000	0.0000	0.0000	0.22887	0.16317	0.14336	0.011700	0.36111
11/25/2001 00:00	0.0000	0.1280	0.0079	0.13746	0.08498	0.10055	0.011700	0.29869
11/25/2001 01:00	0.0000	0.3231	0.0199	0.08725	0.05099	0.08360	0.011700	0.27502
11/25/2001 02:00	0.0000	0.4166	0.0256	0.07379	0.03399	0.07003	0.011700	0.27183
11/25/2001 03:00	0.0000	0.5047	0.0310	0.07760	0.03399	0.06144	0.011700	0.26800
11/25/2001 04:00	0.0000	0.5473	0.0337	0.11776	0.03399	0.07269	0.011700	0.25788
11/25/2001 05:00	0.0000	0.5466	0.0336	0.29234	0.03739	0.08648	0.011700	0.28777
11/25/2001 06:00	0.0000	0.3772	0.0232	0.61939	0.06459	0.14521	0.011700	0.33249
11/25/2001 07:00	0.0000	0.5396	0.0332	0.71057	0.12577	0.23148	0.041700	0.35330
11/25/2001 08:00	0.0000	0.0000	0.0000	0.69024	0.12237	0.30375	0.011700	0.29869
11/25/2001 09:00	0.0000	0.0000	0.0000	0.61716	0.06799	0.37753	0.011700	0.25421
11/25/2001 10:00	0.0000	0.0000	0.0000	0.52905	0.05779	0.39871	0.011700	0.26019
11/25/2001 11:00	0.0000	0.0000	0.0000	0.44966	0.05779	0.41558	0.011700	0.26027
11/25/2001 12:00	0.0000	0.0000	0.0000	0.38962	0.05779	0.40112	0.011700	0.25589
11/25/2001 13:00	0.0000	0.0000	0.0000	0.35291	0.05779	0.36431	0.011700	0.26473
11/25/2001 14:00	0.0000	0.0000	0.0000	0.31794	0.06459	0.33480	0.011700	0.27964
11/25/2001 15:00	0.0000	0.0000	0.0000	0.32188	0.09178	0.34138	0.011700	0.29518
11/25/2001 16:00	0.0000	0.0000	0.0000	0.36683	0.16657	0.38690	0.011700	0.34915
11/25/2001 17:00	0.0000	0.0000	0.0000	0.45697	0.29574	0.47090	0.011700	0.42416
11/25/2001 18:00	0.0000	0.0000	0.0000	0.54683	0.40452	0.42779	0.041700	0.46051
11/25/2001 19:00	0.0000	0.0000	0.0000	0.56733	0.40452	0.35199	0.011700	0.47534
11/25/2001 20:00	0.0000	0.0000	0.0000	0.51836	0.37392	0.31611	0.011700	0.49168
11/25/2001 21:00	0.0000	0.0000	0.0000	0.45335	0.31613	0.30055	0.011700	0.48020
11/25/2001 22:00	0.0000	0.0000	0.0000	0.35595	0.23455	0.24157	0.011700	0.41555
11/25/2001 23:00	0.0000	0.0000	0.0000	0.24795	0.16317	0.15890	0.011700	0.36111
11/26/2001 00:00	0.0000	0.0000	0.0000	0.13324	0.08498	0.10055	0.011700	0.29869
11/26/2001 01:00	0.0000	0.0000	0.0000	0.08333	0.05099	0.08360	0.011700	0.27502
11/26/2001 02:00	0.0000	0.0000	0.0000	0.07028	0.03399	0.07003	0.011700	0.27183
11/26/2001 03:00	0.0000	0.0000	0.0000	0.07448	0.03399	0.06144	0.011700	0.26800
11/26/2001 04:00	0.0000	0.0000	0.0000	0.11512	0.03399	0.07269	0.011700	0.25788
11/26/2001 05:00	0.0000	0.0000	0.0000	0.29060	0.03739	0.08648	0.011700	0.28777
11/26/2001 06:00	0.0000	0.0000	0.0000	0.61896	0.06459	0.14521	0.011700	0.33249
11/26/2001 07:00	0.0000	0.0000	0.0000	0.71041	0.12577	0.23148	0.041700	0.35330
11/26/2001 08:00	0.0000	0.0000	0.0000	0.69055	0.12237	0.30375	0.011700	0.29869
11/26/2001 09:00	0.0000	0.0000	0.0000	0.61781	0.06799	0.37753	0.011700	0.25421
11/26/2001 10:00	0.0000	0.0000	0.0000	0.53051	0.05779	0.39871	0.011700	0.26019
11/26/2001 11:00	0.0000	0.0000	0.0000	0.45174	0.05779	0.41558	0.011700	0.26027
11/26/2001 12:00	0.0000	0.0000	0.0000	0.39184	0.05779	0.40112	0.011700	0.25589
11/26/2001 13:00	0.0000	0.0000	0.0000	0.35459	0.05779	0.36431	0.011700	0.26473
11/26/2001 14:00	0.0000	0.0000	0.0000	0.31908	0.06459	0.33480	0.011700	0.27964
11/26/2001 15:00	0.0000	0.0000	0.0000	0.32318	0.09178	0.34138	0.011700	0.29518
11/26/2001 16:00	0.0000	0.0000	0.0000	0.36817	0.16657	0.38690	0.011700	0.34915
11/26/2001 17:00	0.0000	0.0000	0.0000	0.45875	0.29574	0.47090	0.011700	0.42416
11/26/2001 18:00	0.0000	0.0000	0.0000	0.54881	0.40452	0.42779	0.041700	0.46051
11/26/2001 19:00	0.0000	0.0000	0.0000	0.56921	0.40452	0.35199	0.011700	0.47534
11/26/2001 20:00	0.0000	0.0000	0.0000	0.51979	0.37392	0.31611	0.011700	0.49168
11/26/2001 21:00	0.0000	0.0000	0.0000	0.45459	0.31613	0.30055	0.011700	0.48020
11/26/2001 22:00	0.0000	0.0000	0.0000	0.35681	0.23455	0.24157	0.011700	0.41555
11/26/2001 23:00	0.0000	0.0000	0.0000	0.24831	0.16317	0.15890	0.011700	0.36111
11/27/2001 00:00	0.0000	0.0000	0.0000	0.12448	0.08498	0.09397	0.011700	0.29869
11/27/2001 01:00	0.0000	0.0000	0.0000	0.07870	0.05099	0.07966	0.011700	0.27502
11/27/2001 02:00	0.0000	0.0000	0.0000	0.07001	0.03399	0.06742	0.011700	0.27183
11/27/2001 03:00	0.0000	0.0000	0.0000	0.07409	0.03399	0.06007	0.011700	0.26800
11/27/2001 04:00	0.0000	0.0000	0.0000	0.10953	0.03399	0.07002	0.011700	0.25788
11/27/2001 05:00	0.0000	0.0000	0.0000	0.27062	0.03739	0.08238	0.011700	0.28777
11/27/2001 06:00	0.0000	0.0000	0.0000	0.57200	0.06459	0.13459	0.011700	0.33249
11/27/2001 07:00	0.0000	0.0000	0.0000	0.65335	0.12577	0.21032	0.041700	0.35330
11/27/2001 08:00	0.0000	0.0000	0.0000	0.63084	0.12237	0.27132	0.011700	0.29869
11/27/2001 09:00	0.0000	0.0000	0.0000	0.56315	0.06799	0.33250	0.011700	0.25421
11/27/2001 10:00	0.0000	0.0000	0.0000	0.48375	0.05779	0.34779	0.011700	0.26019
11/27/2001 11:00	0.0000	0.0000	0.0000	0.41364	0.05779	0.36309	0.011700	0.26027
11/27/2001 12:00	0.0000	0.0000	0.0000	0.35925	0.05779	0.35331	0.011700	0.25589
11/27/2001 13:00	0.0000	0.0000	0.0000	0.32662	0.05779	0.32072	0.011700	0.26473
11/27/2001 14:00	0.0000	0.0000	0.0000	0.29413	0.06459	0.29567	0.011700	0.27964
11/27/2001 15:00	0.0000	0.0000	0.0000	0.30191	0.09178	0.30433	0.011700	0.29518
11/27/2001 16:00	0.0000	0.0000	0.0000	0.34092	0.16657	0.35098	0.011700	0.34915
11/27/2001 17:00	0.0000	0.0000	0.0000	0.42301	0.29574	0.43555	0.011700	0.42416
11/27/2001 18:00	0.0000	0.0000	0.0000	0.49984	0.40452	0.39348	0.041700	0.46051
11/27/2001 19:00	0.0000	0.0000	0.0000	0.51355	0.40452	0.31774	0.011700	0.47534
11/27/2001 20:00	0.0000	0.0000	0.0000	0.46992	0.37392	0.28125	0.011700	0.49168
11/27/2001 21:00	0.0000	0.0000	0.0000	0.41390	0.31613	0.26494	0.011700	0.48020
11/27/2001 22:00	0.0000	0.0000	0.0000	0.32430	0.23455	0.21327	0.011700	0.41555
11/27/2001 23:00	0.0000	0.0000	0.0000	0.22873	0.16317	0.14336	0.011700	0.36111
11/28/2001 00:00	0.0000	0.0000	0.0000	0.12769	0.08498	0.09397	0.011700	0.29869
11/28/2001 01:00	0.0000	0.0000	0.0000	0.08149	0.05099	0.07966	0.011700	0.27502
11/28/2001 02:00	0.0000	0.0000	0.0000	0.06944	0.03399	0.06742	0.011700	0.27183
11/28/2001 03:00	0.0000	0.0000	0.0000	0.07346	0.03399	0.06007	0.011700	0.26800
11/28/2001 04:00	0.0000	0.0000	0.0000	0.11057	0.03399	0.07002	0.011700	0.25788
11/28/2001 05:00	0.0000	0.0300	0.0018	0.27314	0.03739	0.08238	0.011700	0.28777
11/28/2001 06:00	0.0000	0.0000	0.0000	0.57574	0.06459	0.13459	0.011700	0.33249
11/28/2001 07:00	0.0000	0.4519	0.0278	0.65748	0.12577	0.21032	0.041700	0.35330
11/28/2001 08:00	0.0000	0.0478	0.0029	0.63463	0.12237	0.27132	0.011700	0.29869
11/28/2001 09:00	0.0000	0.0143	0.0009	0.56722	0.06799	0.33250	0.011700	0.25421
11/28/2001 10:00	0.0000	0.0000	0.0000	0.48820	0.05779	0.34779	0.011700	0.26019
11/28/2001 11:00	0.0000	0.2051	0.0126	0.41804	0.05779	0.36309	0.011700	0.26027
11/28/2001 12:00	0.0000	0.0000	0.0000	0.36352	0.05779	0.35331	0.011700	0.25589
11/28/2001 13:00	0.0000	0.0000	0.0000	0.33095	0.05779	0.32072	0.011700	0.26473
11/28/2001 14:00	0.0000	0.0000	0.0000	0.29830	0.06459	0.29567	0.011700	0.27964
11/28/2001 15:00	0.0000	0.0000	0.0000	0.30225	0.09178	0.30433	0.011700	0.29518
11/28/2001 16:00	0.0000	0.0000	0.0000	0.34123	0.16657	0.35098	0.011700	0.34915
11/28/2001 17:00	0.0000	0.0000	0.0000	0.42516	0.29574	0.43555	0.011700	0.42416
11/28/2001 18:00	0.0000	0.0000	0.0000	0.50329	0.40452	0.39348	0.041700	0.46051
11/28/2001 19:00	0.0000	0.0000	0.0000	0.51729	0.40452	0.31774	0.011700	0.47534
11/28/2001 20:00	0.0000	0.0000	0.0000	0.47052	0.37392	0.28125	0.011700	0.49168
11/28/2001 21:00	0.0000	0.0000	0.0000	0.41416	0.31613	0.26494	0.011700	0.48020
11/28/2001 22:00	0.0000	0.0000	0.0000	0.32585	0.23455	0.21327	0.011700	0.41555
11/28/2001 23:00	0.0000	0.0000	0.0000	0.23063	0.16317	0.14336	0.011700	0.36111
11/29/2001 00:00	0.0000	0.0000	0.0000	0.12949	0.08498	0.09397	0.011700	0.29869
11/29/2001 01:00	0.0000	0.2049	0.0126	0.08325	0.05099	0.07966	0.011700	0.27502
11/29/2001 02:00	0.0000	0.3066	0.0189	0.07089	0.03399	0.06742	0.011700	0.27183
11/29/2001 03:00	0.0000	0.3957	0.0243	0.07450	0.03399	0.06007	0.011700	0.26800
11/29/2001 04:00	0.0000	0.4587	0.0282	0.11142	0.03399	0.07002	0.011700	0.25788
11/29/2001 05:00	0.0000	0.4431	0.0273	0.27419	0.03739	0.08238	0.011700	0.28777
11/29/2001 06:00	0.0000	0.3813	0.0235	0.57769	0.06459	0.13459	0.011700	0.33249
11/29/2001 07:00	0.0000	0.8297	0.0510	0.65981	0.12577	0.21032	0.041700	0.35330
11/29/2001 08:00	0.0000	0.2784	0.0171	0.63685	0.12237	0.27132	0.011700	0.29869
11/29/2001 09:00	0.0000	0.0472	0.0029	0.56920	0.06799	0.33250	0.011700	0.25421
11/29/2001 10:00	0.0000	0.0000	0.0000	0.48990	0.05779	0.34779	0.011700	0.26019
11/29/2001 11:00	0.0000	0.0000	0.0000	0.41914	0.05779	0.36309	0.011700	0.26027
11/29/2001 12:00	0.0000	0.0000	0.0000	0.36432	0.05779	0.35331	0.011700	0.25589
11/29/2001 13:00	0.0000	0.0000	0.0000	0.33117	0.05779	0.32072	0.011700	0.26473
11/29/2001 14:00	0.0000	0.0000	0.0000	0.29716	0.06459	0.29567	0.011700	0.27964
11/29/2001 15:00	0.0000	0.0000	0.0000	0.30103	0.09178	0.30433	0.011700	0.29518
11/29/2001 16:00	0.0000	0.0000	0.0000	0.34097	0.16657	0.35098	0.011700	0.34915
11/29/2001 17:00	0.0000	0.0000	0.0000	0.42629	0.29574	0.43555	0.011700	0.42416
11/29/2001 18:00	0.0000	0.0000	0.0000	0.50637	0.40452	0.39348	0.041700	0.46051
11/29/2001 19:00	0.0000	0.0000	0.0000	0.52030	0.40452	0.31774	0.011700	0.47534
11/29/2001 20:00	0.0000	0.0000	0.0000	0.47236	0.37392	0.28125	0.011700	0.49168
11/29/2001 21:00	0.0000	0.0000	0.0000	0.41562	0.31613	0.26494	0.011700	0.48020
11/29/2001 22:00	0.0000	0.6390	0.0393	0.32817	0.23455	0.21327	0.011700	0.41555
11/29/2001 23:00	0.0000	0.3646	0.0224	0.23242	0.16317	0.14336	0.011700	0.36111
11/30/2001 00:00	0.0000	0.6503	0.0400	0.13045	0.08498	0.09397	0.011700	0.29869
11/30/2001 01:00	0.0000	0.8212	0.0505	0.08353	0.05099	0.07966	0.011700	0.27502
11/30/2001 02:00	0.0000	0.9974	0.0614	0.07101	0.03399	0.06742	0.011700	0.27183
11/30/2001 03:00	0.0000	1.0589	0.0651	0.07463	0.03399	0.06007	0.011700	0.26800
11/30/2001 04:00	0.0000	1.1125	0.0684	0.11169	0.03399	0.07002	0.011700	0.25788
11/30/2001 05:00	0.0000	1.2215	0.0751	0.27504	0.03739	0.08238	0.011700	0.28777
11/30/2001 06:00	0.0000	1.0905	0.0671	0.57961	0.06459	0.13459	0.011700	0.33249
11/30/2001 07:00	0.0000	1.7748	0.1092	0.66206	0.12577	0.21032	0.041700	0.35330
11/30/2001 08:00	0.0000	0.7264	0.0447	0.63904	0.12237	0.27132	0.011700	0.29869
11/30/2001 09:00	0.0000	0.4666	0.0287	0.57117	0.06799	0.33250	0.011700	0.25421
11/30/2001 10:00	0.0000	0.0000	0.0000	0.49159	0.05779	0.34779	0.011700	0.26019
11/30/2001 11:00	0.0000	0.0884	0.0054	0.42075	0.05779	0.36309	0.011700	0.26027
11/30/2001 12:00	0.0000	0.0000	0.0000	0.36599	0.05779	0.35331	0.011700	0.25589
11/30/2001 13:00	0.0000	0.0000	0.0000	0.33313	0.05779	0.32072	0.011700	0.26473
11/30/2001 14:00	0.0000	0.0000	0.0000	0.29998	0.06459	0.29567	0.011700	0.27964
11/30/2001 15:00	0.0000	0.0000	0.0000	0.30417	0.09178	0.30433	0.011700	0.29518
11/30/2001 16:00	0.0000	0.0000	0.0000	0.34273	0.16657	0.35098	0.011700	0.34915
11/30/2001 17:00	0.0000	0.0000	0.0000	0.42730	0.29574	0.43555	0.011700	0.42416
11/30/2001 18:00	0.0000	0.0000	0.0000	0.50676	0.40452	0.39348	0.041700	0.46051
11/30/2001 19:00	0.0000	0.0000	0.0000	0.52176	0.40452	0.31774	0.011700	0.47534
11/30/2001 20:00	0.0000	0.0000	0.0000	0.47474	0.37392	0.28125	0.011700	0.49168
11/30/2001 21:00	0.0000	0.0656	0.0040	0.41819	0.31613	0.26494	0.011700	0.48020
11/30/2001 22:00	0.0000	0.2279	0.0140	0.32939	0.23455	0.21327	0.011700	0.41555
11/30/2001 23:00	0.0000	0.2701	0.0166	0.23313	0.16317	0.14336	0.011700	0.36111
12/1/2001 00:00	0.0000	0.2723	0.0167	0.13078	0.08407	0.09397	0.011700	0.29869
12/1/2001 01:00	0.0000	0.2133	0.0131	0.08369	0.05117	0.07966	0.011700	0.27502
12/1/2001 02:00	0.0000	0.0977	0.0060	0.07112	0.03290	0.06742	0.011700	0.27183
12/1/2001 03:00	0.0000	0.0000	0.0000	0.07476	0.03290	0.06007	0.011700	0.26800
12/1/2001 04:00	0.0000	0.0000	0.0000	0.11187	0.03290	0.07002	0.011700	0.25788
12/1/2001 05:00	0.0000	0.0000	0.0000	0.27560	0.03655	0.08238	0.011700	0.28777
12/1/2001 06:00	0.0000	0.0000	0.0000	0.58097	0.07676	0.13459	0.011700	0.33249
12/1/2001 07:00	0.0000	0.0000	0.0000	0.66335	0.15717	0.21032	0.041700	0.35330
12/1/2001 08:00	0.0000	0.0000	0.0000	0.64004	0.15352	0.27132	0.011700	0.29869
12/1/2001 09:00	0.0000	0.0000	0.0000	0.57194	0.08407	0.33250	0.011700	0.25421
12/1/2001 10:00	0.0000	0.0000	0.0000	0.49209	0.06945	0.34779	0.011700	0.26019
12/1/2001 11:00	0.0000	0.0000	0.0000	0.42125	0.06945	0.36309	0.011700	0.26027
12/1/2001 12:00	0.0000	0.0000	0.0000	0.36599	0.06945	0.35331	0.011700	0.25589
12/1/2001 13:00	0.0000	0.0000	0.0000	0.33370	0.06945	0.32072	0.011700	0.26473
12/1/2001 14:00	0.0000	0.0000	0.0000	0.30011	0.07676	0.29567	0.011700	0.27964
12/1/2001 15:00	0.0000	0.0000	0.0000	0.30373	0.10600	0.30433	0.011700	0.29518
12/1/2001 16:00	0.0000	0.0000	0.0000	0.34308	0.19007	0.35098	0.011700	0.34915
12/1/2001 17:00	0.0000	0.0000	0.0000	0.43043	0.33262	0.43555	0.011700	0.42416
12/1/2001 18:00	0.0000	0.0000	0.0000	0.50972	0.43862	0.39348	0.041700	0.46051
12/1/2001 19:00	0.0000	0.0000	0.0000	0.52174	0.40938	0.31774	0.011700	0.47534
12/1/2001 20:00	0.0000	0.0000	0.0000	0.47370	0.37283	0.28125	0.011700	0.49168
12/1/2001 21:00	0.0000	0.0000	0.0000	0.41698	0.31434	0.26494	0.011700	0.48020
12/1/2001 22:00	0.0000	0.0000	0.0000	0.32778	0.23393	0.21327	0.011700	0.41555
12/1/2001 23:00	0.0000	0.0000	0.0000	0.23163	0.16448	0.14336	0.011700	0.36111
12/2/2001 00:00	0.0000	0.0000	0.0000	0.13854	0.08407	0.10055	0.011700	0.29869
12/2/2001 01:00	0.0000	0.0158	0.0010	0.08788	0.05117	0.08360	0.011700	0.27502
12/2/2001 02:00	0.0000	0.2450	0.0151	0.07471	0.03290	0.07003	0.011700	0.27183
12/2/2001 03:00	0.0000	0.3571	0.0220	0.07862	0.03290	0.06144	0.011700	0.26800
12/2/2001 04:00	0.0000	0.4731	0.0291	0.11985	0.03290	0.07269	0.011700	0.25788
12/2/2001 05:00	0.0000	0.4946	0.0304	0.29886	0.03655	0.08648	0.011700	0.28777
12/2/2001 06:00	0.0000	0.4198	0.0258	0.63428	0.07676	0.14521	0.011700	0.33249
12/2/2001 07:00	0.0000	0.8571	0.0527	0.72808	0.15717	0.23148	0.041700	0.35330
12/2/2001 08:00	0.0000	0.3832	0.0236	0.70743	0.15352	0.30375	0.011700	0.29869
12/2/2001 09:00	0.0000	0.2740	0.0169	0.63383	0.08407	0.37753	0.011700	0.25421
12/2/2001 10:00	0.0000	0.0983	0.0060	0.54527	0.06945	0.39871	0.011700	0.26019
12/2/2001 11:00	0.0000	0.3814	0.0235	0.46559	0.06945	0.41558	0.011700	0.26027
12/2/2001 12:00	0.0000	0.0000	0.0000	0.40458	0.06945	0.40112	0.011700	0.25589
12/2/2001 13:00	0.0000	0.0000	0.0000	0.36699	0.06945	0.36431	0.011700	0.26473
12/2/2001 14:00	0.0000	0.0000	0.0000	0.33101	0.07676	0.33480	0.011700	0.27964
12/2/2001 15:00	0.0000	0.0000	0.0000	0.33510	0.10600	0.34138	0.011700	0.29518
12/2/2001 16:00	0.0000	0.0000	0.0000	0.38115	0.19007	0.38690	0.011700	0.34915
12/2/2001 17:00	0.0000	0.0000	0.0000	0.47371	0.33262	0.47090	0.011700	0.42416
12/2/2001 18:00	0.0000	0.1306	0.0080	0.56573	0.43862	0.42779	0.041700	0.46051
12/2/2001 19:00	0.0000	0.0000	0.0000	0.58674	0.40938	0.35199	0.011700	0.47534
12/2/2001 20:00	0.0000	0.0000	0.0000	0.53662	0.37283	0.31611	0.011700	0.49168
12/2/2001 21:00	0.0000	0.2127	0.0131	0.47015	0.31434	0.30055	0.011700	0.48020
12/2/2001 22:00	0.0000	0.4872	0.0300	0.36990	0.23393	0.24157	0.011700	0.41555
12/2/2001 23:00	0.0000	0.7717	0.0475	0.25851	0.16448	0.15890	0.011700	0.36111
12/3/2001 00:00	0.0000	1.1022	0.0678	0.14041	0.08407	0.10055	0.011700	0.29869
12/3/2001 01:00	0.0000	1.3168	0.0810	0.08874	0.05117	0.08360	0.011700	0.27502
12/3/2001 02:00	0.0000	1.4833	0.0912	0.07484	0.03290	0.07003	0.011700	0.27183
12/3/2001 03:00	0.0000	1.6125	0.0992	0.07876	0.03290	0.06144	0.011700	0.26800
12/3/2001 04:00	0.0000	1.7255	0.1061	0.12014	0.03290	0.07269	0.011700	0.25788
12/3/2001 05:00	0.0000	1.7671	0.1087	0.29976	0.03655	0.08648	0.011700	0.28777
12/3/2001 06:00	0.0000	1.7364	0.1068	0.63632	0.07676	0.14521	0.011700	0.33249
12/3/2001 07:00	0.0000	2.1624	0.1330	0.73047	0.15717	0.23148	0.041700	0.35330
12/3/2001 08:00	0.0000	0.7461	0.0459	0.70978	0.15352	0.30375	0.011700	0.29869
12/3/2001 09:00	0.0000	0.0000	0.0000	0.63596	0.08407	0.37753	0.011700	0.25421
12/3/2001 10:00	0.0000	0.0000	0.0000	0.54664	0.06945	0.39871	0.011700	0.26019
12/3/2001 11:00	0.0000	0.0000	0.0000	0.46531	0.06945	0.41558	0.011700	0.26027
12/3/2001 12:00	0.0000	0.0000	0.0000	0.40311	0.06945	0.40112	0.011700	0.25589
12/3/2001 13:00	0.0000	0.0000	0.0000	0.36394	0.06945	0.36431	0.011700	0.26473
12/3/2001 14:00	0.0000	0.0000	0.0000	0.32674	0.07676	0.33480	0.011700	0.27964
12/3/2001 15:00	0.0000	0.0000	0.0000	0.32989	0.10600	0.34138	0.011700	0.29518
12/3/2001 16:00	0.0000	0.0000	0.0000	0.37560	0.19007	0.38690	0.011700	0.34915
12/3/2001 17:00	0.0000	0.0000	0.0000	0.46902	0.33262	0.47090	0.011700	0.42416
12/3/2001 18:00	0.0000	0.0000	0.0000	0.56222	0.43862	0.42779	0.041700	0.46051
12/3/2001 19:00	0.0000	0.0000	0.0000	0.58431	0.40938	0.35199	0.011700	0.47534
12/3/2001 20:00	0.0000	0.0000	0.0000	0.53448	0.37283	0.31611	0.011700	0.49168
12/3/2001 21:00	0.0000	0.0000	0.0000	0.46815	0.31434	0.30055	0.011700	0.48020
12/3/2001 22:00	0.0000	0.0000	0.0000	0.36828	0.23393	0.24157	0.011700	0.41555
12/3/2001 23:00	0.0000	0.0000	0.0000	0.25726	0.16448	0.15890	0.011700	0.36111
12/4/2001 00:00	0.0000	0.0000	0.0000	0.13045	0.08407	0.09397	0.011700	0.29869
12/4/2001 01:00	0.0000	0.5194	0.0320	0.08361	0.05117	0.07966	0.011700	0.27502
12/4/2001 02:00	0.0000	0.3137	0.0193	0.07142	0.03290	0.06742	0.011700	0.27183
12/4/2001 03:00	0.0000	0.4210	0.0259	0.07513	0.03290	0.06007	0.011700	0.26800
12/4/2001 04:00	0.0000	0.5075	0.0312	0.11272	0.03290	0.07002	0.011700	0.25788
12/4/2001 05:00	0.0000	0.5170	0.0318	0.27832	0.03655	0.08238	0.011700	0.28777
12/4/2001 06:00	0.0000	0.4323	0.0266	0.58710	0.07676	0.13459	0.011700	0.33249
12/4/2001 07:00	0.0000	0.3507	0.0216	0.67081	0.15717	0.21032	0.041700	0.35330
12/4/2001 08:00	0.0000	0.0000	0.0000	0.64755	0.15352	0.27132	0.011700	0.29869
12/4/2001 09:00	0.0000	0.0000	0.0000	0.57757	0.08407	0.33250	0.011700	0.25421
12/4/2001 10:00	0.0000	0.0000	0.0000	0.49530	0.06945	0.34779	0.011700	0.26019
12/4/2001 11:00	0.0000	0.0000	0.0000	0.42309	0.06945	0.36309	0.011700	0.26027
12/4/2001 12:00	0.0000	0.0000	0.0000	0.36752	0.06945	0.35331	0.011700	0.25589
12/4/2001 13:00	0.0000	0.0000	0.0000	0.33413	0.06945	0.32072	0.011700	0.26473
12/4/2001 14:00	0.0000	0.0000	0.0000	0.30145	0.07676	0.29567	0.011700	0.27964
12/4/2001 15:00	0.0000	0.0000	0.0000	0.30620	0.10600	0.30433	0.011700	0.29518
12/4/2001 16:00	0.0000	0.0000	0.0000	0.34651	0.19007	0.35098	0.011700	0.34915
12/4/2001 17:00	0.0000	0.0000	0.0000	0.43392	0.33262	0.43555	0.011700	0.42416
12/4/2001 18:00	0.0000	0.0000	0.0000	0.51433	0.43862	0.39348	0.041700	0.46051
12/4/2001 19:00	0.0000	0.0000	0.0000	0.52787	0.40938	0.31774	0.011700	0.47534
12/4/2001 20:00	0.0000	0.0000	0.0000	0.47975	0.37283	0.28125	0.011700	0.49168
12/4/2001 21:00	0.0000	0.0000	0.0000	0.42215	0.31434	0.26494	0.011700	0.48020
12/4/2001 22:00	0.0000	0.1478	0.0091	0.33279	0.23393	0.21327	0.011700	0.41555
12/4/2001 23:00	0.0000	0.0564	0.0035	0.23581	0.16448	0.14336	0.011700	0.36111
12/5/2001 00:00	0.0000	0.2215	0.0136	0.13204	0.08407	0.09397	0.011700	0.29869
12/5/2001 01:00	0.0000	0.4006	0.0246	0.08433	0.05117	0.07966	0.011700	0.27502
12/5/2001 02:00	0.0000	0.5227	0.0322	0.07157	0.03290	0.06742	0.011700	0.27183
12/5/2001 03:00	0.0000	0.6143	0.0378	0.07526	0.03290	0.06007	0.011700	0.26800
12/5/2001 04:00	0.0000	0.5825	0.0358	0.11298	0.03290	0.07002	0.011700	0.25788
12/5/2001 05:00	0.0000	0.4384	0.0270	0.27911	0.03655	0.08238	0.011700	0.28777
12/5/2001 06:00	0.0000	0.1861	0.0114	0.58892	0.07676	0.13459	0.011700	0.33249
12/5/2001 07:00	0.0000	0.3277	0.0202	0.67293	0.15717	0.21032	0.041700	0.35330
12/5/2001 08:00	0.0000	0.0379	0.0023	0.64962	0.15352	0.27132	0.011700	0.29869
12/5/2001 09:00	0.0000	0.0181	0.0011	0.58067	0.08407	0.33250	0.011700	0.25421
12/5/2001 10:00	0.0000	0.0000	0.0000	0.49975	0.06945	0.34779	0.011700	0.26019
12/5/2001 11:00	0.0000	0.0000	0.0000	0.42717	0.06945	0.36309	0.011700	0.26027
12/5/2001 12:00	0.0000	0.0000	0.0000	0.37089	0.06945	0.35331	0.011700	0.25589
12/5/2001 13:00	0.0000	0.0000	0.0000	0.33725	0.06945	0.32072	0.011700	0.26473
12/5/2001 14:00	0.0000	0.0000	0.0000	0.30368	0.07676	0.29567	0.011700	0.27964
12/5/2001 15:00	0.0000	0.0000	0.0000	0.30747	0.10600	0.30433	0.011700	0.29518
12/5/2001 16:00	0.0000	0.0000	0.0000	0.34729	0.19007	0.35098	0.011700	0.34915
12/5/2001 17:00	0.0000	0.0000	0.0000	0.43333	0.33262	0.43555	0.011700	0.42416
12/5/2001 18:00	0.0000	0.0000	0.0000	0.51312	0.43862	0.39348	0.041700	0.46051
12/5/2001 19:00	0.0000	0.0000	0.0000	0.52670	0.40938	0.31774	0.011700	0.47534
12/5/2001 20:00	0.0000	0.0000	0.0000	0.47893	0.37283	0.28125	0.011700	0.49168
12/5/2001 21:00	0.0000	0.0000	0.0000	0.42117	0.31434	0.26494	0.011700	0.48020
12/5/2001 22:00	0.0000	0.0000	0.0000	0.33032	0.23393	0.21327	0.011700	0.41555
12/5/2001 23:00	0.0000	0.0000	0.0000	0.23244	0.16448	0.14336	0.011700	0.36111
12/6/2001 00:00	0.0000	0.0000	0.0000	0.12852	0.08407	0.09397	0.011700	0.29869
12/6/2001 01:00	0.0000	0.0000	0.0000	0.08097	0.05117	0.07966	0.011700	0.27502
12/6/2001 02:00	0.0000	0.2788	0.0172	0.07111	0.03290	0.06742	0.011700	0.27183
12/6/2001 03:00	0.0000	0.0000	0.0000	0.07537	0.03290	0.06007	0.011700	0.26800
12/6/2001 04:00	0.0000	0.0000	0.0000	0.11236	0.03290	0.07002	0.011700	0.25788
12/6/2001 05:00	0.0000	0.0000	0.0000	0.27890	0.03655	0.08238	0.011700	0.28777
12/6/2001 06:00	0.0000	0.0390	0.0024	0.59027	0.07676	0.13459	0.011700	0.33249
12/6/2001 07:00	0.0000	0.2952	0.0182	0.67503	0.15717	0.21032	0.041700	0.35330
12/6/2001 08:00	0.0000	0.0000	0.0000	0.65166	0.15352	0.27132	0.011700	0.29869
12/6/2001 09:00	0.0000	0.0000	0.0000	0.58187	0.08407	0.33250	0.011700	0.25421
12/6/2001 10:00	0.0000	0.0000	0.0000	0.49995	0.06945	0.34779	0.011700	0.26019
12/6/2001 11:00	0.0000	0.0000	0.0000	0.42731	0.06945	0.36309	0.011700	0.26027
12/6/2001 12:00	0.0000	0.0000	0.0000	0.37224	0.06945	0.35331	0.011700	0.25589
12/6/2001 13:00	0.0000	0.0000	0.0000	0.33974	0.06945	0.32072	0.011700	0.26473
12/6/2001 14:00	0.0000	0.0000	0.0000	0.30503	0.07676	0.29567	0.011700	0.27964
12/6/2001 15:00	0.0000	0.0000	0.0000	0.30818	0.10600	0.30433	0.011700	0.29518
12/6/2001 16:00	0.0000	2.0340	0.1251	0.35122	0.19007	0.35098	0.011700	0.34915
12/6/2001 17:00	0.0000	0.0000	0.0000	0.43809	0.33262	0.43555	0.011700	0.42416
12/6/2001 18:00	0.0000	1.1897	0.0732	0.51841	0.43862	0.39348	0.041700	0.46051
12/6/2001 19:00	0.0000	0.7317	0.0450	0.53191	0.40938	0.31774	0.011700	0.47534
12/6/2001 20:00	0.0000	1.0996	0.0676	0.48432	0.37283	0.28125	0.011700	0.49168
12/6/2001 21:00	0.0000	1.3856	0.0852	0.42651	0.31434	0.26494	0.011700	0.48020
12/6/2001 22:00	0.0000	1.7529	0.1078	0.33542	0.23393	0.21327	0.011700	0.41555
12/6/2001 23:00	0.0000	2.0871	0.1284	0.23713	0.16448	0.14336	0.011700	0.36111
12/7/2001 00:00	0.0000	2.4187	0.1488	0.13265	0.08407	0.09397	0.011700	0.29869
12/7/2001 01:00	0.0000	2.6533	0.1632	0.08464	0.05117	0.07966	0.011700	0.27502
12/7/2001 02:00	0.0000	2.8308	0.1741	0.07179	0.03290	0.06742	0.011700	0.27183
12/7/2001 03:00	0.0000	2.9638	0.1823	0.07550	0.03290	0.06007	0.011700	0.26800
12/7/2001 04:00	0.0000	3.0475	0.1875	0.11347	0.03290	0.07002	0.011700	0.25788
12/7/2001 05:00	0.0000	3.0833	0.1897	0.28068	0.03655	0.08238	0.011700	0.28777
12/7/2001 06:00	0.0000	3.0266	0.1862	0.59249	0.07676	0.13459	0.011700	0.33249
12/7/2001 07:00	0.0000	3.6990	0.2275	0.67710	0.15717	0.21032	0.041700	0.35330
12/7/2001 08:00	0.0000	1.8052	0.1110	0.65368	0.15352	0.27132	0.011700	0.29869
12/7/2001 09:00	0.0000	1.1027	0.0678	0.58432	0.08407	0.33250	0.011700	0.25421
12/7/2001 10:00	0.0000	0.4973	0.0306	0.50288	0.06945	0.34779	0.011700	0.26019
12/7/2001 11:00	0.0000	0.8845	0.0544	0.43059	0.06945	0.36309	0.011700	0.26027
12/7/2001 12:00	0.0000	0.0000	0.0000	0.37422	0.06945	0.35331	0.011700	0.25589
12/7/2001 13:00	0.0000	0.0000	0.0000	0.34062	0.06945	0.32072	0.011700	0.26473
12/7/2001 14:00	0.0000	0.0000	0.0000	0.30688	0.07676	0.29567	0.011700	0.27964
12/7/2001 15:00	0.0000	0.0000	0.0000	0.31076	0.10600	0.30433	0.011700	0.29518
12/7/2001 16:00	0.0000	0.0000	0.0000	0.35063	0.19007	0.35098	0.011700	0.34915
12/7/2001 17:00	0.0000	0.0792	0.0049	0.43801	0.33262	0.43555	0.011700	0.42416
12/7/2001 18:00	0.0000	2.0031	0.1232	0.51997	0.43862	0.39348	0.041700	0.46051
12/7/2001 19:00	0.0000	1.0969	0.0675	0.53349	0.40938	0.31774	0.011700	0.47534
12/7/2001 20:00	0.0000	1.6755	0.1031	0.48576	0.37283	0.28125	0.011700	0.49168
12/7/2001 21:00	0.0000	1.8720	0.1152	0.42777	0.31434	0.26494	0.011700	0.48020
12/7/2001 22:00	0.0000	2.2327	0.1373	0.33639	0.23393	0.21327	0.011700	0.41555
12/7/2001 23:00	0.0000	2.4921	0.1533	0.23776	0.16448	0.14336	0.011700	0.36111
