Date/Time	Cooling (E)	Heating (E)	HVAC Fan/Pump (E)	Hot Water (E)	Lights (E)	Lg. Appl. (E)	Vent Fan (E)	Misc. (E)
	kWh	kWh	kWh	kWh	kWh	kWh	kWh	kWh
9/6/2001 00:00	0.1156	0.0000	0.0225	0.09791	0.08372	0.09397	0.011700	0.29869
9/6/2001 01:00	0.0799	0.0000	0.0158	0.06563	0.05023	0.07966	0.011700	0.27502
9/6/2001 02:00	0.0000	0.0000	0.0000	0.05741	0.03349	0.06742	0.011700	0.27183
9/6/2001 03:00	0.0000	0.0000	0.0000	0.06106	0.03349	0.06007	0.011700	0.26800
9/6/2001 04:00	0.0000	0.0000	0.0000	0.08661	0.03349	0.07002	0.011700	0.25788
9/6/2001 05:00	0.0000	0.0000	0.0000	0.19921	0.03588	0.08238	0.011700	0.28777
9/6/2001 06:00	0.0406	0.0000	0.0081	0.40687	0.06698	0.13459	0.011700	0.33249
9/6/2001 07:00	0.0359	0.0000	0.0070	0.46001	0.12678	0.21032	0.041700	0.35330
9/6/2001 08:00	0.0000	0.0000	0.0000	0.44229	0.10525	0.27132	0.011700	0.29869
9/6/2001 09:00	0.0000	0.0000	0.0000	0.39520	0.05263	0.33250	0.011700	0.25421
9/6/2001 10:00	0.1360	0.0000	0.0258	0.33997	0.04067	0.34779	0.011700	0.26019
9/6/2001 11:00	0.1701	0.0000	0.0325	0.29137	0.04067	0.36309	0.011700	0.26027
9/6/2001 12:00	0.2762	0.0000	0.0523	0.25405	0.04067	0.35331	0.011700	0.25589
9/6/2001 13:00	0.3328	0.0000	0.0630	0.23312	0.04067	0.32072	0.011700	0.26473
9/6/2001 14:00	0.3681	0.0000	0.0692	0.21138	0.04067	0.29567	0.011700	0.27964
9/6/2001 15:00	0.4478	0.0000	0.0842	0.21483	0.04067	0.30433	0.011700	0.29518
9/6/2001 16:00	0.3328	0.0000	0.0621	0.24177	0.04545	0.35098	0.011700	0.34915
9/6/2001 17:00	0.6511	0.0000	0.1194	0.30102	0.06698	0.43555	0.011700	0.42416
9/6/2001 18:00	0.4974	0.0000	0.0936	0.35722	0.12439	0.39348	0.041700	0.46051
9/6/2001 19:00	0.4397	0.0000	0.0832	0.36758	0.22725	0.31774	0.011700	0.47534
9/6/2001 20:00	0.3952	0.0000	0.0748	0.33436	0.33968	0.28125	0.011700	0.49168
9/6/2001 21:00	0.3406	0.0000	0.0645	0.29432	0.31576	0.26494	0.011700	0.48020
9/6/2001 22:00	0.2588	0.0000	0.0495	0.23371	0.23682	0.21327	0.011700	0.41555
9/6/2001 23:00	0.2078	0.0000	0.0394	0.16868	0.16505	0.14336	0.011700	0.36111
9/7/2001 00:00	0.0000	0.0000	0.0000	0.09814	0.08372	0.09397	0.011700	0.29869
9/7/2001 01:00	0.0000	0.0000	0.0000	0.06716	0.05023	0.07966	0.011700	0.27502
9/7/2001 02:00	0.0000	0.0000	0.0000	0.05888	0.03349	0.06742	0.011700	0.27183
9/7/2001 03:00	0.0724	0.0000	0.0140	0.06008	0.03349	0.06007	0.011700	0.26800
9/7/2001 04:00	0.0474	0.0000	0.0092	0.08505	0.03349	0.07002	0.011700	0.25788
9/7/2001 05:00	0.0659	0.0000	0.0129	0.19785	0.03588	0.08238	0.011700	0.28777
9/7/2001 06:00	0.0998	0.0000	0.0196	0.40750	0.06698	0.13459	0.011700	0.33249
9/7/2001 07:00	0.0543	0.0000	0.0106	0.46159	0.12678	0.21032	0.041700	0.35330
9/7/2001 08:00	0.1125	0.0000	0.0220	0.44384	0.10525	0.27132	0.011700	0.29869
9/7/2001 09:00	0.1723	0.0000	0.0327	0.39553	0.05263	0.33250	0.011700	0.25421
9/7/2001 10:00	0.3814	0.0000	0.0692	0.34033	0.04067	0.34779	0.011700	0.26019
9/7/2001 11:00	0.7154	0.0000	0.1250	0.29233	0.04067	0.36309	0.011700	0.26027
9/7/2001 12:00	0.8227	0.0000	0.1426	0.25493	0.04067	0.35331	0.011700	0.25589
9/7/2001 13:00	0.9912	0.0000	0.1700	0.23390	0.04067	0.32072	0.011700	0.26473
9/7/2001 14:00	1.0718	0.0000	0.1823	0.21208	0.04067	0.29567	0.011700	0.27964
9/7/2001 15:00	1.1390	0.0000	0.1918	0.21554	0.04067	0.30433	0.011700	0.29518
9/7/2001 16:00	1.1996	0.0000	0.2022	0.24258	0.04545	0.35098	0.011700	0.34915
9/7/2001 17:00	1.1875	0.0000	0.2026	0.30204	0.06698	0.43555	0.011700	0.42416
9/7/2001 18:00	1.1064	0.0000	0.1929	0.35841	0.12439	0.39348	0.041700	0.46051
9/7/2001 19:00	0.7297	0.0000	0.1337	0.36879	0.22725	0.31774	0.011700	0.47534
9/7/2001 20:00	0.5442	0.0000	0.1019	0.33547	0.33968	0.28125	0.011700	0.49168
9/7/2001 21:00	0.3818	0.0000	0.0741	0.29529	0.31576	0.26494	0.011700	0.48020
9/7/2001 22:00	0.2717	0.0000	0.0532	0.23445	0.23682	0.21327	0.011700	0.41555
9/7/2001 23:00	0.1912	0.0000	0.0374	0.16916	0.16505	0.14336	0.011700	0.36111
9/8/2001 00:00	0.1129	0.0000	0.0225	0.09837	0.08372	0.09397	0.011700	0.29869
9/8/2001 01:00	0.0546	0.0000	0.0110	0.06586	0.05023	0.07966	0.011700	0.27502
9/8/2001 02:00	0.0000	0.0000	0.0000	0.05757	0.03349	0.06742	0.011700	0.27183
9/8/2001 03:00	0.0000	0.0000	0.0000	0.06136	0.03349	0.06007	0.011700	0.26800
9/8/2001 04:00	0.0000	0.0000	0.0000	0.08728	0.03349	0.07002	0.011700	0.25788
9/8/2001 05:00	0.0000	0.0000	0.0000	0.20032	0.03588	0.08238	0.011700	0.28777
9/8/2001 06:00	0.0000	0.0000	0.0000	0.41010	0.06698	0.13459	0.011700	0.33249
9/8/2001 07:00	0.0000	0.0000	0.0000	0.46439	0.12678	0.21032	0.041700	0.35330
9/8/2001 08:00	0.1162	0.0000	0.0220	0.44621	0.10525	0.27132	0.011700	0.29869
9/8/2001 09:00	0.4051	0.0000	0.0720	0.39699	0.05263	0.33250	0.011700	0.25421
9/8/2001 10:00	0.6782	0.0000	0.1155	0.34155	0.04067	0.34779	0.011700	0.26019
9/8/2001 11:00	0.9926	0.0000	0.1653	0.29337	0.04067	0.36309	0.011700	0.26027
9/8/2001 12:00	1.0379	0.0000	0.1692	0.25582	0.04067	0.35331	0.011700	0.25589
9/8/2001 13:00	1.1683	0.0000	0.1865	0.23470	0.04067	0.32072	0.011700	0.26473
9/8/2001 14:00	1.2656	0.0000	0.2001	0.21279	0.04067	0.29567	0.011700	0.27964
9/8/2001 15:00	1.3194	0.0000	0.2108	0.21625	0.04067	0.30433	0.011700	0.29518
9/8/2001 16:00	1.2677	0.0000	0.2071	0.24340	0.04545	0.35098	0.011700	0.34915
9/8/2001 17:00	1.2666	0.0000	0.2116	0.30307	0.06698	0.43555	0.011700	0.42416
9/8/2001 18:00	1.1953	0.0000	0.2065	0.35963	0.12439	0.39348	0.041700	0.46051
9/8/2001 19:00	0.7920	0.0000	0.1426	0.37003	0.22725	0.31774	0.011700	0.47534
9/8/2001 20:00	0.5800	0.0000	0.1076	0.33660	0.33968	0.28125	0.011700	0.49168
9/8/2001 21:00	0.4312	0.0000	0.0816	0.29628	0.31576	0.26494	0.011700	0.48020
9/8/2001 22:00	0.3401	0.0000	0.0638	0.23521	0.23682	0.21327	0.011700	0.41555
9/8/2001 23:00	0.2523	0.0000	0.0478	0.16967	0.16505	0.14336	0.011700	0.36111
9/9/2001 00:00	0.1268	0.0000	0.0244	0.09861	0.08372	0.09397	0.011700	0.29869
9/9/2001 01:00	0.0000	0.0000	0.0000	0.06904	0.05023	0.08360	0.011700	0.27502
9/9/2001 02:00	0.0812	0.0000	0.0158	0.06003	0.03349	0.07003	0.011700	0.27183
9/9/2001 03:00	0.0810	0.0000	0.0157	0.06259	0.03349	0.06144	0.011700	0.26800
9/9/2001 04:00	0.0642	0.0000	0.0125	0.09051	0.03349	0.07269	0.011700	0.25788
9/9/2001 05:00	0.0731	0.0000	0.0142	0.21413	0.03588	0.08648	0.011700	0.28777
9/9/2001 06:00	0.0909	0.0000	0.0179	0.44494	0.06698	0.14521	0.011700	0.33249
9/9/2001 07:00	0.1309	0.0000	0.0252	0.50618	0.12678	0.23148	0.041700	0.35330
9/9/2001 08:00	0.3630	0.0000	0.0662	0.48946	0.10525	0.30375	0.011700	0.29869
9/9/2001 09:00	0.5988	0.0000	0.1050	0.43681	0.05263	0.37753	0.011700	0.25421
9/9/2001 10:00	0.8220	0.0000	0.1400	0.37538	0.04067	0.39871	0.011700	0.26019
9/9/2001 11:00	1.0882	0.0000	0.1812	0.32130	0.04067	0.41558	0.011700	0.26027
9/9/2001 12:00	1.1081	0.0000	0.1807	0.27993	0.04067	0.40112	0.011700	0.25589
9/9/2001 13:00	1.1945	0.0000	0.1930	0.25564	0.04067	0.36431	0.011700	0.26473
9/9/2001 14:00	1.2312	0.0000	0.1990	0.23178	0.04067	0.33480	0.011700	0.27964
9/9/2001 15:00	1.2827	0.0000	0.2095	0.23528	0.04067	0.34138	0.011700	0.29518
9/9/2001 16:00	1.3538	0.0000	0.2213	0.26699	0.04545	0.38690	0.011700	0.34915
9/9/2001 17:00	1.2594	0.0000	0.2153	0.33199	0.06698	0.47090	0.011700	0.42416
9/9/2001 18:00	1.0832	0.0000	0.1931	0.39765	0.12439	0.42779	0.041700	0.46051
9/9/2001 19:00	0.7447	0.0000	0.1367	0.41272	0.22725	0.35199	0.011700	0.47534
9/9/2001 20:00	0.5780	0.0000	0.1073	0.37702	0.33968	0.31611	0.011700	0.49168
9/9/2001 21:00	0.4556	0.0000	0.0855	0.32997	0.31576	0.30055	0.011700	0.48020
9/9/2001 22:00	0.3513	0.0000	0.0665	0.26181	0.23682	0.24157	0.011700	0.41555
9/9/2001 23:00	0.2794	0.0000	0.0529	0.18641	0.16505	0.15890	0.011700	0.36111
9/10/2001 00:00	0.2042	0.0000	0.0390	0.10484	0.08372	0.10055	0.011700	0.29869
9/10/2001 01:00	0.1555	0.0000	0.0299	0.06918	0.05023	0.08360	0.011700	0.27502
9/10/2001 02:00	0.1103	0.0000	0.0216	0.06007	0.03349	0.07003	0.011700	0.27183
9/10/2001 03:00	0.1011	0.0000	0.0195	0.06270	0.03349	0.06144	0.011700	0.26800
9/10/2001 04:00	0.0814	0.0000	0.0159	0.09073	0.03349	0.07269	0.011700	0.25788
9/10/2001 05:00	0.1009	0.0000	0.0194	0.21483	0.03588	0.08648	0.011700	0.28777
9/10/2001 06:00	0.1350	0.0000	0.0262	0.44654	0.06698	0.14521	0.011700	0.33249
9/10/2001 07:00	0.1381	0.0000	0.0265	0.50806	0.12678	0.23148	0.041700	0.35330
9/10/2001 08:00	0.1976	0.0000	0.0366	0.49130	0.10525	0.30375	0.011700	0.29869
9/10/2001 09:00	0.3572	0.0000	0.0636	0.43847	0.05263	0.37753	0.011700	0.25421
9/10/2001 10:00	0.5863	0.0000	0.1011	0.37681	0.04067	0.39871	0.011700	0.26019
9/10/2001 11:00	0.8454	0.0000	0.1427	0.32250	0.04067	0.41558	0.011700	0.26027
9/10/2001 12:00	0.8803	0.0000	0.1469	0.28096	0.04067	0.40112	0.011700	0.25589
9/10/2001 13:00	0.9369	0.0000	0.1581	0.25657	0.04067	0.36431	0.011700	0.26473
9/10/2001 14:00	1.0496	0.0000	0.1734	0.23261	0.04067	0.33480	0.011700	0.27964
9/10/2001 15:00	1.1108	0.0000	0.1854	0.23612	0.04067	0.34138	0.011700	0.29518
9/10/2001 16:00	1.1432	0.0000	0.1931	0.26795	0.04545	0.38690	0.011700	0.34915
9/10/2001 17:00	1.1182	0.0000	0.1930	0.33318	0.06698	0.47090	0.011700	0.42416
9/10/2001 18:00	0.9588	0.0000	0.1709	0.39907	0.12439	0.42779	0.041700	0.46051
9/10/2001 19:00	0.5681	0.0000	0.1110	0.41418	0.22725	0.35199	0.011700	0.47534
9/10/2001 20:00	0.4777	0.0000	0.0903	0.37836	0.33968	0.31611	0.011700	0.49168
9/10/2001 21:00	0.3963	0.0000	0.0750	0.33114	0.31576	0.30055	0.011700	0.48020
9/10/2001 22:00	0.3025	0.0000	0.0583	0.26271	0.23682	0.24157	0.011700	0.41555
9/10/2001 23:00	0.2257	0.0000	0.0439	0.18700	0.16505	0.15890	0.011700	0.36111
9/11/2001 00:00	0.1702	0.0000	0.0331	0.10511	0.08372	0.10055	0.011700	0.29869
9/11/2001 01:00	0.1299	0.0000	0.0254	0.06624	0.05023	0.07966	0.011700	0.27502
9/11/2001 02:00	0.0000	0.0000	0.0000	0.05784	0.03349	0.06742	0.011700	0.27183
9/11/2001 03:00	0.0000	0.0000	0.0000	0.06142	0.03349	0.06007	0.011700	0.26800
9/11/2001 04:00	0.0000	0.0000	0.0000	0.08716	0.03349	0.07002	0.011700	0.25788
9/11/2001 05:00	0.0000	0.0000	0.0000	0.20162	0.03588	0.08238	0.011700	0.28777
9/11/2001 06:00	0.1071	0.0000	0.0209	0.41335	0.06698	0.13459	0.011700	0.33249
9/11/2001 07:00	0.0840	0.0000	0.0162	0.46833	0.12678	0.21032	0.041700	0.35330
9/11/2001 08:00	0.1314	0.0000	0.0252	0.45039	0.10525	0.27132	0.011700	0.29869
9/11/2001 09:00	0.1327	0.0000	0.0255	0.40141	0.05263	0.33250	0.011700	0.25421
9/11/2001 10:00	0.1508	0.0000	0.0290	0.34537	0.04067	0.34779	0.011700	0.26019
9/11/2001 11:00	0.1354	0.0000	0.0260	0.29661	0.04067	0.36309	0.011700	0.26027
9/11/2001 12:00	0.2298	0.0000	0.0442	0.25860	0.04067	0.35331	0.011700	0.25589
9/11/2001 13:00	0.2861	0.0000	0.0542	0.23719	0.04067	0.32072	0.011700	0.26473
9/11/2001 14:00	0.3131	0.0000	0.0589	0.21502	0.04067	0.29567	0.011700	0.27964
9/11/2001 15:00	0.3584	0.0000	0.0663	0.21850	0.04067	0.30433	0.011700	0.29518
9/11/2001 16:00	0.3417	0.0000	0.0654	0.24596	0.04545	0.35098	0.011700	0.34915
9/11/2001 17:00	0.0457	0.0000	0.0086	0.30629	0.06698	0.43555	0.011700	0.42416
9/11/2001 18:00	0.0000	0.0000	0.0000	0.36342	0.12439	0.39348	0.041700	0.46051
9/11/2001 19:00	0.2995	0.0000	0.0574	0.37403	0.22725	0.31774	0.011700	0.47534
9/11/2001 20:00	0.3461	0.0000	0.0659	0.34014	0.33968	0.28125	0.011700	0.49168
9/11/2001 21:00	0.3161	0.0000	0.0605	0.29939	0.31576	0.26494	0.011700	0.48020
9/11/2001 22:00	0.2646	0.0000	0.0504	0.23758	0.23682	0.21327	0.011700	0.41555
9/11/2001 23:00	0.2014	0.0000	0.0387	0.17124	0.16505	0.14336	0.011700	0.36111
9/12/2001 00:00	0.1563	0.0000	0.0298	0.09936	0.08372	0.09397	0.011700	0.29869
9/12/2001 01:00	0.1205	0.0000	0.0232	0.06637	0.05023	0.07966	0.011700	0.27502
9/12/2001 02:00	0.1061	0.0000	0.0204	0.05793	0.03349	0.06742	0.011700	0.27183
9/12/2001 03:00	0.0988	0.0000	0.0190	0.06040	0.03349	0.06007	0.011700	0.26800
9/12/2001 04:00	0.1019	0.0000	0.0195	0.08605	0.03349	0.07002	0.011700	0.25788
9/12/2001 05:00	0.1155	0.0000	0.0222	0.20103	0.03588	0.08238	0.011700	0.28777
9/12/2001 06:00	0.1576	0.0000	0.0303	0.41477	0.06698	0.13459	0.011700	0.33249
9/12/2001 07:00	0.1764	0.0000	0.0337	0.47009	0.12678	0.21032	0.041700	0.35330
9/12/2001 08:00	0.3631	0.0000	0.0683	0.45211	0.10525	0.27132	0.011700	0.29869
9/12/2001 09:00	0.6043	0.0000	0.1076	0.40296	0.05263	0.33250	0.011700	0.25421
9/12/2001 10:00	0.7923	0.0000	0.1384	0.34670	0.04067	0.34779	0.011700	0.26019
9/12/2001 11:00	1.0202	0.0000	0.1748	0.29774	0.04067	0.36309	0.011700	0.26027
9/12/2001 12:00	1.0271	0.0000	0.1745	0.25957	0.04067	0.35331	0.011700	0.25589
9/12/2001 13:00	1.1392	0.0000	0.1893	0.23807	0.04067	0.32072	0.011700	0.26473
9/12/2001 14:00	1.1918	0.0000	0.1963	0.21579	0.04067	0.29567	0.011700	0.27964
9/12/2001 15:00	1.1952	0.0000	0.1971	0.21929	0.04067	0.30433	0.011700	0.29518
9/12/2001 16:00	1.1114	0.0000	0.1894	0.24686	0.04545	0.35098	0.011700	0.34915
9/12/2001 17:00	1.0656	0.0000	0.1836	0.30741	0.06698	0.43555	0.011700	0.42416
9/12/2001 18:00	0.9605	0.0000	0.1709	0.36475	0.12439	0.39348	0.041700	0.46051
9/12/2001 19:00	0.6938	0.0000	0.1260	0.37525	0.22725	0.31774	0.011700	0.47534
9/12/2001 20:00	0.5248	0.0000	0.0982	0.34135	0.33968	0.28125	0.011700	0.49168
9/12/2001 21:00	0.4129	0.0000	0.0779	0.30046	0.31576	0.26494	0.011700	0.48020
9/12/2001 22:00	0.2987	0.0000	0.0574	0.23840	0.23682	0.21327	0.011700	0.41555
9/12/2001 23:00	0.2210	0.0000	0.0425	0.17178	0.16505	0.14336	0.011700	0.36111
9/13/2001 00:00	0.1477	0.0000	0.0287	0.09962	0.08372	0.09397	0.011700	0.29869
9/13/2001 01:00	0.1081	0.0000	0.0210	0.06650	0.05023	0.07966	0.011700	0.27502
9/13/2001 02:00	0.0000	0.0000	0.0000	0.05803	0.03349	0.06742	0.011700	0.27183
9/13/2001 03:00	0.0000	0.0000	0.0000	0.06093	0.03349	0.06007	0.011700	0.26800
9/13/2001 04:00	0.0000	0.0000	0.0000	0.08715	0.03349	0.07002	0.011700	0.25788
9/13/2001 05:00	0.0000	0.0000	0.0000	0.20262	0.03588	0.08238	0.011700	0.28777
9/13/2001 06:00	0.0000	0.0000	0.0000	0.41821	0.06698	0.13459	0.011700	0.33249
9/13/2001 07:00	0.0000	0.0000	0.0000	0.47342	0.12678	0.21032	0.041700	0.35330
9/13/2001 08:00	0.1433	0.0000	0.0271	0.45430	0.10525	0.27132	0.011700	0.29869
9/13/2001 09:00	0.3963	0.0000	0.0709	0.40456	0.05263	0.33250	0.011700	0.25421
9/13/2001 10:00	0.7009	0.0000	0.1203	0.34806	0.04067	0.34779	0.011700	0.26019
9/13/2001 11:00	1.0645	0.0000	0.1770	0.29888	0.04067	0.36309	0.011700	0.26027
9/13/2001 12:00	1.1440	0.0000	0.1863	0.26056	0.04067	0.35331	0.011700	0.25589
9/13/2001 13:00	1.2600	0.0000	0.2032	0.23895	0.04067	0.32072	0.011700	0.26473
9/13/2001 14:00	1.3251	0.0000	0.2138	0.21658	0.04067	0.29567	0.011700	0.27964
9/13/2001 15:00	1.3680	0.0000	0.2183	0.22008	0.04067	0.30433	0.011700	0.29518
9/13/2001 16:00	1.2046	0.0000	0.1989	0.24776	0.04545	0.35098	0.011700	0.34915
9/13/2001 17:00	1.0835	0.0000	0.1829	0.30854	0.06698	0.43555	0.011700	0.42416
9/13/2001 18:00	0.9837	0.0000	0.1697	0.36609	0.12439	0.39348	0.041700	0.46051
9/13/2001 19:00	0.7373	0.0000	0.1299	0.37662	0.22725	0.31774	0.011700	0.47534
9/13/2001 20:00	0.5084	0.0000	0.0968	0.34260	0.33968	0.28125	0.011700	0.49168
9/13/2001 21:00	0.2168	0.0000	0.0413	0.30156	0.31576	0.26494	0.011700	0.48020
9/13/2001 22:00	0.2118	0.0000	0.0404	0.23923	0.23682	0.21327	0.011700	0.41555
9/13/2001 23:00	0.2401	0.0000	0.0459	0.17233	0.16505	0.14336	0.011700	0.36111
9/14/2001 00:00	0.0000	0.0000	0.0000	0.09988	0.08372	0.09397	0.011700	0.29869
9/14/2001 01:00	0.0000	0.0000	0.0000	0.06714	0.05023	0.07966	0.011700	0.27502
9/14/2001 02:00	0.0735	0.0000	0.0141	0.05867	0.03349	0.06742	0.011700	0.27183
9/14/2001 03:00	0.1042	0.0000	0.0199	0.06063	0.03349	0.06007	0.011700	0.26800
9/14/2001 04:00	0.0865	0.0000	0.0166	0.08648	0.03349	0.07002	0.011700	0.25788
9/14/2001 05:00	0.0774	0.0000	0.0151	0.20239	0.03588	0.08238	0.011700	0.28777
9/14/2001 06:00	0.1012	0.0000	0.0199	0.41788	0.06698	0.13459	0.011700	0.33249
9/14/2001 07:00	0.0566	0.0000	0.0110	0.47371	0.12678	0.21032	0.041700	0.35330
9/14/2001 08:00	0.1488	0.0000	0.0288	0.45564	0.10525	0.27132	0.011700	0.29869
9/14/2001 09:00	0.2342	0.0000	0.0447	0.40613	0.05263	0.33250	0.011700	0.25421
9/14/2001 10:00	0.4783	0.0000	0.0891	0.34942	0.04067	0.34779	0.011700	0.26019
9/14/2001 11:00	0.5507	0.0000	0.1018	0.30005	0.04067	0.36309	0.011700	0.26027
9/14/2001 12:00	0.6474	0.0000	0.1186	0.26155	0.04067	0.35331	0.011700	0.25589
9/14/2001 13:00	0.7606	0.0000	0.1370	0.23984	0.04067	0.32072	0.011700	0.26473
9/14/2001 14:00	0.9247	0.0000	0.1619	0.21738	0.04067	0.29567	0.011700	0.27964
9/14/2001 15:00	1.0113	0.0000	0.1772	0.22089	0.04067	0.30433	0.011700	0.29518
9/14/2001 16:00	0.9916	0.0000	0.1758	0.24869	0.04545	0.35098	0.011700	0.34915
9/14/2001 17:00	0.9363	0.0000	0.1676	0.30970	0.06698	0.43555	0.011700	0.42416
9/14/2001 18:00	0.8408	0.0000	0.1552	0.36746	0.12439	0.39348	0.041700	0.46051
9/14/2001 19:00	0.6108	0.0000	0.1150	0.37802	0.22725	0.31774	0.011700	0.47534
9/14/2001 20:00	0.4482	0.0000	0.0853	0.34386	0.33968	0.28125	0.011700	0.49168
9/14/2001 21:00	0.3464	0.0000	0.0665	0.30267	0.31576	0.26494	0.011700	0.48020
9/14/2001 22:00	0.2440	0.0000	0.0477	0.24008	0.23682	0.21327	0.011700	0.41555
9/14/2001 23:00	0.1629	0.0000	0.0321	0.17290	0.16505	0.14336	0.011700	0.36111
9/15/2001 00:00	0.1064	0.0000	0.0210	0.10014	0.08372	0.09397	0.011700	0.29869
9/15/2001 01:00	0.0729	0.0000	0.0144	0.06677	0.05023	0.07966	0.011700	0.27502
9/15/2001 02:00	0.0000	0.0000	0.0000	0.05822	0.03349	0.06742	0.011700	0.27183
9/15/2001 03:00	0.0000	0.0000	0.0000	0.06316	0.03349	0.06007	0.011700	0.26800
9/15/2001 04:00	0.0000	0.0000	0.0000	0.08936	0.03349	0.07002	0.011700	0.25788
9/15/2001 05:00	0.0000	0.0000	0.0000	0.20461	0.03588	0.08238	0.011700	0.28777
9/15/2001 06:00	0.0000	0.0000	0.0000	0.42025	0.06698	0.13459	0.011700	0.33249
9/15/2001 07:00	0.0000	0.0000	0.0000	0.47701	0.12678	0.21032	0.041700	0.35330
9/15/2001 08:00	0.0000	0.0000	0.0000	0.45980	0.10525	0.27132	0.011700	0.29869
9/15/2001 09:00	0.2115	0.0000	0.0392	0.40865	0.05263	0.33250	0.011700	0.25421
9/15/2001 10:00	0.5054	0.0000	0.0887	0.35089	0.04067	0.34779	0.011700	0.26019
9/15/2001 11:00	0.8357	0.0000	0.1436	0.30124	0.04067	0.36309	0.011700	0.26027
9/15/2001 12:00	0.8964	0.0000	0.1540	0.26258	0.04067	0.35331	0.011700	0.25589
9/15/2001 13:00	0.9799	0.0000	0.1684	0.24076	0.04067	0.32072	0.011700	0.26473
9/15/2001 14:00	1.0652	0.0000	0.1815	0.21819	0.04067	0.29567	0.011700	0.27964
9/15/2001 15:00	1.0847	0.0000	0.1867	0.22171	0.04067	0.30433	0.011700	0.29518
9/15/2001 16:00	1.0226	0.0000	0.1798	0.24962	0.04545	0.35098	0.011700	0.34915
9/15/2001 17:00	0.9418	0.0000	0.1658	0.31088	0.06698	0.43555	0.011700	0.42416
9/15/2001 18:00	0.8286	0.0000	0.1506	0.36885	0.12439	0.39348	0.041700	0.46051
9/15/2001 19:00	0.5751	0.0000	0.1077	0.37943	0.22725	0.31774	0.011700	0.47534
9/15/2001 20:00	0.3324	0.0000	0.0634	0.34515	0.33968	0.28125	0.011700	0.49168
9/15/2001 21:00	0.2289	0.0000	0.0437	0.30380	0.31576	0.26494	0.011700	0.48020
9/15/2001 22:00	0.0922	0.0000	0.0177	0.24095	0.23682	0.21327	0.011700	0.41555
9/15/2001 23:00	0.1116	0.0000	0.0211	0.17347	0.16505	0.14336	0.011700	0.36111
9/16/2001 00:00	0.0140	0.0000	0.0027	0.10042	0.08372	0.09397	0.011700	0.29869
9/16/2001 01:00	0.1327	0.0000	0.0252	0.07007	0.05023	0.08360	0.011700	0.27502
9/16/2001 02:00	0.1325	0.0000	0.0251	0.06071	0.03349	0.07003	0.011700	0.27183
9/16/2001 03:00	0.1155	0.0000	0.0220	0.06340	0.03349	0.06144	0.011700	0.26800
9/16/2001 04:00	0.1090	0.0000	0.0208	0.09217	0.03349	0.07269	0.011700	0.25788
9/16/2001 05:00	0.1201	0.0000	0.0231	0.21930	0.03588	0.08648	0.011700	0.28777
9/16/2001 06:00	0.1641	0.0000	0.0315	0.45675	0.06698	0.14521	0.011700	0.33249
9/16/2001 07:00	0.1524	0.0000	0.0291	0.52006	0.12678	0.23148	0.041700	0.35330
9/16/2001 08:00	0.2436	0.0000	0.0446	0.50308	0.10525	0.30375	0.011700	0.29869
9/16/2001 09:00	0.5090	0.0000	0.0906	0.44910	0.05263	0.37753	0.011700	0.25421
9/16/2001 10:00	0.7100	0.0000	0.1228	0.38596	0.04067	0.39871	0.011700	0.26019
9/16/2001 11:00	0.9227	0.0000	0.1597	0.33025	0.04067	0.41558	0.011700	0.26027
9/16/2001 12:00	1.0096	0.0000	0.1714	0.28763	0.04067	0.40112	0.011700	0.25589
9/16/2001 13:00	1.0702	0.0000	0.1818	0.26252	0.04067	0.36431	0.011700	0.26473
9/16/2001 14:00	1.1098	0.0000	0.1866	0.23793	0.04067	0.33480	0.011700	0.27964
9/16/2001 15:00	1.1222	0.0000	0.1910	0.24148	0.04067	0.34138	0.011700	0.29518
9/16/2001 16:00	1.1546	0.0000	0.1986	0.27410	0.04545	0.38690	0.011700	0.34915
9/16/2001 17:00	1.1068	0.0000	0.1944	0.34085	0.06698	0.47090	0.011700	0.42416
9/16/2001 18:00	0.9915	0.0000	0.1778	0.40818	0.12439	0.42779	0.041700	0.46051
9/16/2001 19:00	0.6630	0.0000	0.1238	0.42356	0.22725	0.35199	0.011700	0.47534
9/16/2001 20:00	0.5231	0.0000	0.0977	0.38695	0.33968	0.31611	0.011700	0.49168
9/16/2001 21:00	0.4103	0.0000	0.0774	0.33866	0.31576	0.30055	0.011700	0.48020
9/16/2001 22:00	0.3208	0.0000	0.0605	0.26847	0.23682	0.24157	0.011700	0.41555
9/16/2001 23:00	0.2292	0.0000	0.0440	0.19078	0.16505	0.15890	0.011700	0.36111
9/17/2001 00:00	0.1640	0.0000	0.0315	0.10687	0.08372	0.10055	0.011700	0.29869
9/17/2001 01:00	0.1269	0.0000	0.0244	0.07023	0.05023	0.08360	0.011700	0.27502
9/17/2001 02:00	0.1055	0.0000	0.0203	0.06082	0.03349	0.07003	0.011700	0.27183
9/17/2001 03:00	0.0930	0.0000	0.0178	0.06352	0.03349	0.06144	0.011700	0.26800
9/17/2001 04:00	0.0705	0.0000	0.0137	0.09242	0.03349	0.07269	0.011700	0.25788
9/17/2001 05:00	0.0835	0.0000	0.0162	0.22009	0.03588	0.08648	0.011700	0.28777
9/17/2001 06:00	0.1054	0.0000	0.0207	0.45855	0.06698	0.14521	0.011700	0.33249
9/17/2001 07:00	0.0956	0.0000	0.0186	0.52218	0.12678	0.23148	0.041700	0.35330
9/17/2001 08:00	0.2401	0.0000	0.0448	0.50516	0.10525	0.30375	0.011700	0.29869
9/17/2001 09:00	0.4383	0.0000	0.0786	0.45098	0.05263	0.37753	0.011700	0.25421
9/17/2001 10:00	0.6698	0.0000	0.1166	0.38757	0.04067	0.39871	0.011700	0.26019
9/17/2001 11:00	0.9420	0.0000	0.1606	0.33161	0.04067	0.41558	0.011700	0.26027
9/17/2001 12:00	1.0384	0.0000	0.1714	0.28881	0.04067	0.40112	0.011700	0.25589
9/17/2001 13:00	1.1653	0.0000	0.1901	0.26357	0.04067	0.36431	0.011700	0.26473
9/17/2001 14:00	1.2242	0.0000	0.1979	0.23886	0.04067	0.33480	0.011700	0.27964
9/17/2001 15:00	1.2509	0.0000	0.2067	0.24242	0.04067	0.34138	0.011700	0.29518
9/17/2001 16:00	1.2585	0.0000	0.2101	0.27518	0.04545	0.38690	0.011700	0.34915
9/17/2001 17:00	1.1733	0.0000	0.2025	0.34220	0.06698	0.47090	0.011700	0.42416
9/17/2001 18:00	1.0182	0.0000	0.1815	0.40979	0.12439	0.42779	0.041700	0.46051
9/17/2001 19:00	0.6886	0.0000	0.1277	0.42521	0.22725	0.35199	0.011700	0.47534
9/17/2001 20:00	0.5269	0.0000	0.0977	0.38846	0.33968	0.31611	0.011700	0.49168
9/17/2001 21:00	0.4063	0.0000	0.0768	0.33999	0.31576	0.30055	0.011700	0.48020
9/17/2001 22:00	0.3181	0.0000	0.0602	0.26948	0.23682	0.24157	0.011700	0.41555
9/17/2001 23:00	0.2350	0.0000	0.0449	0.19145	0.16505	0.15890	0.011700	0.36111
9/18/2001 00:00	0.1736	0.0000	0.0331	0.10718	0.08372	0.10055	0.011700	0.29869
9/18/2001 01:00	0.1273	0.0000	0.0245	0.06720	0.05023	0.07966	0.011700	0.27502
9/18/2001 02:00	0.0000	0.0000	0.0000	0.05852	0.03349	0.06742	0.011700	0.27183
9/18/2001 03:00	0.0000	0.0000	0.0000	0.06131	0.03349	0.06007	0.011700	0.26800
9/18/2001 04:00	0.0000	0.0000	0.0000	0.08792	0.03349	0.07002	0.011700	0.25788
9/18/2001 05:00	0.0000	0.0000	0.0000	0.20590	0.03588	0.08238	0.011700	0.28777
9/18/2001 06:00	0.0000	0.0000	0.0000	0.42520	0.06698	0.13459	0.011700	0.33249
9/18/2001 07:00	0.0000	0.0000	0.0000	0.48244	0.12678	0.21032	0.041700	0.35330
9/18/2001 08:00	0.2203	0.0000	0.0409	0.46373	0.10525	0.27132	0.011700	0.29869
9/18/2001 09:00	0.5129	0.0000	0.0925	0.41286	0.05263	0.33250	0.011700	0.25421
9/18/2001 10:00	0.7559	0.0000	0.1347	0.35517	0.04067	0.34779	0.011700	0.26019
9/18/2001 11:00	0.9497	0.0000	0.1661	0.30491	0.04067	0.36309	0.011700	0.26027
9/18/2001 12:00	1.0369	0.0000	0.1780	0.26573	0.04067	0.35331	0.011700	0.25589
9/18/2001 13:00	1.1121	0.0000	0.1911	0.24359	0.04067	0.32072	0.011700	0.26473
9/18/2001 14:00	1.1389	0.0000	0.1960	0.22071	0.04067	0.29567	0.011700	0.27964
9/18/2001 15:00	1.1045	0.0000	0.1942	0.22426	0.04067	0.30433	0.011700	0.29518
9/18/2001 16:00	1.0613	0.0000	0.1906	0.25253	0.04545	0.35098	0.011700	0.34915
9/18/2001 17:00	0.9785	0.0000	0.1794	0.31453	0.06698	0.43555	0.011700	0.42416
9/18/2001 18:00	0.9930	0.0000	0.1737	0.37315	0.12439	0.39348	0.041700	0.46051
9/18/2001 19:00	0.7019	0.0000	0.1254	0.38382	0.22725	0.31774	0.011700	0.47534
9/18/2001 20:00	0.5545	0.0000	0.1010	0.34915	0.33968	0.28125	0.011700	0.49168
9/18/2001 21:00	0.4543	0.0000	0.0835	0.30732	0.31576	0.26494	0.011700	0.48020
9/18/2001 22:00	0.3537	0.0000	0.0657	0.24363	0.23682	0.21327	0.011700	0.41555
9/18/2001 23:00	0.2739	0.0000	0.0514	0.17525	0.16505	0.14336	0.011700	0.36111
9/19/2001 00:00	0.2026	0.0000	0.0383	0.10126	0.08372	0.09397	0.011700	0.29869
9/19/2001 01:00	0.1554	0.0000	0.0297	0.06735	0.05023	0.07966	0.011700	0.27502
9/19/2001 02:00	0.1223	0.0000	0.0235	0.05862	0.03349	0.06742	0.011700	0.27183
9/19/2001 03:00	0.0961	0.0000	0.0186	0.06117	0.03349	0.06007	0.011700	0.26800
9/19/2001 04:00	0.0766	0.0000	0.0150	0.08762	0.03349	0.07002	0.011700	0.25788
9/19/2001 05:00	0.0815	0.0000	0.0159	0.20600	0.03588	0.08238	0.011700	0.28777
9/19/2001 06:00	0.1113	0.0000	0.0217	0.42612	0.06698	0.13459	0.011700	0.33249
9/19/2001 07:00	0.1060	0.0000	0.0205	0.48333	0.12678	0.21032	0.041700	0.35330
9/19/2001 08:00	0.2206	0.0000	0.0416	0.46500	0.10525	0.27132	0.011700	0.29869
9/19/2001 09:00	0.4906	0.0000	0.0880	0.41454	0.05263	0.33250	0.011700	0.25421
9/19/2001 10:00	0.7173	0.0000	0.1261	0.35664	0.04067	0.34779	0.011700	0.26019
9/19/2001 11:00	0.9894	0.0000	0.1704	0.30617	0.04067	0.36309	0.011700	0.26027
9/19/2001 12:00	1.0372	0.0000	0.1771	0.26681	0.04067	0.35331	0.011700	0.25589
9/19/2001 13:00	1.1874	0.0000	0.1962	0.24456	0.04067	0.32072	0.011700	0.26473
9/19/2001 14:00	1.3034	0.0000	0.2109	0.22157	0.04067	0.29567	0.011700	0.27964
9/19/2001 15:00	1.3866	0.0000	0.2218	0.22513	0.04067	0.30433	0.011700	0.29518
9/19/2001 16:00	1.4206	0.0000	0.2301	0.25353	0.04545	0.35098	0.011700	0.34915
9/19/2001 17:00	1.3553	0.0000	0.2245	0.31578	0.06698	0.43555	0.011700	0.42416
9/19/2001 18:00	1.2257	0.0000	0.2099	0.37463	0.12439	0.39348	0.041700	0.46051
9/19/2001 19:00	0.7798	0.0000	0.1405	0.38533	0.22725	0.31774	0.011700	0.47534
9/19/2001 20:00	0.5913	0.0000	0.1087	0.35053	0.33968	0.28125	0.011700	0.49168
9/19/2001 21:00	0.4815	0.0000	0.0885	0.30853	0.31576	0.26494	0.011700	0.48020
9/19/2001 22:00	0.3932	0.0000	0.0723	0.24456	0.23682	0.21327	0.011700	0.41555
9/19/2001 23:00	0.3108	0.0000	0.0577	0.17586	0.16505	0.14336	0.011700	0.36111
9/20/2001 00:00	0.2372	0.0000	0.0445	0.10155	0.08372	0.09397	0.011700	0.29869
9/20/2001 01:00	0.1878	0.0000	0.0355	0.06750	0.05023	0.07966	0.011700	0.27502
9/20/2001 02:00	0.1621	0.0000	0.0306	0.05873	0.03349	0.06742	0.011700	0.27183
9/20/2001 03:00	0.1367	0.0000	0.0260	0.06129	0.03349	0.06007	0.011700	0.26800
9/20/2001 04:00	0.1270	0.0000	0.0242	0.08786	0.03349	0.07002	0.011700	0.25788
9/20/2001 05:00	0.1292	0.0000	0.0248	0.20675	0.03588	0.08238	0.011700	0.28777
9/20/2001 06:00	0.1633	0.0000	0.0313	0.42784	0.06698	0.13459	0.011700	0.33249
9/20/2001 07:00	0.1900	0.0000	0.0361	0.48535	0.12678	0.21032	0.041700	0.35330
9/20/2001 08:00	0.3610	0.0000	0.0673	0.46696	0.10525	0.27132	0.011700	0.29869
9/20/2001 09:00	0.3964	0.0000	0.0718	0.41630	0.05263	0.33250	0.011700	0.25421
9/20/2001 10:00	0.6389	0.0000	0.1099	0.35815	0.04067	0.34779	0.011700	0.26019
9/20/2001 11:00	0.8522	0.0000	0.1453	0.30744	0.04067	0.36309	0.011700	0.26027
9/20/2001 12:00	0.8352	0.0000	0.1424	0.26791	0.04067	0.35331	0.011700	0.25589
9/20/2001 13:00	0.8213	0.0000	0.1413	0.24554	0.04067	0.32072	0.011700	0.26473
9/20/2001 14:00	0.8939	0.0000	0.1538	0.22245	0.04067	0.29567	0.011700	0.27964
9/20/2001 15:00	0.9225	0.0000	0.1573	0.22603	0.04067	0.30433	0.011700	0.29518
9/20/2001 16:00	1.0030	0.0000	0.1747	0.25455	0.04545	0.35098	0.011700	0.34915
9/20/2001 17:00	0.9718	0.0000	0.1728	0.31706	0.06698	0.43555	0.011700	0.42416
9/20/2001 18:00	0.8741	0.0000	0.1586	0.37614	0.12439	0.39348	0.041700	0.46051
9/20/2001 19:00	0.6148	0.0000	0.1138	0.38686	0.22725	0.31774	0.011700	0.47534
9/20/2001 20:00	0.4857	0.0000	0.0909	0.35192	0.33968	0.28125	0.011700	0.49168
9/20/2001 21:00	0.3330	0.0000	0.0629	0.30975	0.31576	0.26494	0.011700	0.48020
9/20/2001 22:00	0.1142	0.0000	0.0220	0.24549	0.23682	0.21327	0.011700	0.41555
9/20/2001 23:00	0.0000	0.0000	0.0000	0.17647	0.16505	0.14336	0.011700	0.36111
9/21/2001 00:00	0.0000	0.0000	0.0000	0.10189	0.08372	0.09397	0.011700	0.29869
9/21/2001 01:00	0.0000	0.0000	0.0000	0.06794	0.05023	0.07966	0.011700	0.27502
9/21/2001 02:00	0.0000	0.0000	0.0000	0.06035	0.03349	0.06742	0.011700	0.27183
9/21/2001 03:00	0.0349	0.0000	0.0069	0.06184	0.03349	0.06007	0.011700	0.26800
9/21/2001 04:00	0.0202	0.0000	0.0040	0.08811	0.03349	0.07002	0.011700	0.25788
9/21/2001 05:00	0.0373	0.0000	0.0073	0.20752	0.03588	0.08238	0.011700	0.28777
9/21/2001 06:00	0.0869	0.0000	0.0169	0.42959	0.06698	0.13459	0.011700	0.33249
9/21/2001 07:00	0.0462	0.0000	0.0090	0.48738	0.12678	0.21032	0.041700	0.35330
9/21/2001 08:00	0.1828	0.0000	0.0347	0.46895	0.10525	0.27132	0.011700	0.29869
9/21/2001 09:00	0.3297	0.0000	0.0599	0.41808	0.05263	0.33250	0.011700	0.25421
9/21/2001 10:00	0.6128	0.0000	0.1083	0.35969	0.04067	0.34779	0.011700	0.26019
9/21/2001 11:00	1.0096	0.0000	0.1714	0.30874	0.04067	0.36309	0.011700	0.26027
9/21/2001 12:00	1.1405	0.0000	0.1894	0.26903	0.04067	0.35331	0.011700	0.25589
9/21/2001 13:00	1.2010	0.0000	0.1996	0.24655	0.04067	0.32072	0.011700	0.26473
9/21/2001 14:00	1.1796	0.0000	0.1943	0.22335	0.04067	0.29567	0.011700	0.27964
9/21/2001 15:00	1.1177	0.0000	0.1881	0.22693	0.04067	0.30433	0.011700	0.29518
9/21/2001 16:00	1.0859	0.0000	0.1851	0.25558	0.04545	0.35098	0.011700	0.34915
9/21/2001 17:00	0.9763	0.0000	0.1681	0.31835	0.06698	0.43555	0.011700	0.42416
9/21/2001 18:00	0.9006	0.0000	0.1583	0.37766	0.12439	0.39348	0.041700	0.46051
9/21/2001 19:00	0.6763	0.0000	0.1203	0.38842	0.22725	0.31774	0.011700	0.47534
9/21/2001 20:00	0.5833	0.0000	0.1046	0.35334	0.33968	0.28125	0.011700	0.49168
9/21/2001 21:00	0.5167	0.0000	0.0927	0.31100	0.31576	0.26494	0.011700	0.48020
9/21/2001 22:00	0.4388	0.0000	0.0787	0.24644	0.23682	0.21327	0.011700	0.41555
9/21/2001 23:00	0.3446	0.0000	0.0630	0.17711	0.16505	0.14336	0.011700	0.36111
9/22/2001 00:00	0.2636	0.0000	0.0487	0.10215	0.08372	0.09397	0.011700	0.29869
9/22/2001 01:00	0.2290	0.0000	0.0419	0.06780	0.05023	0.07966	0.011700	0.27502
9/22/2001 02:00	0.1980	0.0000	0.0366	0.05894	0.03349	0.06742	0.011700	0.27183
9/22/2001 03:00	0.1955	0.0000	0.0357	0.06153	0.03349	0.06007	0.011700	0.26800
9/22/2001 04:00	0.2009	0.0000	0.0367	0.08835	0.03349	0.07002	0.011700	0.25788
9/22/2001 05:00	0.2266	0.0000	0.0414	0.20830	0.03588	0.08238	0.011700	0.28777
9/22/2001 06:00	0.2762	0.0000	0.0504	0.43136	0.06698	0.13459	0.011700	0.33249
9/22/2001 07:00	0.3207	0.0000	0.0591	0.48946	0.12678	0.21032	0.041700	0.35330
9/22/2001 08:00	0.4523	0.0000	0.0810	0.47096	0.10525	0.27132	0.011700	0.29869
9/22/2001 09:00	0.6952	0.0000	0.1185	0.41989	0.05263	0.33250	0.011700	0.25421
9/22/2001 10:00	0.8928	0.0000	0.1504	0.36124	0.04067	0.34779	0.011700	0.26019
9/22/2001 11:00	1.1568	0.0000	0.1908	0.31006	0.04067	0.36309	0.011700	0.26027
9/22/2001 12:00	1.0565	0.0000	0.1801	0.27016	0.04067	0.35331	0.011700	0.25589
9/22/2001 13:00	1.1042	0.0000	0.1861	0.24756	0.04067	0.32072	0.011700	0.26473
9/22/2001 14:00	1.0005	0.0000	0.1723	0.22425	0.04067	0.29567	0.011700	0.27964
9/22/2001 15:00	1.0059	0.0000	0.1733	0.22784	0.04067	0.30433	0.011700	0.29518
9/22/2001 16:00	0.9118	0.0000	0.1622	0.25662	0.04545	0.35098	0.011700	0.34915
9/22/2001 17:00	0.8702	0.0000	0.1562	0.31965	0.06698	0.43555	0.011700	0.42416
9/22/2001 18:00	0.8618	0.0000	0.1548	0.37920	0.12439	0.39348	0.041700	0.46051
9/22/2001 19:00	0.6608	0.0000	0.1201	0.38999	0.22725	0.31774	0.011700	0.47534
9/22/2001 20:00	0.5509	0.0000	0.1010	0.35477	0.33968	0.28125	0.011700	0.49168
9/22/2001 21:00	0.4774	0.0000	0.0875	0.31226	0.31576	0.26494	0.011700	0.48020
9/22/2001 22:00	0.4064	0.0000	0.0745	0.24740	0.23682	0.21327	0.011700	0.41555
9/22/2001 23:00	0.3339	0.0000	0.0619	0.17774	0.16505	0.14336	0.011700	0.36111
9/23/2001 00:00	0.2777	0.0000	0.0514	0.10245	0.08372	0.09397	0.011700	0.29869
9/23/2001 01:00	0.2229	0.0000	0.0417	0.07123	0.05023	0.08360	0.011700	0.27502
9/23/2001 02:00	0.1723	0.0000	0.0328	0.06152	0.03349	0.07003	0.011700	0.27183
9/23/2001 03:00	0.1301	0.0000	0.0252	0.06430	0.03349	0.06144	0.011700	0.26800
9/23/2001 04:00	0.1164	0.0000	0.0223	0.09402	0.03349	0.07269	0.011700	0.25788
9/23/2001 05:00	0.1237	0.0000	0.0237	0.22509	0.03588	0.08648	0.011700	0.28777
9/23/2001 06:00	0.1556	0.0000	0.0298	0.46996	0.06698	0.14521	0.011700	0.33249
9/23/2001 07:00	0.1641	0.0000	0.0314	0.53558	0.12678	0.23148	0.041700	0.35330
9/23/2001 08:00	0.2467	0.0000	0.0456	0.51833	0.10525	0.30375	0.011700	0.29869
9/23/2001 09:00	0.4185	0.0000	0.0750	0.46286	0.05263	0.37753	0.011700	0.25421
9/23/2001 10:00	0.5280	0.0000	0.0946	0.39778	0.04067	0.39871	0.011700	0.26019
9/23/2001 11:00	0.8122	0.0000	0.1414	0.34026	0.04067	0.41558	0.011700	0.26027
9/23/2001 12:00	0.9602	0.0000	0.1601	0.29625	0.04067	0.40112	0.011700	0.25589
9/23/2001 13:00	1.0423	0.0000	0.1758	0.27022	0.04067	0.36431	0.011700	0.26473
9/23/2001 14:00	1.1348	0.0000	0.1937	0.24479	0.04067	0.33480	0.011700	0.27964
9/23/2001 15:00	1.1074	0.0000	0.1949	0.24840	0.04067	0.34138	0.011700	0.29518
9/23/2001 16:00	1.0819	0.0000	0.1906	0.28205	0.04545	0.38690	0.011700	0.34915
9/23/2001 17:00	0.9547	0.0000	0.1702	0.35075	0.06698	0.47090	0.011700	0.42416
9/23/2001 18:00	0.8563	0.0000	0.1542	0.41996	0.12439	0.42779	0.041700	0.46051
9/23/2001 19:00	0.5995	0.0000	0.1114	0.43568	0.22725	0.35199	0.011700	0.47534
9/23/2001 20:00	0.4952	0.0000	0.0920	0.39805	0.33968	0.31611	0.011700	0.49168
9/23/2001 21:00	0.4121	0.0000	0.0774	0.34838	0.31576	0.30055	0.011700	0.48020
9/23/2001 22:00	0.3321	0.0000	0.0629	0.27591	0.23682	0.24157	0.011700	0.41555
9/23/2001 23:00	0.2494	0.0000	0.0481	0.19567	0.16505	0.15890	0.011700	0.36111
9/24/2001 00:00	0.1776	0.0000	0.0346	0.10913	0.08372	0.10055	0.011700	0.29869
9/24/2001 01:00	0.1341	0.0000	0.0263	0.07140	0.05023	0.08360	0.011700	0.27502
9/24/2001 02:00	0.1004	0.0000	0.0198	0.06164	0.03349	0.07003	0.011700	0.27183
9/24/2001 03:00	0.0834	0.0000	0.0164	0.06444	0.03349	0.06144	0.011700	0.26800
9/24/2001 04:00	0.0753	0.0000	0.0148	0.09430	0.03349	0.07269	0.011700	0.25788
9/24/2001 05:00	0.0815	0.0000	0.0160	0.22596	0.03588	0.08648	0.011700	0.28777
9/24/2001 06:00	0.1126	0.0000	0.0223	0.47195	0.06698	0.14521	0.011700	0.33249
9/24/2001 07:00	0.0715	0.0000	0.0142	0.53792	0.12678	0.23148	0.041700	0.35330
9/24/2001 08:00	0.1277	0.0000	0.0251	0.52062	0.10525	0.30375	0.011700	0.29869
9/24/2001 09:00	0.1532	0.0000	0.0301	0.46493	0.05263	0.37753	0.011700	0.25421
9/24/2001 10:00	0.2036	0.0000	0.0393	0.39956	0.04067	0.39871	0.011700	0.26019
9/24/2001 11:00	0.3109	0.0000	0.0590	0.34176	0.04067	0.41558	0.011700	0.26027
9/24/2001 12:00	0.5541	0.0000	0.1013	0.29754	0.04067	0.40112	0.011700	0.25589
9/24/2001 13:00	0.7642	0.0000	0.1359	0.27138	0.04067	0.36431	0.011700	0.26473
9/24/2001 14:00	0.9701	0.0000	0.1656	0.24583	0.04067	0.33480	0.011700	0.27964
9/24/2001 15:00	1.0146	0.0000	0.1749	0.24945	0.04067	0.34138	0.011700	0.29518
9/24/2001 16:00	1.0199	0.0000	0.1815	0.28325	0.04545	0.38690	0.011700	0.34915
9/24/2001 17:00	0.9645	0.0000	0.1734	0.35225	0.06698	0.47090	0.011700	0.42416
9/24/2001 18:00	0.8497	0.0000	0.1559	0.42174	0.12439	0.42779	0.041700	0.46051
9/24/2001 19:00	0.5942	0.0000	0.1113	0.43751	0.22725	0.35199	0.011700	0.47534
9/24/2001 20:00	0.4681	0.0000	0.0885	0.39973	0.33968	0.31611	0.011700	0.49168
9/24/2001 21:00	0.3738	0.0000	0.0714	0.34984	0.31576	0.30055	0.011700	0.48020
9/24/2001 22:00	0.2906	0.0000	0.0560	0.27703	0.23682	0.24157	0.011700	0.41555
9/24/2001 23:00	0.2279	0.0000	0.0439	0.19640	0.16505	0.15890	0.011700	0.36111
9/25/2001 00:00	0.1669	0.0000	0.0324	0.10948	0.08372	0.10055	0.011700	0.29869
9/25/2001 01:00	0.1283	0.0000	0.0249	0.06827	0.05023	0.07966	0.011700	0.27502
9/25/2001 02:00	0.0000	0.0000	0.0000	0.05927	0.03349	0.06742	0.011700	0.27183
9/25/2001 03:00	0.0000	0.0000	0.0000	0.06359	0.03349	0.06007	0.011700	0.26800
9/25/2001 04:00	0.0000	0.0000	0.0000	0.09117	0.03349	0.07002	0.011700	0.25788
9/25/2001 05:00	0.0000	0.0000	0.0000	0.21223	0.03588	0.08238	0.011700	0.28777
9/25/2001 06:00	0.0071	0.0000	0.0014	0.43730	0.06698	0.13459	0.011700	0.33249
9/25/2001 07:00	0.0000	0.0000	0.0000	0.49582	0.12678	0.21032	0.041700	0.35330
9/25/2001 08:00	0.0000	0.0000	0.0000	0.47729	0.10525	0.27132	0.011700	0.29869
9/25/2001 09:00	0.1954	0.0000	0.0368	0.42636	0.05263	0.33250	0.011700	0.25421
9/25/2001 10:00	0.5588	0.0000	0.1008	0.36608	0.04067	0.34779	0.011700	0.26019
9/25/2001 11:00	0.8231	0.0000	0.1454	0.31412	0.04067	0.36309	0.011700	0.26027
9/25/2001 12:00	0.9428	0.0000	0.1649	0.27364	0.04067	0.35331	0.011700	0.25589
9/25/2001 13:00	1.0030	0.0000	0.1756	0.25068	0.04067	0.32072	0.011700	0.26473
9/25/2001 14:00	1.0670	0.0000	0.1853	0.22703	0.04067	0.29567	0.011700	0.27964
9/25/2001 15:00	1.0913	0.0000	0.1877	0.23065	0.04067	0.30433	0.011700	0.29518
9/25/2001 16:00	0.9529	0.0000	0.1692	0.25982	0.04545	0.35098	0.011700	0.34915
9/25/2001 17:00	0.9181	0.0000	0.1647	0.32368	0.06698	0.43555	0.011700	0.42416
9/25/2001 18:00	0.8297	0.0000	0.1519	0.38395	0.12439	0.39348	0.041700	0.46051
9/25/2001 19:00	0.5980	0.0000	0.1119	0.39483	0.22725	0.31774	0.011700	0.47534
9/25/2001 20:00	0.4075	0.0000	0.0769	0.35918	0.33968	0.28125	0.011700	0.49168
9/25/2001 21:00	0.1587	0.0000	0.0305	0.31613	0.31576	0.26494	0.011700	0.48020
9/25/2001 22:00	0.0000	0.0000	0.0000	0.25036	0.23682	0.21327	0.011700	0.41555
9/25/2001 23:00	0.0000	0.0000	0.0000	0.17982	0.16505	0.14336	0.011700	0.36111
9/26/2001 00:00	0.0000	0.0000	0.0000	0.10411	0.08372	0.09397	0.011700	0.29869
9/26/2001 01:00	0.0000	0.0000	0.0000	0.06993	0.05023	0.07966	0.011700	0.27502
9/26/2001 02:00	0.0442	0.0000	0.0087	0.05971	0.03349	0.06742	0.011700	0.27183
9/26/2001 03:00	0.0093	0.0000	0.0018	0.06203	0.03349	0.06007	0.011700	0.26800
9/26/2001 04:00	0.0000	0.0000	0.0000	0.08936	0.03349	0.07002	0.011700	0.25788
9/26/2001 05:00	0.0228	0.0000	0.0045	0.21149	0.03588	0.08238	0.011700	0.28777
9/26/2001 06:00	0.0480	0.0000	0.0095	0.43867	0.06698	0.13459	0.011700	0.33249
9/26/2001 07:00	0.0000	0.0000	0.0000	0.49799	0.12678	0.21032	0.041700	0.35330
9/26/2001 08:00	0.1088	0.0000	0.0212	0.47928	0.10525	0.27132	0.011700	0.29869
9/26/2001 09:00	0.2644	0.0000	0.0504	0.42735	0.05263	0.33250	0.011700	0.25421
9/26/2001 10:00	0.5045	0.0000	0.0932	0.36765	0.04067	0.34779	0.011700	0.26019
9/26/2001 11:00	0.7668	0.0000	0.1379	0.31549	0.04067	0.36309	0.011700	0.26027
9/26/2001 12:00	0.9502	0.0000	0.1661	0.27483	0.04067	0.35331	0.011700	0.25589
9/26/2001 13:00	1.0007	0.0000	0.1751	0.25174	0.04067	0.32072	0.011700	0.26473
9/26/2001 14:00	1.0516	0.0000	0.1842	0.22798	0.04067	0.29567	0.011700	0.27964
9/26/2001 15:00	0.9194	0.0000	0.1645	0.23161	0.04067	0.30433	0.011700	0.29518
9/26/2001 16:00	0.7538	0.0000	0.1364	0.26092	0.04545	0.35098	0.011700	0.34915
9/26/2001 17:00	0.6191	0.0000	0.1143	0.32505	0.06698	0.43555	0.011700	0.42416
9/26/2001 18:00	0.4925	0.0000	0.0927	0.38557	0.12439	0.39348	0.041700	0.46051
9/26/2001 19:00	0.4055	0.0000	0.0772	0.39648	0.22725	0.31774	0.011700	0.47534
9/26/2001 20:00	0.3496	0.0000	0.0671	0.36068	0.33968	0.28125	0.011700	0.49168
9/26/2001 21:00	0.2836	0.0000	0.0554	0.31745	0.31576	0.26494	0.011700	0.48020
9/26/2001 22:00	0.2209	0.0000	0.0432	0.25137	0.23682	0.21327	0.011700	0.41555
9/26/2001 23:00	0.1486	0.0000	0.0295	0.18037	0.16505	0.14336	0.011700	0.36111
9/27/2001 00:00	0.0884	0.0000	0.0177	0.10369	0.08372	0.09397	0.011700	0.29869
9/27/2001 01:00	0.0502	0.0000	0.0101	0.06859	0.05023	0.07966	0.011700	0.27502
9/27/2001 02:00	0.0000	0.0000	0.0000	0.05950	0.03349	0.06742	0.011700	0.27183
9/27/2001 03:00	0.0000	0.0000	0.0000	0.06426	0.03349	0.06007	0.011700	0.26800
9/27/2001 04:00	0.0000	0.0000	0.0000	0.09231	0.03349	0.07002	0.011700	0.25788
9/27/2001 05:00	0.0000	0.0000	0.0000	0.21425	0.03588	0.08238	0.011700	0.28777
9/27/2001 06:00	0.0000	0.0000	0.0000	0.44141	0.06698	0.13459	0.011700	0.33249
9/27/2001 07:00	0.0000	0.0000	0.0000	0.50175	0.12678	0.21032	0.041700	0.35330
9/27/2001 08:00	0.0000	0.0000	0.0000	0.48401	0.10525	0.27132	0.011700	0.29869
9/27/2001 09:00	0.0000	0.0000	0.0000	0.43155	0.05263	0.33250	0.011700	0.25421
9/27/2001 10:00	0.0000	0.0000	0.0000	0.37009	0.04067	0.34779	0.011700	0.26019
9/27/2001 11:00	0.0161	0.0000	0.0030	0.31710	0.04067	0.36309	0.011700	0.26027
9/27/2001 12:00	0.4688	0.0000	0.0870	0.27602	0.04067	0.35331	0.011700	0.25589
9/27/2001 13:00	0.4205	0.0000	0.0781	0.25281	0.04067	0.32072	0.011700	0.26473
9/27/2001 14:00	0.4061	0.0000	0.0749	0.22893	0.04067	0.29567	0.011700	0.27964
9/27/2001 15:00	0.4708	0.0000	0.0862	0.23257	0.04067	0.30433	0.011700	0.29518
9/27/2001 16:00	0.5258	0.0000	0.0972	0.26202	0.04545	0.35098	0.011700	0.34915
9/27/2001 17:00	0.5535	0.0000	0.1035	0.32643	0.06698	0.43555	0.011700	0.42416
9/27/2001 18:00	0.3965	0.0000	0.0783	0.38720	0.12439	0.39348	0.041700	0.46051
9/27/2001 19:00	0.0000	0.0000	0.0000	0.39815	0.22725	0.31774	0.011700	0.47534
9/27/2001 20:00	0.0000	0.0000	0.0000	0.36238	0.33968	0.28125	0.011700	0.49168
9/27/2001 21:00	0.0000	0.0000	0.0000	0.31883	0.31576	0.26494	0.011700	0.48020
9/27/2001 22:00	0.0000	0.0000	0.0000	0.25389	0.23682	0.21327	0.011700	0.41555
9/27/2001 23:00	0.0000	0.0000	0.0000	0.18285	0.16505	0.14336	0.011700	0.36111
9/28/2001 00:00	0.0000	0.0000	0.0000	0.10548	0.08372	0.09397	0.011700	0.29869
9/28/2001 01:00	0.0000	0.0000	0.0000	0.07070	0.05023	0.07966	0.011700	0.27502
9/28/2001 02:00	0.0000	0.0000	0.0000	0.06255	0.03349	0.06742	0.011700	0.27183
9/28/2001 03:00	0.0000	0.0000	0.0000	0.06477	0.03349	0.06007	0.011700	0.26800
9/28/2001 04:00	0.0000	0.0000	0.0000	0.09248	0.03349	0.07002	0.011700	0.25788
9/28/2001 05:00	0.0000	0.0000	0.0000	0.21621	0.03588	0.08238	0.011700	0.28777
9/28/2001 06:00	0.0000	0.0000	0.0000	0.44577	0.06698	0.13459	0.011700	0.33249
9/28/2001 07:00	0.0000	0.0000	0.0000	0.50568	0.12678	0.21032	0.041700	0.35330
9/28/2001 08:00	0.0000	0.0000	0.0000	0.48754	0.10525	0.27132	0.011700	0.29869
9/28/2001 09:00	0.0000	0.0000	0.0000	0.43396	0.05263	0.33250	0.011700	0.25421
9/28/2001 10:00	0.0992	0.0000	0.0187	0.37210	0.04067	0.34779	0.011700	0.26019
9/28/2001 11:00	0.4027	0.0000	0.0735	0.31834	0.04067	0.36309	0.011700	0.26027
9/28/2001 12:00	0.6183	0.0000	0.1082	0.27724	0.04067	0.35331	0.011700	0.25589
9/28/2001 13:00	0.7822	0.0000	0.1354	0.25390	0.04067	0.32072	0.011700	0.26473
9/28/2001 14:00	0.8845	0.0000	0.1531	0.22990	0.04067	0.29567	0.011700	0.27964
9/28/2001 15:00	0.9777	0.0000	0.1692	0.23356	0.04067	0.30433	0.011700	0.29518
9/28/2001 16:00	1.0267	0.0000	0.1778	0.26314	0.04545	0.35098	0.011700	0.34915
9/28/2001 17:00	0.9890	0.0000	0.1733	0.32784	0.06698	0.43555	0.011700	0.42416
9/28/2001 18:00	0.8083	0.0000	0.1489	0.38886	0.12439	0.39348	0.041700	0.46051
9/28/2001 19:00	0.5400	0.0000	0.1044	0.39984	0.22725	0.31774	0.011700	0.47534
9/28/2001 20:00	0.3771	0.0000	0.0742	0.36374	0.33968	0.28125	0.011700	0.49168
9/28/2001 21:00	0.3003	0.0000	0.0586	0.32014	0.31576	0.26494	0.011700	0.48020
9/28/2001 22:00	0.2093	0.0000	0.0416	0.25342	0.23682	0.21327	0.011700	0.41555
9/28/2001 23:00	0.1338	0.0000	0.0270	0.18173	0.16505	0.14336	0.011700	0.36111
9/29/2001 00:00	0.0816	0.0000	0.0165	0.10434	0.08372	0.09397	0.011700	0.29869
9/29/2001 01:00	0.0362	0.0000	0.0074	0.06892	0.05023	0.07966	0.011700	0.27502
9/29/2001 02:00	0.0000	0.0000	0.0000	0.05973	0.03349	0.06742	0.011700	0.27183
9/29/2001 03:00	0.0000	0.0000	0.0000	0.06376	0.03349	0.06007	0.011700	0.26800
9/29/2001 04:00	0.0000	0.0000	0.0000	0.09177	0.03349	0.07002	0.011700	0.25788
9/29/2001 05:00	0.0000	0.0000	0.0000	0.21613	0.03588	0.08238	0.011700	0.28777
9/29/2001 06:00	0.0000	0.0000	0.0000	0.44618	0.06698	0.13459	0.011700	0.33249
9/29/2001 07:00	0.0000	0.0000	0.0000	0.50575	0.12678	0.21032	0.041700	0.35330
9/29/2001 08:00	0.0000	0.0000	0.0000	0.48758	0.10525	0.27132	0.011700	0.29869
9/29/2001 09:00	0.0000	0.0000	0.0000	0.43508	0.05263	0.33250	0.011700	0.25421
9/29/2001 10:00	0.0145	0.0000	0.0028	0.37348	0.04067	0.34779	0.011700	0.26019
9/29/2001 11:00	0.2266	0.0000	0.0425	0.31972	0.04067	0.36309	0.011700	0.26027
9/29/2001 12:00	0.6605	0.0000	0.1206	0.27846	0.04067	0.35331	0.011700	0.25589
9/29/2001 13:00	0.6613	0.0000	0.1181	0.25500	0.04067	0.32072	0.011700	0.26473
9/29/2001 14:00	0.8453	0.0000	0.1506	0.23089	0.04067	0.29567	0.011700	0.27964
9/29/2001 15:00	0.8084	0.0000	0.1455	0.23455	0.04067	0.30433	0.011700	0.29518
9/29/2001 16:00	0.6994	0.0000	0.1283	0.26428	0.04545	0.35098	0.011700	0.34915
9/29/2001 17:00	0.5616	0.0000	0.1050	0.32926	0.06698	0.43555	0.011700	0.42416
9/29/2001 18:00	0.0677	0.0000	0.0128	0.39054	0.12439	0.39348	0.041700	0.46051
9/29/2001 19:00	0.0000	0.0000	0.0000	0.40154	0.22725	0.31774	0.011700	0.47534
9/29/2001 20:00	0.0000	0.0000	0.0000	0.36619	0.33968	0.28125	0.011700	0.49168
9/29/2001 21:00	0.1779	0.0000	0.0345	0.32248	0.31576	0.26494	0.011700	0.48020
9/29/2001 22:00	0.2180	0.0000	0.0422	0.25453	0.23682	0.21327	0.011700	0.41555
9/29/2001 23:00	0.1639	0.0000	0.0316	0.18243	0.16505	0.14336	0.011700	0.36111
9/30/2001 00:00	0.1120	0.0000	0.0218	0.10467	0.08372	0.09397	0.011700	0.29869
9/30/2001 01:00	0.0833	0.0000	0.0162	0.07249	0.05023	0.08360	0.011700	0.27502
9/30/2001 02:00	0.0657	0.0000	0.0128	0.06241	0.03349	0.07003	0.011700	0.27183
9/30/2001 03:00	0.0521	0.0000	0.0101	0.06529	0.03349	0.06144	0.011700	0.26800
9/30/2001 04:00	0.0369	0.0000	0.0072	0.09604	0.03349	0.07269	0.011700	0.25788
9/30/2001 05:00	0.0437	0.0000	0.0086	0.23140	0.03588	0.08648	0.011700	0.28777
9/30/2001 06:00	0.0700	0.0000	0.0139	0.48438	0.06698	0.14521	0.011700	0.33249
9/30/2001 07:00	0.0000	0.0000	0.0000	0.55252	0.12678	0.23148	0.041700	0.35330
9/30/2001 08:00	0.0495	0.0000	0.0098	0.53513	0.10525	0.30375	0.011700	0.29869
9/30/2001 09:00	0.0692	0.0000	0.0137	0.47788	0.05263	0.37753	0.011700	0.25421
9/30/2001 10:00	0.1063	0.0000	0.0207	0.41069	0.04067	0.39871	0.011700	0.26019
9/30/2001 11:00	0.2210	0.0000	0.0418	0.35118	0.04067	0.41558	0.011700	0.26027
9/30/2001 12:00	0.3802	0.0000	0.0707	0.30565	0.04067	0.40112	0.011700	0.25589
9/30/2001 13:00	0.4533	0.0000	0.0843	0.27862	0.04067	0.36431	0.011700	0.26473
9/30/2001 14:00	0.3857	0.0000	0.0741	0.25229	0.04067	0.33480	0.011700	0.27964
9/30/2001 15:00	0.3299	0.0000	0.0644	0.25597	0.04067	0.34138	0.011700	0.29518
9/30/2001 16:00	0.2598	0.0000	0.0515	0.29073	0.04545	0.38690	0.011700	0.34915
9/30/2001 17:00	0.2819	0.0000	0.0560	0.36157	0.06698	0.47090	0.011700	0.42416
9/30/2001 18:00	0.1839	0.0000	0.0365	0.43282	0.12439	0.42779	0.041700	0.46051
9/30/2001 19:00	0.2211	0.0000	0.0440	0.44891	0.22725	0.35199	0.011700	0.47534
9/30/2001 20:00	0.2076	0.0000	0.0413	0.41018	0.33968	0.31611	0.011700	0.49168
9/30/2001 21:00	0.1662	0.0000	0.0333	0.35899	0.31576	0.30055	0.011700	0.48020
9/30/2001 22:00	0.1204	0.0000	0.0241	0.28403	0.23682	0.24157	0.011700	0.41555
9/30/2001 23:00	0.0777	0.0000	0.0155	0.20100	0.16505	0.15890	0.011700	0.36111
10/1/2001 00:00	0.0382	0.0000	0.0076	0.11161	0.08372	0.10055	0.011700	0.29869
10/1/2001 01:00	0.0122	0.0000	0.0024	0.07267	0.05154	0.08360	0.011700	0.27502
10/1/2001 02:00	0.0000	0.0000	0.0000	0.06254	0.03436	0.07003	0.011700	0.27183
10/1/2001 03:00	0.0000	0.0000	0.0000	0.06546	0.03436	0.06144	0.011700	0.26800
10/1/2001 04:00	0.0000	0.0000	0.0000	0.09643	0.03436	0.07269	0.011700	0.25788
10/1/2001 05:00	0.0000	0.0000	0.0000	0.23247	0.03722	0.08648	0.011700	0.28777
10/1/2001 06:00	0.0426	0.0000	0.0084	0.48655	0.07731	0.14521	0.011700	0.33249
10/1/2001 07:00	0.0000	0.0000	0.0000	0.55505	0.15748	0.23148	0.041700	0.35330
10/1/2001 08:00	0.0888	0.0000	0.0177	0.53759	0.14030	0.30375	0.011700	0.29869
10/1/2001 09:00	0.1307	0.0000	0.0259	0.48012	0.06872	0.37753	0.011700	0.25421
10/1/2001 10:00	0.3171	0.0000	0.0620	0.41262	0.05440	0.39871	0.011700	0.26019
10/1/2001 11:00	0.3486	0.0000	0.0677	0.35281	0.05440	0.41558	0.011700	0.26027
10/1/2001 12:00	0.5086	0.0000	0.0988	0.30705	0.05440	0.40112	0.011700	0.25589
10/1/2001 13:00	0.5956	0.0000	0.1141	0.27988	0.05440	0.36431	0.011700	0.26473
10/1/2001 14:00	0.6643	0.0000	0.1253	0.25341	0.05440	0.33480	0.011700	0.27964
10/1/2001 15:00	0.6822	0.0000	0.1276	0.25710	0.05726	0.34138	0.011700	0.29518
10/1/2001 16:00	0.6884	0.0000	0.1311	0.29203	0.07158	0.38690	0.011700	0.34915
10/1/2001 17:00	0.6709	0.0000	0.1291	0.36319	0.11739	0.47090	0.011700	0.42416
10/1/2001 18:00	0.5062	0.0000	0.0983	0.43474	0.21474	0.42779	0.041700	0.46051
10/1/2001 19:00	0.3967	0.0000	0.0778	0.45089	0.33786	0.35199	0.011700	0.47534
10/1/2001 20:00	0.3022	0.0000	0.0597	0.41199	0.37222	0.31611	0.011700	0.49168
10/1/2001 21:00	0.2394	0.0000	0.0473	0.36057	0.31209	0.30055	0.011700	0.48020
10/1/2001 22:00	0.1764	0.0000	0.0349	0.28524	0.23478	0.24157	0.011700	0.41555
10/1/2001 23:00	0.1118	0.0000	0.0223	0.20180	0.16320	0.15890	0.011700	0.36111
10/2/2001 00:00	0.0641	0.0000	0.0128	0.11198	0.08303	0.10055	0.011700	0.29869
10/2/2001 01:00	0.0403	0.0000	0.0080	0.06942	0.05154	0.07966	0.011700	0.27502
10/2/2001 02:00	0.0000	0.0000	0.0000	0.06009	0.03436	0.06742	0.011700	0.27183
10/2/2001 03:00	0.0000	0.0000	0.0000	0.06403	0.03436	0.06007	0.011700	0.26800
10/2/2001 04:00	0.0000	0.0000	0.0000	0.09282	0.03436	0.07002	0.011700	0.25788
10/2/2001 05:00	0.0000	0.0000	0.0000	0.21841	0.03722	0.08238	0.011700	0.28777
10/2/2001 06:00	0.0000	0.0000	0.0000	0.45109	0.07731	0.13459	0.011700	0.33249
10/2/2001 07:00	0.0000	0.0000	0.0000	0.51154	0.15748	0.21032	0.041700	0.35330
10/2/2001 08:00	0.0000	0.0000	0.0000	0.49270	0.14030	0.27132	0.011700	0.29869
10/2/2001 09:00	0.0000	0.0000	0.0000	0.44079	0.06872	0.33250	0.011700	0.25421
10/2/2001 10:00	0.0000	0.0000	0.0000	0.37950	0.05440	0.34779	0.011700	0.26019
10/2/2001 11:00	0.0043	0.0000	0.0008	0.32456	0.05440	0.36309	0.011700	0.26027
10/2/2001 12:00	0.1638	0.0000	0.0313	0.28221	0.05440	0.35331	0.011700	0.25589
10/2/2001 13:00	0.2517	0.0000	0.0474	0.25837	0.05440	0.32072	0.011700	0.26473
10/2/2001 14:00	0.3202	0.0000	0.0601	0.23388	0.05440	0.29567	0.011700	0.27964
10/2/2001 15:00	0.3310	0.0000	0.0627	0.23758	0.05726	0.30433	0.011700	0.29518
10/2/2001 16:00	0.3106	0.0000	0.0593	0.26773	0.07158	0.35098	0.011700	0.34915
10/2/2001 17:00	0.3138	0.0000	0.0600	0.33360	0.11739	0.43555	0.011700	0.42416
10/2/2001 18:00	0.0000	0.0000	0.0000	0.39566	0.21474	0.39348	0.041700	0.46051
10/2/2001 19:00	0.0000	0.0000	0.0000	0.40705	0.33786	0.31774	0.011700	0.47534
10/2/2001 20:00	0.2734	0.0000	0.0527	0.37011	0.37222	0.28125	0.011700	0.49168
10/2/2001 21:00	0.2753	0.0000	0.0528	0.32570	0.31209	0.26494	0.011700	0.48020
10/2/2001 22:00	0.2246	0.0000	0.0430	0.25767	0.23478	0.21327	0.011700	0.41555
10/2/2001 23:00	0.1608	0.0000	0.0311	0.18454	0.16320	0.14336	0.011700	0.36111
10/3/2001 00:00	0.1116	0.0000	0.0216	0.10567	0.08303	0.09397	0.011700	0.29869
10/3/2001 01:00	0.0830	0.0000	0.0161	0.06960	0.05154	0.07966	0.011700	0.27502
10/3/2001 02:00	0.0679	0.0000	0.0131	0.06021	0.03436	0.06742	0.011700	0.27183
10/3/2001 03:00	0.0587	0.0000	0.0114	0.06294	0.03436	0.06007	0.011700	0.26800
10/3/2001 04:00	0.0546	0.0000	0.0106	0.09124	0.03436	0.07002	0.011700	0.25788
10/3/2001 05:00	0.0575	0.0000	0.0112	0.21744	0.03722	0.08238	0.011700	0.28777
10/3/2001 06:00	0.0843	0.0000	0.0165	0.45225	0.07731	0.13459	0.011700	0.33249
10/3/2001 07:00	0.0062	0.0000	0.0012	0.51385	0.15748	0.21032	0.041700	0.35330
10/3/2001 08:00	0.0727	0.0000	0.0142	0.49470	0.14030	0.27132	0.011700	0.29869
10/3/2001 09:00	0.0676	0.0000	0.0131	0.44121	0.06872	0.33250	0.011700	0.25421
10/3/2001 10:00	0.1119	0.0000	0.0213	0.37954	0.05440	0.34779	0.011700	0.26019
10/3/2001 11:00	0.1938	0.0000	0.0360	0.32557	0.05440	0.36309	0.011700	0.26027
10/3/2001 12:00	0.3099	0.0000	0.0566	0.28349	0.05440	0.35331	0.011700	0.25589
10/3/2001 13:00	0.5256	0.0000	0.0944	0.25951	0.05440	0.32072	0.011700	0.26473
10/3/2001 14:00	0.7035	0.0000	0.1264	0.23490	0.05440	0.29567	0.011700	0.27964
10/3/2001 15:00	0.9297	0.0000	0.1623	0.23861	0.05726	0.30433	0.011700	0.29518
10/3/2001 16:00	0.9318	0.0000	0.1645	0.26891	0.07158	0.35098	0.011700	0.34915
10/3/2001 17:00	0.9351	0.0000	0.1668	0.33508	0.11739	0.43555	0.011700	0.42416
10/3/2001 18:00	0.6738	0.0000	0.1250	0.39740	0.21474	0.39348	0.041700	0.46051
10/3/2001 19:00	0.5192	0.0000	0.0973	0.40855	0.33786	0.31774	0.011700	0.47534
10/3/2001 20:00	0.3940	0.0000	0.0752	0.37167	0.37222	0.28125	0.011700	0.49168
10/3/2001 21:00	0.3221	0.0000	0.0615	0.32711	0.31209	0.26494	0.011700	0.48020
10/3/2001 22:00	0.2311	0.0000	0.0449	0.25875	0.23478	0.21327	0.011700	0.41555
10/3/2001 23:00	0.1774	0.0000	0.0342	0.18525	0.16320	0.14336	0.011700	0.36111
10/4/2001 00:00	0.1098	0.0000	0.0215	0.10601	0.08303	0.09397	0.011700	0.29869
10/4/2001 01:00	0.0728	0.0000	0.0143	0.06977	0.05154	0.07966	0.011700	0.27502
10/4/2001 02:00	0.0000	0.0000	0.0000	0.06033	0.03436	0.06742	0.011700	0.27183
10/4/2001 03:00	0.0000	0.0000	0.0000	0.06509	0.03436	0.06007	0.011700	0.26800
10/4/2001 04:00	0.0000	0.0000	0.0000	0.09470	0.03436	0.07002	0.011700	0.25788
10/4/2001 05:00	0.0000	0.0000	0.0000	0.22011	0.03722	0.08238	0.011700	0.28777
10/4/2001 06:00	0.0000	0.0000	0.0000	0.45539	0.07731	0.13459	0.011700	0.33249
10/4/2001 07:00	0.0000	0.0000	0.0000	0.51731	0.15748	0.21032	0.041700	0.35330
10/4/2001 08:00	0.0000	0.0000	0.0000	0.49869	0.14030	0.27132	0.011700	0.29869
10/4/2001 09:00	0.0000	0.0000	0.0000	0.44468	0.06872	0.33250	0.011700	0.25421
10/4/2001 10:00	0.0280	0.0000	0.0057	0.38199	0.05440	0.34779	0.011700	0.26019
10/4/2001 11:00	0.0000	0.0000	0.0000	0.32707	0.05440	0.36309	0.011700	0.26027
10/4/2001 12:00	0.0000	0.0000	0.0000	0.28595	0.05440	0.35331	0.011700	0.25589
10/4/2001 13:00	0.0000	0.0000	0.0000	0.26191	0.05440	0.32072	0.011700	0.26473
10/4/2001 14:00	0.0000	0.0000	0.0000	0.23675	0.05440	0.29567	0.011700	0.27964
10/4/2001 15:00	0.0000	0.0000	0.0000	0.24017	0.05726	0.30433	0.011700	0.29518
10/4/2001 16:00	0.0000	0.0000	0.0000	0.27124	0.07158	0.35098	0.011700	0.34915
10/4/2001 17:00	0.0000	0.0000	0.0000	0.33731	0.11739	0.43555	0.011700	0.42416
10/4/2001 18:00	0.0000	0.0000	0.0000	0.39976	0.21474	0.39348	0.041700	0.46051
10/4/2001 19:00	0.0000	0.0000	0.0000	0.41277	0.33786	0.31774	0.011700	0.47534
10/4/2001 20:00	0.0000	0.0000	0.0000	0.37577	0.37222	0.28125	0.011700	0.49168
10/4/2001 21:00	0.0000	0.0000	0.0000	0.32954	0.31209	0.26494	0.011700	0.48020
10/4/2001 22:00	0.0000	0.4075	0.0251	0.26045	0.23478	0.21327	0.011700	0.41555
10/4/2001 23:00	0.0000	0.8070	0.0496	0.18910	0.16320	0.14336	0.011700	0.36111
10/5/2001 00:00	0.0000	0.0000	0.0000	0.10960	0.08303	0.09397	0.011700	0.29869
10/5/2001 01:00	0.0000	0.0000	0.0000	0.07291	0.05154	0.07966	0.011700	0.27502
10/5/2001 02:00	0.0000	0.1211	0.0074	0.06363	0.03436	0.06742	0.011700	0.27183
10/5/2001 03:00	0.0000	0.2308	0.0142	0.06648	0.03436	0.06007	0.011700	0.26800
10/5/2001 04:00	0.0000	0.5211	0.0321	0.09506	0.03436	0.07002	0.011700	0.25788
10/5/2001 05:00	0.0000	0.5579	0.0343	0.22247	0.03722	0.08238	0.011700	0.28777
10/5/2001 06:00	0.0000	0.5036	0.0310	0.45955	0.07731	0.13459	0.011700	0.33249
10/5/2001 07:00	0.0000	0.9866	0.0607	0.52183	0.15748	0.21032	0.041700	0.35330
10/5/2001 08:00	0.0000	0.6124	0.0377	0.50256	0.14030	0.27132	0.011700	0.29869
10/5/2001 09:00	0.0000	0.4683	0.0288	0.44860	0.06872	0.33250	0.011700	0.25421
10/5/2001 10:00	0.0000	0.2073	0.0128	0.38635	0.05440	0.34779	0.011700	0.26019
10/5/2001 11:00	0.0000	0.0000	0.0000	0.33183	0.05440	0.36309	0.011700	0.26027
10/5/2001 12:00	0.0000	0.0000	0.0000	0.28887	0.05440	0.35331	0.011700	0.25589
10/5/2001 13:00	0.0280	0.0000	0.0057	0.26314	0.05440	0.32072	0.011700	0.26473
10/5/2001 14:00	0.1341	0.0000	0.0270	0.23697	0.05440	0.29567	0.011700	0.27964
10/5/2001 15:00	0.2592	0.0000	0.0518	0.24069	0.05726	0.30433	0.011700	0.29518
10/5/2001 16:00	0.3487	0.0000	0.0694	0.27128	0.07158	0.35098	0.011700	0.34915
10/5/2001 17:00	0.2534	0.0000	0.0517	0.33805	0.11739	0.43555	0.011700	0.42416
10/5/2001 18:00	0.1369	0.0000	0.0282	0.40091	0.21474	0.39348	0.041700	0.46051
10/5/2001 19:00	0.1420	0.0000	0.0294	0.41213	0.33786	0.31774	0.011700	0.47534
10/5/2001 20:00	0.1140	0.0000	0.0238	0.37493	0.37222	0.28125	0.011700	0.49168
10/5/2001 21:00	0.0760	0.0000	0.0160	0.32998	0.31209	0.26494	0.011700	0.48020
10/5/2001 22:00	0.0261	0.0000	0.0055	0.26093	0.23478	0.21327	0.011700	0.41555
10/5/2001 23:00	0.0000	0.0000	0.0000	0.18670	0.16320	0.14336	0.011700	0.36111
10/6/2001 00:00	0.0000	0.0000	0.0000	0.10688	0.08303	0.09397	0.011700	0.29869
10/6/2001 01:00	0.0000	0.0000	0.0000	0.07072	0.05154	0.07966	0.011700	0.27502
10/6/2001 02:00	0.0000	0.4316	0.0265	0.06178	0.03436	0.06742	0.011700	0.27183
10/6/2001 03:00	0.0000	0.4046	0.0249	0.06650	0.03436	0.06007	0.011700	0.26800
10/6/2001 04:00	0.0000	0.0000	0.0000	0.09534	0.03436	0.07002	0.011700	0.25788
10/6/2001 05:00	0.0000	0.0000	0.0000	0.22291	0.03722	0.08238	0.011700	0.28777
10/6/2001 06:00	0.0000	0.0000	0.0000	0.46115	0.07731	0.13459	0.011700	0.33249
10/6/2001 07:00	0.0000	0.0000	0.0000	0.52361	0.15748	0.21032	0.041700	0.35330
10/6/2001 08:00	0.0000	0.0000	0.0000	0.50489	0.14030	0.27132	0.011700	0.29869
10/6/2001 09:00	0.0000	0.0000	0.0000	0.45040	0.06872	0.33250	0.011700	0.25421
10/6/2001 10:00	0.0000	0.0000	0.0000	0.38774	0.05440	0.34779	0.011700	0.26019
10/6/2001 11:00	0.0000	0.0000	0.0000	0.33272	0.05440	0.36309	0.011700	0.26027
10/6/2001 12:00	0.0000	0.0000	0.0000	0.29002	0.05440	0.35331	0.011700	0.25589
10/6/2001 13:00	0.0000	0.0000	0.0000	0.26483	0.05440	0.32072	0.011700	0.26473
10/6/2001 14:00	0.0000	0.0000	0.0000	0.23893	0.05440	0.29567	0.011700	0.27964
10/6/2001 15:00	0.0000	0.0000	0.0000	0.24285	0.05726	0.30433	0.011700	0.29518
10/6/2001 16:00	0.0000	0.0000	0.0000	0.27386	0.07158	0.35098	0.011700	0.34915
10/6/2001 17:00	0.0000	0.0000	0.0000	0.34089	0.11739	0.43555	0.011700	0.42416
10/6/2001 18:00	0.0000	0.0000	0.0000	0.40398	0.21474	0.39348	0.041700	0.46051
10/6/2001 19:00	0.0000	0.0000	0.0000	0.41576	0.33786	0.31774	0.011700	0.47534
10/6/2001 20:00	0.0000	0.0000	0.0000	0.37860	0.37222	0.28125	0.011700	0.49168
10/6/2001 21:00	0.0000	0.0000	0.0000	0.33308	0.31209	0.26494	0.011700	0.48020
10/6/2001 22:00	0.0000	0.0000	0.0000	0.26356	0.23478	0.21327	0.011700	0.41555
10/6/2001 23:00	0.0000	0.0977	0.0060	0.19043	0.16320	0.14336	0.011700	0.36111
