Date/Time	Cooling (E)	Heating (E)	HVAC Fan/Pump (E)	Hot Water (E)	Lights (E)	Lg. Appl. (E)	Vent Fan (E)	Misc. (E)
	kWh	kWh	kWh	kWh	kWh	kWh	kWh	kWh
4/4/2001 00:00	0.0000	0.2672	0.0164	0.12890	0.08347	0.09397	0.011700	0.29869
4/4/2001 01:00	0.0000	0.2572	0.0158	0.08261	0.05137	0.07966	0.011700	0.27502
4/4/2001 02:00	0.0000	0.3385	0.0208	0.07036	0.03424	0.06742	0.011700	0.27183
4/4/2001 03:00	0.0000	0.4459	0.0274	0.07390	0.03424	0.06007	0.011700	0.26800
4/4/2001 04:00	0.0000	0.4655	0.0286	0.11020	0.03424	0.07002	0.011700	0.25788
4/4/2001 05:00	0.0000	0.4194	0.0258	0.27035	0.03639	0.08238	0.011700	0.28777
4/4/2001 06:00	0.0000	0.3006	0.0185	0.56890	0.05993	0.13459	0.011700	0.33249
4/4/2001 07:00	0.0000	0.6152	0.0378	0.64955	0.11130	0.21032	0.041700	0.35330
4/4/2001 08:00	0.0000	0.2630	0.0162	0.62686	0.08989	0.27132	0.011700	0.29869
4/4/2001 09:00	0.0000	0.1923	0.0118	0.56024	0.04281	0.33250	0.011700	0.25421
4/4/2001 10:00	0.0000	0.0000	0.0000	0.48220	0.03424	0.34779	0.011700	0.26019
4/4/2001 11:00	0.0000	0.0000	0.0000	0.41256	0.03424	0.36309	0.011700	0.26027
4/4/2001 12:00	0.0000	0.0000	0.0000	0.35814	0.03424	0.35331	0.011700	0.25589
4/4/2001 13:00	0.0000	0.0000	0.0000	0.32571	0.03424	0.32072	0.011700	0.26473
4/4/2001 14:00	0.0158	0.0000	0.0032	0.29346	0.03424	0.29567	0.011700	0.27964
4/4/2001 15:00	0.0395	0.0000	0.0081	0.29707	0.03424	0.30433	0.011700	0.29518
4/4/2001 16:00	0.0871	0.0000	0.0177	0.33562	0.03639	0.35098	0.011700	0.34915
4/4/2001 17:00	0.1760	0.0000	0.0365	0.41879	0.04923	0.43555	0.011700	0.42416
4/4/2001 18:00	0.1184	0.0000	0.0246	0.49618	0.08989	0.39348	0.041700	0.46051
4/4/2001 19:00	0.0641	0.0000	0.0137	0.50927	0.17764	0.31774	0.011700	0.47534
4/4/2001 20:00	0.0000	0.0000	0.0000	0.46341	0.29108	0.28125	0.011700	0.49168
4/4/2001 21:00	0.0000	0.0000	0.0000	0.40781	0.31462	0.26494	0.011700	0.48020
4/4/2001 22:00	0.0000	0.0000	0.0000	0.32095	0.23543	0.21327	0.011700	0.41555
4/4/2001 23:00	0.0000	0.0000	0.0000	0.22745	0.16266	0.14336	0.011700	0.36111
4/5/2001 00:00	0.0000	0.0000	0.0000	0.12754	0.08347	0.09397	0.011700	0.29869
4/5/2001 01:00	0.0000	0.2630	0.0162	0.08228	0.05137	0.07966	0.011700	0.27502
4/5/2001 02:00	0.0000	0.4687	0.0288	0.07023	0.03424	0.06742	0.011700	0.27183
4/5/2001 03:00	0.0000	0.7032	0.0433	0.07376	0.03424	0.06007	0.011700	0.26800
4/5/2001 04:00	0.0000	0.9030	0.0555	0.10992	0.03424	0.07002	0.011700	0.25788
4/5/2001 05:00	0.0000	1.0177	0.0626	0.26946	0.03639	0.08238	0.011700	0.28777
4/5/2001 06:00	0.0000	0.9821	0.0604	0.56688	0.05993	0.13459	0.011700	0.33249
4/5/2001 07:00	0.0000	1.6255	0.1000	0.64719	0.11130	0.21032	0.041700	0.35330
4/5/2001 08:00	0.0000	0.5240	0.0322	0.62457	0.08989	0.27132	0.011700	0.29869
4/5/2001 09:00	0.0000	0.0510	0.0031	0.55817	0.04281	0.33250	0.011700	0.25421
4/5/2001 10:00	0.0000	0.0000	0.0000	0.48043	0.03424	0.34779	0.011700	0.26019
4/5/2001 11:00	0.0000	0.0000	0.0000	0.41070	0.03424	0.36309	0.011700	0.26027
4/5/2001 12:00	0.0000	0.0000	0.0000	0.35615	0.03424	0.35331	0.011700	0.25589
4/5/2001 13:00	0.0026	0.0000	0.0005	0.32376	0.03424	0.32072	0.011700	0.26473
4/5/2001 14:00	0.0000	0.0000	0.0000	0.29169	0.03424	0.29567	0.011700	0.27964
4/5/2001 15:00	0.0000	0.0000	0.0000	0.29654	0.03424	0.30433	0.011700	0.29518
4/5/2001 16:00	0.0000	0.0000	0.0000	0.33547	0.03639	0.35098	0.011700	0.34915
4/5/2001 17:00	0.0000	0.0000	0.0000	0.41883	0.04923	0.43555	0.011700	0.42416
4/5/2001 18:00	0.0000	0.0000	0.0000	0.49584	0.08989	0.39348	0.041700	0.46051
4/5/2001 19:00	0.0000	0.0000	0.0000	0.50963	0.17764	0.31774	0.011700	0.47534
4/5/2001 20:00	0.0000	0.0000	0.0000	0.46420	0.29108	0.28125	0.011700	0.49168
4/5/2001 21:00	0.0000	0.0000	0.0000	0.40828	0.31462	0.26494	0.011700	0.48020
4/5/2001 22:00	0.0000	0.0000	0.0000	0.32108	0.23543	0.21327	0.011700	0.41555
4/5/2001 23:00	0.0000	0.3912	0.0241	0.22826	0.16266	0.14336	0.011700	0.36111
4/6/2001 00:00	0.0000	0.2589	0.0159	0.12826	0.08347	0.09397	0.011700	0.29869
4/6/2001 01:00	0.0000	0.4149	0.0255	0.08226	0.05137	0.07966	0.011700	0.27502
4/6/2001 02:00	0.0000	0.6000	0.0369	0.07011	0.03424	0.06742	0.011700	0.27183
4/6/2001 03:00	0.0000	0.7674	0.0472	0.07363	0.03424	0.06007	0.011700	0.26800
4/6/2001 04:00	0.0000	0.9368	0.0576	0.10964	0.03424	0.07002	0.011700	0.25788
4/6/2001 05:00	0.0000	0.9984	0.0614	0.26857	0.03639	0.08238	0.011700	0.28777
4/6/2001 06:00	0.0000	0.9298	0.0572	0.56484	0.05993	0.13459	0.011700	0.33249
4/6/2001 07:00	0.0000	1.3778	0.0848	0.64481	0.11130	0.21032	0.041700	0.35330
4/6/2001 08:00	0.0000	0.2388	0.0147	0.62225	0.08989	0.27132	0.011700	0.29869
4/6/2001 09:00	0.0000	0.0000	0.0000	0.55609	0.04281	0.33250	0.011700	0.25421
4/6/2001 10:00	0.0000	0.0000	0.0000	0.47758	0.03424	0.34779	0.011700	0.26019
4/6/2001 11:00	0.0761	0.0000	0.0147	0.40750	0.03424	0.36309	0.011700	0.26027
4/6/2001 12:00	0.2053	0.0000	0.0392	0.35333	0.03424	0.35331	0.011700	0.25589
4/6/2001 13:00	0.3316	0.0000	0.0623	0.32209	0.03424	0.32072	0.011700	0.26473
4/6/2001 14:00	0.3894	0.0000	0.0730	0.29065	0.03424	0.29567	0.011700	0.27964
4/6/2001 15:00	0.4572	0.0000	0.0856	0.29498	0.03424	0.30433	0.011700	0.29518
4/6/2001 16:00	0.5218	0.0000	0.0967	0.33324	0.03639	0.35098	0.011700	0.34915
4/6/2001 17:00	0.5271	0.0000	0.1017	0.41579	0.04923	0.43555	0.011700	0.42416
4/6/2001 18:00	0.4109	0.0000	0.0813	0.49264	0.08989	0.39348	0.041700	0.46051
4/6/2001 19:00	0.2237	0.0000	0.0458	0.50567	0.17764	0.31774	0.011700	0.47534
4/6/2001 20:00	0.1279	0.0000	0.0266	0.46013	0.29108	0.28125	0.011700	0.49168
4/6/2001 21:00	0.0652	0.0000	0.0136	0.40485	0.31462	0.26494	0.011700	0.48020
4/6/2001 22:00	0.0105	0.0000	0.0022	0.31811	0.23543	0.21327	0.011700	0.41555
4/6/2001 23:00	0.0000	0.0000	0.0000	0.22456	0.16266	0.14336	0.011700	0.36111
4/7/2001 00:00	0.0000	0.0000	0.0000	0.12504	0.08347	0.09397	0.011700	0.29869
4/7/2001 01:00	0.0000	0.0000	0.0000	0.07972	0.05137	0.07966	0.011700	0.27502
4/7/2001 02:00	0.0000	0.0000	0.0000	0.06815	0.03424	0.06742	0.011700	0.27183
4/7/2001 03:00	0.0000	0.2617	0.0161	0.07321	0.03424	0.06007	0.011700	0.26800
4/7/2001 04:00	0.0000	0.0000	0.0000	0.10935	0.03424	0.07002	0.011700	0.25788
4/7/2001 05:00	0.0000	0.0000	0.0000	0.26732	0.03639	0.08238	0.011700	0.28777
4/7/2001 06:00	0.0000	0.0000	0.0000	0.56240	0.05993	0.13459	0.011700	0.33249
4/7/2001 07:00	0.0000	0.0123	0.0008	0.64201	0.11130	0.21032	0.041700	0.35330
4/7/2001 08:00	0.0000	0.0000	0.0000	0.61992	0.08989	0.27132	0.011700	0.29869
4/7/2001 09:00	0.0000	0.0000	0.0000	0.55287	0.04281	0.33250	0.011700	0.25421
4/7/2001 10:00	0.1240	0.0000	0.0234	0.47421	0.03424	0.34779	0.011700	0.26019
4/7/2001 11:00	0.3491	0.0000	0.0630	0.40528	0.03424	0.36309	0.011700	0.26027
4/7/2001 12:00	0.4977	0.0000	0.0877	0.35200	0.03424	0.35331	0.011700	0.25589
4/7/2001 13:00	0.6734	0.0000	0.1161	0.32092	0.03424	0.32072	0.011700	0.26473
4/7/2001 14:00	0.7867	0.0000	0.1357	0.28961	0.03424	0.29567	0.011700	0.27964
4/7/2001 15:00	0.8512	0.0000	0.1485	0.29393	0.03424	0.30433	0.011700	0.29518
4/7/2001 16:00	0.8047	0.0000	0.1446	0.33204	0.03639	0.35098	0.011700	0.34915
4/7/2001 17:00	0.6792	0.0000	0.1246	0.41428	0.04923	0.43555	0.011700	0.42416
4/7/2001 18:00	0.4969	0.0000	0.0939	0.49086	0.08989	0.39348	0.041700	0.46051
4/7/2001 19:00	0.0000	0.0000	0.0000	0.50385	0.17764	0.31774	0.011700	0.47534
4/7/2001 20:00	0.0000	0.0000	0.0000	0.45925	0.29108	0.28125	0.011700	0.49168
4/7/2001 21:00	0.0000	0.0000	0.0000	0.40519	0.31462	0.26494	0.011700	0.48020
4/7/2001 22:00	0.0000	0.0000	0.0000	0.31922	0.23543	0.21327	0.011700	0.41555
4/7/2001 23:00	0.0000	0.0000	0.0000	0.22573	0.16266	0.14336	0.011700	0.36111
4/8/2001 00:00	0.0000	0.0000	0.0000	0.12593	0.08347	0.09397	0.011700	0.29869
4/8/2001 01:00	0.0000	0.0000	0.0000	0.08560	0.05137	0.08360	0.011700	0.27502
4/8/2001 02:00	0.0000	0.0000	0.0000	0.07295	0.03424	0.07003	0.011700	0.27183
4/8/2001 03:00	0.0000	0.0000	0.0000	0.07629	0.03424	0.06144	0.011700	0.26800
4/8/2001 04:00	0.0000	0.0000	0.0000	0.11574	0.03424	0.07269	0.011700	0.25788
4/8/2001 05:00	0.0000	0.0000	0.0000	0.28753	0.03639	0.08648	0.011700	0.28777
4/8/2001 06:00	0.0000	0.0000	0.0000	0.60901	0.05993	0.14521	0.011700	0.33249
4/8/2001 07:00	0.0000	0.0000	0.0000	0.69827	0.11130	0.23148	0.041700	0.35330
4/8/2001 08:00	0.0000	0.0000	0.0000	0.67828	0.08989	0.30375	0.011700	0.29869
4/8/2001 09:00	0.0000	0.0000	0.0000	0.60685	0.04281	0.37753	0.011700	0.25421
4/8/2001 10:00	0.0104	0.0000	0.0020	0.52112	0.03424	0.39871	0.011700	0.26019
4/8/2001 11:00	0.2926	0.0000	0.0526	0.44350	0.03424	0.41558	0.011700	0.26027
4/8/2001 12:00	0.4533	0.0000	0.0798	0.38511	0.03424	0.40112	0.011700	0.25589
4/8/2001 13:00	0.6065	0.0000	0.1058	0.34961	0.03424	0.36431	0.011700	0.26473
4/8/2001 14:00	0.6978	0.0000	0.1217	0.31562	0.03424	0.33480	0.011700	0.27964
4/8/2001 15:00	0.7117	0.0000	0.1242	0.31984	0.03424	0.34138	0.011700	0.29518
4/8/2001 16:00	0.6608	0.0000	0.1154	0.36404	0.03639	0.38690	0.011700	0.34915
4/8/2001 17:00	0.5845	0.0000	0.1072	0.45294	0.04923	0.47090	0.011700	0.42416
4/8/2001 18:00	0.4927	0.0000	0.0924	0.54142	0.08989	0.42779	0.041700	0.46051
4/8/2001 19:00	0.3326	0.0000	0.0641	0.56070	0.17764	0.35199	0.011700	0.47534
4/8/2001 20:00	0.2152	0.0000	0.0429	0.51260	0.29108	0.31611	0.011700	0.49168
4/8/2001 21:00	0.1454	0.0000	0.0292	0.44862	0.31462	0.30055	0.011700	0.48020
4/8/2001 22:00	0.0819	0.0000	0.0165	0.35265	0.23543	0.24157	0.011700	0.41555
4/8/2001 23:00	0.0112	0.0000	0.0023	0.24606	0.16266	0.15890	0.011700	0.36111
4/9/2001 00:00	0.0000	0.0000	0.0000	0.13253	0.08347	0.10055	0.011700	0.29869
4/9/2001 01:00	0.0000	0.0000	0.0000	0.08324	0.05137	0.08360	0.011700	0.27502
4/9/2001 02:00	0.0000	0.0000	0.0000	0.07051	0.03424	0.07003	0.011700	0.27183
4/9/2001 03:00	0.0000	0.0000	0.0000	0.07448	0.03424	0.06144	0.011700	0.26800
4/9/2001 04:00	0.0000	0.0000	0.0000	0.11401	0.03424	0.07269	0.011700	0.25788
4/9/2001 05:00	0.0000	0.0000	0.0000	0.28528	0.03639	0.08648	0.011700	0.28777
4/9/2001 06:00	0.0000	0.0000	0.0000	0.60562	0.05993	0.14521	0.011700	0.33249
4/9/2001 07:00	0.0000	0.0000	0.0000	0.69471	0.11130	0.23148	0.041700	0.35330
4/9/2001 08:00	0.0000	0.0000	0.0000	0.67467	0.08989	0.30375	0.011700	0.29869
4/9/2001 09:00	0.1467	0.0000	0.0278	0.60281	0.04281	0.37753	0.011700	0.25421
4/9/2001 10:00	0.3242	0.0000	0.0591	0.51775	0.03424	0.39871	0.011700	0.26019
4/9/2001 11:00	0.5356	0.0000	0.0946	0.44177	0.03424	0.41558	0.011700	0.26027
4/9/2001 12:00	0.6294	0.0000	0.1088	0.38363	0.03424	0.40112	0.011700	0.25589
4/9/2001 13:00	0.7222	0.0000	0.1237	0.34828	0.03424	0.36431	0.011700	0.26473
4/9/2001 14:00	0.8041	0.0000	0.1362	0.31443	0.03424	0.33480	0.011700	0.27964
4/9/2001 15:00	0.9129	0.0000	0.1529	0.31864	0.03424	0.34138	0.011700	0.29518
4/9/2001 16:00	1.0075	0.0000	0.1688	0.36267	0.03639	0.38690	0.011700	0.34915
4/9/2001 17:00	0.9325	0.0000	0.1667	0.45123	0.04923	0.47090	0.011700	0.42416
4/9/2001 18:00	0.8062	0.0000	0.1485	0.53939	0.08989	0.42779	0.041700	0.46051
4/9/2001 19:00	0.4797	0.0000	0.0920	0.55861	0.17764	0.35199	0.011700	0.47534
4/9/2001 20:00	0.3051	0.0000	0.0600	0.51068	0.29108	0.31611	0.011700	0.49168
4/9/2001 21:00	0.2086	0.0000	0.0414	0.44694	0.31462	0.30055	0.011700	0.48020
4/9/2001 22:00	0.1249	0.0000	0.0250	0.35136	0.23543	0.24157	0.011700	0.41555
4/9/2001 23:00	0.0620	0.0000	0.0124	0.24521	0.16266	0.15890	0.011700	0.36111
4/10/2001 00:00	0.0000	0.0000	0.0000	0.13214	0.08347	0.10055	0.011700	0.29869
4/10/2001 01:00	0.0000	0.0000	0.0000	0.07827	0.05137	0.07966	0.011700	0.27502
4/10/2001 02:00	0.0000	0.0000	0.0000	0.06663	0.03424	0.06742	0.011700	0.27183
4/10/2001 03:00	0.0000	0.0000	0.0000	0.07194	0.03424	0.06007	0.011700	0.26800
4/10/2001 04:00	0.0000	0.0000	0.0000	0.10838	0.03424	0.07002	0.011700	0.25788
4/10/2001 05:00	0.0000	0.0000	0.0000	0.26427	0.03639	0.08238	0.011700	0.28777
4/10/2001 06:00	0.0000	0.0000	0.0000	0.55513	0.05993	0.13459	0.011700	0.33249
4/10/2001 07:00	0.0000	0.0000	0.0000	0.63367	0.11130	0.21032	0.041700	0.35330
4/10/2001 08:00	0.0000	0.0000	0.0000	0.61211	0.08989	0.27132	0.011700	0.29869
4/10/2001 09:00	0.0337	0.0000	0.0064	0.54576	0.04281	0.33250	0.011700	0.25421
4/10/2001 10:00	0.2897	0.0000	0.0528	0.46812	0.03424	0.34779	0.011700	0.26019
4/10/2001 11:00	0.4919	0.0000	0.0883	0.40063	0.03424	0.36309	0.011700	0.26027
4/10/2001 12:00	0.6318	0.0000	0.1111	0.34801	0.03424	0.35331	0.011700	0.25589
4/10/2001 13:00	0.7728	0.0000	0.1332	0.31734	0.03424	0.32072	0.011700	0.26473
4/10/2001 14:00	0.9189	0.0000	0.1534	0.28643	0.03424	0.29567	0.011700	0.27964
4/10/2001 15:00	1.0678	0.0000	0.1766	0.29071	0.03424	0.30433	0.011700	0.29518
4/10/2001 16:00	1.1520	0.0000	0.1906	0.32836	0.03639	0.35098	0.011700	0.34915
4/10/2001 17:00	1.0413	0.0000	0.1835	0.40967	0.04923	0.43555	0.011700	0.42416
4/10/2001 18:00	0.8725	0.0000	0.1601	0.48542	0.08989	0.39348	0.041700	0.46051
4/10/2001 19:00	0.5171	0.0000	0.0988	0.49830	0.17764	0.31774	0.011700	0.47534
4/10/2001 20:00	0.0000	0.0000	0.0000	0.45342	0.29108	0.28125	0.011700	0.49168
4/10/2001 21:00	0.0000	0.0000	0.0000	0.39966	0.31462	0.26494	0.011700	0.48020
4/10/2001 22:00	0.0000	0.0000	0.0000	0.31441	0.23543	0.21327	0.011700	0.41555
4/10/2001 23:00	0.0000	0.0000	0.0000	0.22281	0.16266	0.14336	0.011700	0.36111
4/11/2001 00:00	0.0000	0.0000	0.0000	0.12580	0.08347	0.09397	0.011700	0.29869
4/11/2001 01:00	0.0000	0.0000	0.0000	0.08037	0.05137	0.07966	0.011700	0.27502
4/11/2001 02:00	0.0000	0.0000	0.0000	0.06760	0.03424	0.06742	0.011700	0.27183
4/11/2001 03:00	0.0000	0.0000	0.0000	0.07116	0.03424	0.06007	0.011700	0.26800
4/11/2001 04:00	0.0000	0.0000	0.0000	0.10669	0.03424	0.07002	0.011700	0.25788
4/11/2001 05:00	0.0000	0.0000	0.0000	0.26271	0.03639	0.08238	0.011700	0.28777
4/11/2001 06:00	0.0000	0.0000	0.0000	0.55318	0.05993	0.13459	0.011700	0.33249
4/11/2001 07:00	0.0000	0.0000	0.0000	0.63118	0.11130	0.21032	0.041700	0.35330
4/11/2001 08:00	0.0000	0.0000	0.0000	0.60871	0.08989	0.27132	0.011700	0.29869
4/11/2001 09:00	0.1570	0.0000	0.0295	0.54250	0.04281	0.33250	0.011700	0.25421
4/11/2001 10:00	0.3367	0.0000	0.0609	0.46629	0.03424	0.34779	0.011700	0.26019
4/11/2001 11:00	0.5822	0.0000	0.1021	0.39907	0.03424	0.36309	0.011700	0.26027
4/11/2001 12:00	0.6264	0.0000	0.1088	0.34667	0.03424	0.35331	0.011700	0.25589
4/11/2001 13:00	0.7194	0.0000	0.1236	0.31614	0.03424	0.32072	0.011700	0.26473
4/11/2001 14:00	0.7825	0.0000	0.1345	0.28535	0.03424	0.29567	0.011700	0.27964
4/11/2001 15:00	0.8481	0.0000	0.1459	0.28962	0.03424	0.30433	0.011700	0.29518
4/11/2001 16:00	0.8253	0.0000	0.1479	0.32712	0.03639	0.35098	0.011700	0.34915
4/11/2001 17:00	0.7437	0.0000	0.1388	0.40812	0.04923	0.43555	0.011700	0.42416
4/11/2001 18:00	0.6858	0.0000	0.1282	0.48358	0.08989	0.39348	0.041700	0.46051
4/11/2001 19:00	0.4210	0.0000	0.0816	0.49643	0.17764	0.31774	0.011700	0.47534
4/11/2001 20:00	0.2745	0.0000	0.0542	0.45171	0.29108	0.28125	0.011700	0.49168
4/11/2001 21:00	0.1637	0.0000	0.0331	0.39745	0.31462	0.26494	0.011700	0.48020
4/11/2001 22:00	0.0669	0.0000	0.0138	0.31246	0.23543	0.21327	0.011700	0.41555
4/11/2001 23:00	0.0047	0.0000	0.0010	0.22082	0.16266	0.14336	0.011700	0.36111
4/12/2001 00:00	0.0000	0.0000	0.0000	0.12289	0.08347	0.09397	0.011700	0.29869
4/12/2001 01:00	0.0000	0.0000	0.0000	0.07826	0.05137	0.07966	0.011700	0.27502
4/12/2001 02:00	0.0000	0.0000	0.0000	0.06682	0.03424	0.06742	0.011700	0.27183
4/12/2001 03:00	0.0000	0.0000	0.0000	0.07219	0.03424	0.06007	0.011700	0.26800
4/12/2001 04:00	0.0000	0.0000	0.0000	0.10775	0.03424	0.07002	0.011700	0.25788
4/12/2001 05:00	0.0000	0.0000	0.0000	0.26202	0.03639	0.08238	0.011700	0.28777
4/12/2001 06:00	0.0000	0.0000	0.0000	0.55089	0.05993	0.13459	0.011700	0.33249
4/12/2001 07:00	0.0000	0.0000	0.0000	0.62886	0.11130	0.21032	0.041700	0.35330
4/12/2001 08:00	0.0000	0.0000	0.0000	0.60700	0.08989	0.27132	0.011700	0.29869
4/12/2001 09:00	0.0200	0.0000	0.0038	0.54126	0.04281	0.33250	0.011700	0.25421
4/12/2001 10:00	0.2176	0.0000	0.0398	0.46441	0.03424	0.34779	0.011700	0.26019
4/12/2001 11:00	0.4190	0.0000	0.0748	0.39749	0.03424	0.36309	0.011700	0.26027
4/12/2001 12:00	0.5407	0.0000	0.0956	0.34531	0.03424	0.35331	0.011700	0.25589
4/12/2001 13:00	0.7224	0.0000	0.1227	0.31492	0.03424	0.32072	0.011700	0.26473
4/12/2001 14:00	0.8794	0.0000	0.1461	0.28427	0.03424	0.29567	0.011700	0.27964
4/12/2001 15:00	0.9657	0.0000	0.1624	0.28853	0.03424	0.30433	0.011700	0.29518
4/12/2001 16:00	1.0337	0.0000	0.1760	0.32588	0.03639	0.35098	0.011700	0.34915
4/12/2001 17:00	1.0237	0.0000	0.1781	0.40655	0.04923	0.43555	0.011700	0.42416
4/12/2001 18:00	0.8461	0.0000	0.1546	0.48174	0.08989	0.39348	0.041700	0.46051
4/12/2001 19:00	0.4753	0.0000	0.0918	0.49455	0.17764	0.31774	0.011700	0.47534
4/12/2001 20:00	0.0000	0.0000	0.0000	0.45000	0.29108	0.28125	0.011700	0.49168
4/12/2001 21:00	0.0000	0.0000	0.0000	0.39664	0.31462	0.26494	0.011700	0.48020
4/12/2001 22:00	0.0000	0.0000	0.0000	0.31275	0.23543	0.21327	0.011700	0.41555
4/12/2001 23:00	0.0000	0.0000	0.0000	0.22154	0.16266	0.14336	0.011700	0.36111
4/13/2001 00:00	0.0000	0.0000	0.0000	0.12452	0.08347	0.09397	0.011700	0.29869
4/13/2001 01:00	0.0000	0.0000	0.0000	0.07875	0.05137	0.07966	0.011700	0.27502
4/13/2001 02:00	0.0000	0.0000	0.0000	0.06669	0.03424	0.06742	0.011700	0.27183
4/13/2001 03:00	0.0000	0.0000	0.0000	0.07028	0.03424	0.06007	0.011700	0.26800
4/13/2001 04:00	0.0000	0.0000	0.0000	0.10536	0.03424	0.07002	0.011700	0.25788
4/13/2001 05:00	0.0000	0.0000	0.0000	0.25997	0.03639	0.08238	0.011700	0.28777
4/13/2001 06:00	0.0000	0.0000	0.0000	0.54797	0.05993	0.13459	0.011700	0.33249
4/13/2001 07:00	0.0000	0.0000	0.0000	0.62527	0.11130	0.21032	0.041700	0.35330
4/13/2001 08:00	0.1115	0.0000	0.0210	0.60288	0.08989	0.27132	0.011700	0.29869
4/13/2001 09:00	0.3675	0.0000	0.0655	0.53790	0.04281	0.33250	0.011700	0.25421
4/13/2001 10:00	0.5665	0.0000	0.0988	0.46254	0.03424	0.34779	0.011700	0.26019
4/13/2001 11:00	0.8746	0.0000	0.1467	0.39591	0.03424	0.36309	0.011700	0.26027
4/13/2001 12:00	0.8905	0.0000	0.1478	0.34395	0.03424	0.35331	0.011700	0.25589
4/13/2001 13:00	1.0229	0.0000	0.1664	0.31371	0.03424	0.32072	0.011700	0.26473
4/13/2001 14:00	1.0056	0.0000	0.1656	0.28318	0.03424	0.29567	0.011700	0.27964
4/13/2001 15:00	0.9105	0.0000	0.1565	0.28743	0.03424	0.30433	0.011700	0.29518
4/13/2001 16:00	0.7348	0.0000	0.1316	0.32462	0.03639	0.35098	0.011700	0.34915
4/13/2001 17:00	0.6675	0.0000	0.1220	0.40498	0.04923	0.43555	0.011700	0.42416
4/13/2001 18:00	0.5478	0.0000	0.1013	0.47988	0.08989	0.39348	0.041700	0.46051
4/13/2001 19:00	0.3516	0.0000	0.0680	0.49265	0.17764	0.31774	0.011700	0.47534
4/13/2001 20:00	0.2626	0.0000	0.0508	0.44827	0.29108	0.28125	0.011700	0.49168
4/13/2001 21:00	0.2161	0.0000	0.0418	0.39443	0.31462	0.26494	0.011700	0.48020
4/13/2001 22:00	0.1634	0.0000	0.0316	0.31015	0.23543	0.21327	0.011700	0.41555
4/13/2001 23:00	0.1061	0.0000	0.0207	0.21929	0.16266	0.14336	0.011700	0.36111
4/14/2001 00:00	0.0561	0.0000	0.0109	0.12217	0.08347	0.09397	0.011700	0.29869
4/14/2001 01:00	0.0075	0.0000	0.0015	0.07755	0.05137	0.07966	0.011700	0.27502
4/14/2001 02:00	0.0000	0.0000	0.0000	0.06583	0.03424	0.06742	0.011700	0.27183
4/14/2001 03:00	0.0000	0.0000	0.0000	0.07114	0.03424	0.06007	0.011700	0.26800
4/14/2001 04:00	0.0000	0.0000	0.0000	0.10691	0.03424	0.07002	0.011700	0.25788
4/14/2001 05:00	0.0000	0.0000	0.0000	0.25982	0.03639	0.08238	0.011700	0.28777
4/14/2001 06:00	0.0000	0.0000	0.0000	0.54617	0.05993	0.13459	0.011700	0.33249
4/14/2001 07:00	0.0000	0.0000	0.0000	0.62332	0.11130	0.21032	0.041700	0.35330
4/14/2001 08:00	0.0000	0.0000	0.0000	0.60136	0.08989	0.27132	0.011700	0.29869
4/14/2001 09:00	0.1923	0.0000	0.0365	0.53580	0.04281	0.33250	0.011700	0.25421
4/14/2001 10:00	0.3610	0.0000	0.0662	0.46067	0.03424	0.34779	0.011700	0.26019
4/14/2001 11:00	0.5233	0.0000	0.0942	0.39432	0.03424	0.36309	0.011700	0.26027
4/14/2001 12:00	0.5766	0.0000	0.1028	0.34258	0.03424	0.35331	0.011700	0.25589
4/14/2001 13:00	0.6409	0.0000	0.1134	0.31247	0.03424	0.32072	0.011700	0.26473
4/14/2001 14:00	0.6977	0.0000	0.1223	0.28209	0.03424	0.29567	0.011700	0.27964
4/14/2001 15:00	0.7956	0.0000	0.1397	0.28632	0.03424	0.30433	0.011700	0.29518
4/14/2001 16:00	0.8402	0.0000	0.1522	0.32336	0.03639	0.35098	0.011700	0.34915
4/14/2001 17:00	0.8272	0.0000	0.1529	0.40339	0.04923	0.43555	0.011700	0.42416
4/14/2001 18:00	0.5099	0.0000	0.0987	0.47801	0.08989	0.39348	0.041700	0.46051
4/14/2001 19:00	0.0000	0.0000	0.0000	0.49074	0.17764	0.31774	0.011700	0.47534
4/14/2001 20:00	0.0000	0.0000	0.0000	0.44795	0.29108	0.28125	0.011700	0.49168
4/14/2001 21:00	0.0000	0.0000	0.0000	0.39447	0.31462	0.26494	0.011700	0.48020
4/14/2001 22:00	0.0000	0.0000	0.0000	0.30976	0.23543	0.21327	0.011700	0.41555
4/14/2001 23:00	0.0000	0.0000	0.0000	0.21947	0.16266	0.14336	0.011700	0.36111
4/15/2001 00:00	0.0000	0.0000	0.0000	0.12378	0.08347	0.09397	0.011700	0.29869
4/15/2001 01:00	0.0000	0.0000	0.0000	0.08441	0.05137	0.08360	0.011700	0.27502
4/15/2001 02:00	0.0000	0.0000	0.0000	0.07136	0.03424	0.07003	0.011700	0.27183
4/15/2001 03:00	0.0000	0.0000	0.0000	0.07468	0.03424	0.06144	0.011700	0.26800
4/15/2001 04:00	0.0000	0.0000	0.0000	0.11312	0.03424	0.07269	0.011700	0.25788
4/15/2001 05:00	0.0000	0.0000	0.0000	0.28008	0.03639	0.08648	0.011700	0.28777
4/15/2001 06:00	0.0000	0.0000	0.0000	0.59235	0.05993	0.14521	0.011700	0.33249
4/15/2001 07:00	0.0000	0.0000	0.0000	0.67869	0.11130	0.23148	0.041700	0.35330
4/15/2001 08:00	0.0000	0.0000	0.0000	0.65886	0.08989	0.30375	0.011700	0.29869
4/15/2001 09:00	0.0000	0.0000	0.0000	0.58928	0.04281	0.37753	0.011700	0.25421
4/15/2001 10:00	0.0000	0.0000	0.0000	0.50651	0.03424	0.39871	0.011700	0.26019
4/15/2001 11:00	0.0000	0.0000	0.0000	0.43252	0.03424	0.41558	0.011700	0.26027
4/15/2001 12:00	0.0000	0.0000	0.0000	0.37650	0.03424	0.40112	0.011700	0.25589
4/15/2001 13:00	0.0000	0.0000	0.0000	0.34150	0.03424	0.36431	0.011700	0.26473
4/15/2001 14:00	0.0000	0.0000	0.0000	0.30812	0.03424	0.33480	0.011700	0.27964
4/15/2001 15:00	0.0000	0.0000	0.0000	0.31222	0.03424	0.34138	0.011700	0.29518
4/15/2001 16:00	0.0000	0.0000	0.0000	0.35499	0.03639	0.38690	0.011700	0.34915
4/15/2001 17:00	0.0288	0.0000	0.0057	0.44123	0.04923	0.47090	0.011700	0.42416
4/15/2001 18:00	0.0999	0.0000	0.0195	0.52693	0.08989	0.42779	0.041700	0.46051
4/15/2001 19:00	0.1233	0.0000	0.0242	0.54578	0.17764	0.35199	0.011700	0.47534
4/15/2001 20:00	0.1109	0.0000	0.0219	0.49893	0.29108	0.31611	0.011700	0.49168
4/15/2001 21:00	0.0855	0.0000	0.0169	0.43665	0.31462	0.30055	0.011700	0.48020
4/15/2001 22:00	0.0281	0.0000	0.0056	0.34348	0.23543	0.24157	0.011700	0.41555
4/15/2001 23:00	0.0000	0.0000	0.0000	0.24004	0.16266	0.15890	0.011700	0.36111
4/16/2001 00:00	0.0000	0.0000	0.0000	0.12992	0.08347	0.10055	0.011700	0.29869
4/16/2001 01:00	0.0000	0.0000	0.0000	0.08215	0.05137	0.08360	0.011700	0.27502
4/16/2001 02:00	0.0000	0.0000	0.0000	0.06980	0.03424	0.07003	0.011700	0.27183
4/16/2001 03:00	0.0000	0.0000	0.0000	0.07383	0.03424	0.06144	0.011700	0.26800
4/16/2001 04:00	0.0000	0.0000	0.0000	0.11232	0.03424	0.07269	0.011700	0.25788
4/16/2001 05:00	0.0000	0.0000	0.0000	0.27866	0.03639	0.08648	0.011700	0.28777
4/16/2001 06:00	0.0000	0.0000	0.0000	0.58974	0.05993	0.14521	0.011700	0.33249
4/16/2001 07:00	0.0000	0.0000	0.0000	0.67591	0.11130	0.23148	0.041700	0.35330
4/16/2001 08:00	0.0000	0.0000	0.0000	0.65629	0.08989	0.30375	0.011700	0.29869
4/16/2001 09:00	0.0000	0.0000	0.0000	0.58645	0.04281	0.37753	0.011700	0.25421
4/16/2001 10:00	0.1087	0.0000	0.0213	0.50319	0.03424	0.39871	0.011700	0.26019
4/16/2001 11:00	0.1598	0.0000	0.0307	0.42938	0.03424	0.41558	0.011700	0.26027
4/16/2001 12:00	0.2641	0.0000	0.0503	0.37296	0.03424	0.40112	0.011700	0.25589
4/16/2001 13:00	0.3231	0.0000	0.0606	0.33875	0.03424	0.36431	0.011700	0.26473
4/16/2001 14:00	0.3787	0.0000	0.0706	0.30593	0.03424	0.33480	0.011700	0.27964
4/16/2001 15:00	0.4602	0.0000	0.0859	0.31006	0.03424	0.34138	0.011700	0.29518
4/16/2001 16:00	0.5507	0.0000	0.1030	0.35282	0.03639	0.38690	0.011700	0.34915
4/16/2001 17:00	0.5999	0.0000	0.1133	0.43896	0.04923	0.47090	0.011700	0.42416
4/16/2001 18:00	0.5206	0.0000	0.1002	0.52481	0.08989	0.42779	0.041700	0.46051
4/16/2001 19:00	0.2863	0.0000	0.0580	0.54360	0.17764	0.35199	0.011700	0.47534
4/16/2001 20:00	0.1674	0.0000	0.0345	0.49693	0.29108	0.31611	0.011700	0.49168
4/16/2001 21:00	0.0457	0.0000	0.0099	0.43491	0.31462	0.30055	0.011700	0.48020
4/16/2001 22:00	0.0000	0.0000	0.0000	0.34215	0.23543	0.24157	0.011700	0.41555
4/16/2001 23:00	0.0000	0.0000	0.0000	0.23951	0.16266	0.15890	0.011700	0.36111
4/17/2001 00:00	0.0000	0.0000	0.0000	0.13035	0.08347	0.10055	0.011700	0.29869
4/17/2001 01:00	0.0000	0.0000	0.0000	0.07868	0.05137	0.07966	0.011700	0.27502
4/17/2001 02:00	0.0000	0.3136	0.0193	0.06773	0.03424	0.06742	0.011700	0.27183
4/17/2001 03:00	0.0000	0.3464	0.0213	0.07200	0.03424	0.06007	0.011700	0.26800
4/17/2001 04:00	0.0000	0.3389	0.0208	0.10641	0.03424	0.07002	0.011700	0.25788
4/17/2001 05:00	0.0000	0.4463	0.0275	0.25837	0.03639	0.08238	0.011700	0.28777
4/17/2001 06:00	0.0000	0.4375	0.0269	0.54155	0.05993	0.13459	0.011700	0.33249
4/17/2001 07:00	0.0000	0.8611	0.0530	0.61760	0.11130	0.21032	0.041700	0.35330
4/17/2001 08:00	0.0000	0.3237	0.0199	0.59577	0.08989	0.27132	0.011700	0.29869
4/17/2001 09:00	0.0000	0.1995	0.0123	0.53231	0.04281	0.33250	0.011700	0.25421
4/17/2001 10:00	0.0000	0.0000	0.0000	0.45822	0.03424	0.34779	0.011700	0.26019
4/17/2001 11:00	0.0000	0.0000	0.0000	0.39270	0.03424	0.36309	0.011700	0.26027
4/17/2001 12:00	0.0000	0.0000	0.0000	0.34144	0.03424	0.35331	0.011700	0.25589
4/17/2001 13:00	0.0000	0.0000	0.0000	0.31077	0.03424	0.32072	0.011700	0.26473
4/17/2001 14:00	0.0000	0.0000	0.0000	0.27996	0.03424	0.29567	0.011700	0.27964
4/17/2001 15:00	0.0000	0.4465	0.0275	0.28472	0.03424	0.30433	0.011700	0.29518
4/17/2001 16:00	0.0000	0.2105	0.0130	0.32274	0.03639	0.35098	0.011700	0.34915
4/17/2001 17:00	0.0000	0.0000	0.0000	0.40185	0.04923	0.43555	0.011700	0.42416
4/17/2001 18:00	0.0000	0.0000	0.0000	0.47394	0.08989	0.39348	0.041700	0.46051
4/17/2001 19:00	0.0000	1.0618	0.0653	0.48659	0.17764	0.31774	0.011700	0.47534
4/17/2001 20:00	0.0000	1.1954	0.0735	0.44430	0.29108	0.28125	0.011700	0.49168
4/17/2001 21:00	0.0000	0.4291	0.0264	0.39151	0.31462	0.26494	0.011700	0.48020
4/17/2001 22:00	0.0000	0.8541	0.0525	0.30872	0.23543	0.21327	0.011700	0.41555
4/17/2001 23:00	0.0000	1.2445	0.0766	0.21945	0.16266	0.14336	0.011700	0.36111
4/18/2001 00:00	0.0000	1.5629	0.0961	0.12396	0.08347	0.09397	0.011700	0.29869
4/18/2001 01:00	0.0000	1.8461	0.1136	0.08007	0.05137	0.07966	0.011700	0.27502
4/18/2001 02:00	0.0000	2.0270	0.1247	0.06856	0.03424	0.06742	0.011700	0.27183
4/18/2001 03:00	0.0000	2.1901	0.1347	0.07190	0.03424	0.06007	0.011700	0.26800
4/18/2001 04:00	0.0000	2.3701	0.1458	0.10611	0.03424	0.07002	0.011700	0.25788
4/18/2001 05:00	0.0000	2.4070	0.1481	0.25742	0.03639	0.08238	0.011700	0.28777
4/18/2001 06:00	0.0000	2.3523	0.1447	0.53937	0.05993	0.13459	0.011700	0.33249
4/18/2001 07:00	0.0000	2.9289	0.1802	0.61506	0.11130	0.21032	0.041700	0.35330
4/18/2001 08:00	0.0000	1.3533	0.0832	0.59329	0.08989	0.27132	0.011700	0.29869
4/18/2001 09:00	0.0000	0.6513	0.0401	0.53008	0.04281	0.33250	0.011700	0.25421
4/18/2001 10:00	0.0000	0.2165	0.0133	0.45631	0.03424	0.34779	0.011700	0.26019
4/18/2001 11:00	0.0000	0.3381	0.0208	0.39113	0.03424	0.36309	0.011700	0.26027
4/18/2001 12:00	0.0000	0.0000	0.0000	0.34030	0.03424	0.35331	0.011700	0.25589
4/18/2001 13:00	0.0000	0.0000	0.0000	0.31041	0.03424	0.32072	0.011700	0.26473
4/18/2001 14:00	0.0000	0.0000	0.0000	0.27997	0.03424	0.29567	0.011700	0.27964
4/18/2001 15:00	0.0000	0.0000	0.0000	0.28358	0.03424	0.30433	0.011700	0.29518
4/18/2001 16:00	0.0000	0.0000	0.0000	0.31921	0.03639	0.35098	0.011700	0.34915
4/18/2001 17:00	0.0392	0.0000	0.0088	0.39710	0.04923	0.43555	0.011700	0.42416
4/18/2001 18:00	0.0000	0.0000	0.0000	0.47045	0.08989	0.39348	0.041700	0.46051
4/18/2001 19:00	0.0000	0.0000	0.0000	0.48307	0.17764	0.31774	0.011700	0.47534
4/18/2001 20:00	0.0000	0.0000	0.0000	0.43992	0.29108	0.28125	0.011700	0.49168
4/18/2001 21:00	0.0000	0.0000	0.0000	0.38756	0.31462	0.26494	0.011700	0.48020
4/18/2001 22:00	0.0000	0.0000	0.0000	0.30590	0.23543	0.21327	0.011700	0.41555
4/18/2001 23:00	0.0000	0.3799	0.0234	0.21820	0.16266	0.14336	0.011700	0.36111
4/19/2001 00:00	0.0000	0.7815	0.0481	0.12356	0.08347	0.09397	0.011700	0.29869
4/19/2001 01:00	0.0000	1.1948	0.0735	0.07988	0.05137	0.07966	0.011700	0.27502
4/19/2001 02:00	0.0000	1.5742	0.0968	0.06843	0.03424	0.06742	0.011700	0.27183
4/19/2001 03:00	0.0000	1.7862	0.1099	0.07175	0.03424	0.06007	0.011700	0.26800
4/19/2001 04:00	0.0000	1.9301	0.1187	0.10581	0.03424	0.07002	0.011700	0.25788
4/19/2001 05:00	0.0000	2.0044	0.1233	0.25646	0.03639	0.08238	0.011700	0.28777
4/19/2001 06:00	0.0000	1.9448	0.1196	0.53718	0.05993	0.13459	0.011700	0.33249
4/19/2001 07:00	0.0000	2.3888	0.1470	0.61250	0.11130	0.21032	0.041700	0.35330
4/19/2001 08:00	0.0000	0.7322	0.0450	0.59080	0.08989	0.27132	0.011700	0.29869
4/19/2001 09:00	0.0000	0.0000	0.0000	0.52785	0.04281	0.33250	0.011700	0.25421
4/19/2001 10:00	0.0000	0.0000	0.0000	0.45424	0.03424	0.34779	0.011700	0.26019
4/19/2001 11:00	0.0000	0.0000	0.0000	0.38825	0.03424	0.36309	0.011700	0.26027
4/19/2001 12:00	0.0000	0.0000	0.0000	0.33717	0.03424	0.35331	0.011700	0.25589
4/19/2001 13:00	0.0000	0.0000	0.0000	0.30738	0.03424	0.32072	0.011700	0.26473
4/19/2001 14:00	0.0000	0.0000	0.0000	0.27726	0.03424	0.29567	0.011700	0.27964
4/19/2001 15:00	0.0000	0.0000	0.0000	0.28252	0.03424	0.30433	0.011700	0.29518
4/19/2001 16:00	0.0000	0.0000	0.0000	0.31906	0.03639	0.35098	0.011700	0.34915
4/19/2001 17:00	0.0000	0.0000	0.0000	0.39658	0.04923	0.43555	0.011700	0.42416
4/19/2001 18:00	0.0000	0.0000	0.0000	0.46955	0.08989	0.39348	0.041700	0.46051
4/19/2001 19:00	0.0000	0.2414	0.0148	0.48340	0.17764	0.31774	0.011700	0.47534
4/19/2001 20:00	0.0000	0.0000	0.0000	0.44098	0.29108	0.28125	0.011700	0.49168
4/19/2001 21:00	0.0000	0.0000	0.0000	0.38751	0.31462	0.26494	0.011700	0.48020
4/19/2001 22:00	0.0000	0.0000	0.0000	0.30497	0.23543	0.21327	0.011700	0.41555
4/19/2001 23:00	0.0000	0.4590	0.0282	0.21738	0.16266	0.14336	0.011700	0.36111
4/20/2001 00:00	0.0000	0.4948	0.0304	0.12318	0.08347	0.09397	0.011700	0.29869
4/20/2001 01:00	0.0000	0.7542	0.0464	0.07969	0.05137	0.07966	0.011700	0.27502
4/20/2001 02:00	0.0000	1.0024	0.0617	0.06830	0.03424	0.06742	0.011700	0.27183
4/20/2001 03:00	0.0000	1.1628	0.0715	0.07160	0.03424	0.06007	0.011700	0.26800
4/20/2001 04:00	0.0000	1.2656	0.0779	0.10551	0.03424	0.07002	0.011700	0.25788
4/20/2001 05:00	0.0000	1.3183	0.0811	0.25550	0.03639	0.08238	0.011700	0.28777
4/20/2001 06:00	0.0000	1.3277	0.0817	0.53498	0.05993	0.13459	0.011700	0.33249
4/20/2001 07:00	0.0000	1.6341	0.1005	0.60993	0.11130	0.21032	0.041700	0.35330
4/20/2001 08:00	0.0000	0.2522	0.0155	0.58830	0.08989	0.27132	0.011700	0.29869
4/20/2001 09:00	0.0000	0.0000	0.0000	0.52560	0.04281	0.33250	0.011700	0.25421
4/20/2001 10:00	0.0000	0.0000	0.0000	0.45142	0.03424	0.34779	0.011700	0.26019
4/20/2001 11:00	0.0000	0.0000	0.0000	0.38555	0.03424	0.36309	0.011700	0.26027
4/20/2001 12:00	0.0761	0.0000	0.0151	0.33434	0.03424	0.35331	0.011700	0.25589
4/20/2001 13:00	0.1333	0.0000	0.0260	0.30500	0.03424	0.32072	0.011700	0.26473
4/20/2001 14:00	0.1958	0.0000	0.0380	0.27542	0.03424	0.29567	0.011700	0.27964
4/20/2001 15:00	0.2866	0.0000	0.0550	0.27958	0.03424	0.30433	0.011700	0.29518
4/20/2001 16:00	0.3652	0.0000	0.0706	0.31566	0.03639	0.35098	0.011700	0.34915
4/20/2001 17:00	0.3882	0.0000	0.0774	0.39374	0.04923	0.43555	0.011700	0.42416
4/20/2001 18:00	0.3176	0.0000	0.0645	0.46662	0.08989	0.39348	0.041700	0.46051
4/20/2001 19:00	0.1855	0.0000	0.0390	0.47914	0.17764	0.31774	0.011700	0.47534
4/20/2001 20:00	0.0835	0.0000	0.0180	0.43596	0.29108	0.28125	0.011700	0.49168
4/20/2001 21:00	0.0328	0.0000	0.0071	0.38361	0.31462	0.26494	0.011700	0.48020
4/20/2001 22:00	0.0000	0.0000	0.0000	0.30189	0.23543	0.21327	0.011700	0.41555
4/20/2001 23:00	0.0000	0.0000	0.0000	0.21409	0.16266	0.14336	0.011700	0.36111
4/21/2001 00:00	0.0000	0.0000	0.0000	0.12044	0.08347	0.09397	0.011700	0.29869
4/21/2001 01:00	0.0000	0.0000	0.0000	0.07778	0.05137	0.07966	0.011700	0.27502
4/21/2001 02:00	0.0000	0.1162	0.0071	0.06704	0.03424	0.06742	0.011700	0.27183
4/21/2001 03:00	0.0000	0.2053	0.0126	0.07143	0.03424	0.06007	0.011700	0.26800
4/21/2001 04:00	0.0000	0.1841	0.0113	0.10520	0.03424	0.07002	0.011700	0.25788
4/21/2001 05:00	0.0000	0.2613	0.0161	0.25453	0.03639	0.08238	0.011700	0.28777
4/21/2001 06:00	0.0000	0.2305	0.0142	0.53278	0.05993	0.13459	0.011700	0.33249
4/21/2001 07:00	0.0000	0.1602	0.0099	0.60736	0.11130	0.21032	0.041700	0.35330
4/21/2001 08:00	0.0000	0.0000	0.0000	0.58580	0.08989	0.27132	0.011700	0.29869
4/21/2001 09:00	0.0000	0.0000	0.0000	0.52206	0.04281	0.33250	0.011700	0.25421
4/21/2001 10:00	0.0660	0.0000	0.0130	0.44773	0.03424	0.34779	0.011700	0.26019
4/21/2001 11:00	0.1538	0.0000	0.0293	0.38299	0.03424	0.36309	0.011700	0.26027
4/21/2001 12:00	0.2416	0.0000	0.0459	0.33283	0.03424	0.35331	0.011700	0.25589
4/21/2001 13:00	0.0596	0.0000	0.0115	0.30373	0.03424	0.32072	0.011700	0.26473
4/21/2001 14:00	0.5961	0.0000	0.1104	0.27430	0.03424	0.29567	0.011700	0.27964
4/21/2001 15:00	0.4738	0.0000	0.0887	0.27844	0.03424	0.30433	0.011700	0.29518
4/21/2001 16:00	0.4736	0.0000	0.0912	0.31437	0.03639	0.35098	0.011700	0.34915
4/21/2001 17:00	0.2083	0.0000	0.0401	0.39212	0.04923	0.43555	0.011700	0.42416
4/21/2001 18:00	0.0000	0.0000	0.0000	0.46470	0.08989	0.39348	0.041700	0.46051
4/21/2001 19:00	0.0000	0.0000	0.0000	0.47779	0.17764	0.31774	0.011700	0.47534
4/21/2001 20:00	0.0000	0.0000	0.0000	0.43626	0.29108	0.28125	0.011700	0.49168
4/21/2001 21:00	0.0000	0.0000	0.0000	0.38449	0.31462	0.26494	0.011700	0.48020
4/21/2001 22:00	0.0000	0.0000	0.0000	0.30201	0.23543	0.21327	0.011700	0.41555
4/21/2001 23:00	0.0000	0.0000	0.0000	0.21391	0.16266	0.14336	0.011700	0.36111
4/22/2001 00:00	0.0000	0.0434	0.0027	0.12123	0.08347	0.09397	0.011700	0.29869
4/22/2001 01:00	0.0000	0.1463	0.0090	0.08349	0.05137	0.08360	0.011700	0.27502
4/22/2001 02:00	0.0000	0.1569	0.0097	0.07114	0.03424	0.07003	0.011700	0.27183
4/22/2001 03:00	0.0000	0.3669	0.0226	0.07465	0.03424	0.06144	0.011700	0.26800
4/22/2001 04:00	0.0000	0.5101	0.0314	0.11174	0.03424	0.07269	0.011700	0.25788
4/22/2001 05:00	0.0000	0.6284	0.0387	0.27352	0.03639	0.08648	0.011700	0.28777
4/22/2001 06:00	0.0000	0.5981	0.0368	0.57639	0.05993	0.14521	0.011700	0.33249
4/22/2001 07:00	0.0000	0.5727	0.0352	0.66006	0.11130	0.23148	0.041700	0.35330
4/22/2001 08:00	0.0000	0.0000	0.0000	0.64063	0.08989	0.30375	0.011700	0.29869
4/22/2001 09:00	0.0000	0.0000	0.0000	0.57258	0.04281	0.37753	0.011700	0.25421
4/22/2001 10:00	0.0735	0.0000	0.0143	0.49091	0.03424	0.39871	0.011700	0.26019
4/22/2001 11:00	0.1698	0.0000	0.0322	0.41848	0.03424	0.41558	0.011700	0.26027
4/22/2001 12:00	0.2663	0.0000	0.0502	0.36355	0.03424	0.40112	0.011700	0.25589
4/22/2001 13:00	0.3649	0.0000	0.0687	0.33035	0.03424	0.36431	0.011700	0.26473
4/22/2001 14:00	0.4432	0.0000	0.0817	0.29843	0.03424	0.33480	0.011700	0.27964
4/22/2001 15:00	0.5007	0.0000	0.0933	0.30250	0.03424	0.34138	0.011700	0.29518
4/22/2001 16:00	0.5632	0.0000	0.1060	0.34415	0.03639	0.38690	0.011700	0.34915
4/22/2001 17:00	0.6150	0.0000	0.1168	0.42815	0.04923	0.47090	0.011700	0.42416
4/22/2001 18:00	0.5394	0.0000	0.1044	0.51196	0.08989	0.42779	0.041700	0.46051
4/22/2001 19:00	0.3351	0.0000	0.0671	0.53037	0.17764	0.35199	0.011700	0.47534
4/22/2001 20:00	0.1976	0.0000	0.0405	0.48481	0.29108	0.31611	0.011700	0.49168
4/22/2001 21:00	0.1095	0.0000	0.0228	0.42430	0.31462	0.30055	0.011700	0.48020
4/22/2001 22:00	0.0305	0.0000	0.0064	0.33403	0.23543	0.24157	0.011700	0.41555
4/22/2001 23:00	0.0000	0.0000	0.0000	0.23383	0.16266	0.15890	0.011700	0.36111
4/23/2001 00:00	0.0000	0.0000	0.0000	0.12724	0.08347	0.10055	0.011700	0.29869
4/23/2001 01:00	0.0000	0.0000	0.0000	0.08117	0.05137	0.08360	0.011700	0.27502
4/23/2001 02:00	0.0000	0.0000	0.0000	0.06958	0.03424	0.07003	0.011700	0.27183
4/23/2001 03:00	0.0000	0.0000	0.0000	0.07374	0.03424	0.06144	0.011700	0.26800
4/23/2001 04:00	0.0000	0.1306	0.0080	0.11118	0.03424	0.07269	0.011700	0.25788
4/23/2001 05:00	0.0000	0.2336	0.0144	0.27245	0.03639	0.08648	0.011700	0.28777
4/23/2001 06:00	0.0000	0.2856	0.0176	0.57397	0.05993	0.14521	0.011700	0.33249
4/23/2001 07:00	0.0000	0.3087	0.0190	0.65721	0.11130	0.23148	0.041700	0.35330
4/23/2001 08:00	0.0000	0.0000	0.0000	0.63783	0.08989	0.30375	0.011700	0.29869
4/23/2001 09:00	0.0000	0.0000	0.0000	0.56971	0.04281	0.37753	0.011700	0.25421
4/23/2001 10:00	0.1119	0.0000	0.0218	0.48833	0.03424	0.39871	0.011700	0.26019
4/23/2001 11:00	0.1884	0.0000	0.0358	0.41663	0.03424	0.41558	0.011700	0.26027
4/23/2001 12:00	0.3044	0.0000	0.0567	0.36197	0.03424	0.40112	0.011700	0.25589
4/23/2001 13:00	0.3854	0.0000	0.0717	0.32893	0.03424	0.36431	0.011700	0.26473
4/23/2001 14:00	0.4615	0.0000	0.0841	0.29717	0.03424	0.33480	0.011700	0.27964
4/23/2001 15:00	0.5549	0.0000	0.1012	0.30123	0.03424	0.34138	0.011700	0.29518
4/23/2001 16:00	0.6266	0.0000	0.1165	0.34269	0.03639	0.38690	0.011700	0.34915
4/23/2001 17:00	0.6696	0.0000	0.1246	0.42633	0.04923	0.47090	0.011700	0.42416
4/23/2001 18:00	0.5732	0.0000	0.1098	0.50979	0.08989	0.42779	0.041700	0.46051
4/23/2001 19:00	0.3401	0.0000	0.0680	0.52815	0.17764	0.35199	0.011700	0.47534
4/23/2001 20:00	0.2024	0.0000	0.0414	0.48277	0.29108	0.31611	0.011700	0.49168
4/23/2001 21:00	0.1256	0.0000	0.0257	0.42252	0.31462	0.30055	0.011700	0.48020
4/23/2001 22:00	0.0517	0.0000	0.0107	0.33266	0.23543	0.24157	0.011700	0.41555
4/23/2001 23:00	0.0000	0.0000	0.0000	0.23293	0.16266	0.15890	0.011700	0.36111
4/24/2001 00:00	0.0000	0.0000	0.0000	0.12665	0.08347	0.10055	0.011700	0.29869
4/24/2001 01:00	0.0000	0.0000	0.0000	0.07641	0.05137	0.07966	0.011700	0.27502
4/24/2001 02:00	0.0000	0.0000	0.0000	0.06577	0.03424	0.06742	0.011700	0.27183
4/24/2001 03:00	0.0000	0.2407	0.0148	0.07074	0.03424	0.06007	0.011700	0.26800
4/24/2001 04:00	0.0000	0.0000	0.0000	0.10427	0.03424	0.07002	0.011700	0.25788
4/24/2001 05:00	0.0000	0.0000	0.0000	0.25133	0.03639	0.08238	0.011700	0.28777
4/24/2001 06:00	0.0000	0.0000	0.0000	0.52583	0.05993	0.13459	0.011700	0.33249
4/24/2001 07:00	0.0000	0.0000	0.0000	0.59931	0.11130	0.21032	0.041700	0.35330
4/24/2001 08:00	0.0000	0.0000	0.0000	0.57777	0.08989	0.27132	0.011700	0.29869
4/24/2001 09:00	0.0389	0.0000	0.0074	0.51467	0.04281	0.33250	0.011700	0.25421
4/24/2001 10:00	0.2376	0.0000	0.0433	0.44148	0.03424	0.34779	0.011700	0.26019
4/24/2001 11:00	0.3382	0.0000	0.0615	0.37804	0.03424	0.36309	0.011700	0.26027
4/24/2001 12:00	0.4576	0.0000	0.0815	0.32859	0.03424	0.35331	0.011700	0.25589
4/24/2001 13:00	0.5218	0.0000	0.0937	0.29993	0.03424	0.32072	0.011700	0.26473
4/24/2001 14:00	0.6112	0.0000	0.1076	0.27092	0.03424	0.29567	0.011700	0.27964
4/24/2001 15:00	0.7009	0.0000	0.1235	0.27502	0.03424	0.30433	0.011700	0.29518
4/24/2001 16:00	0.7623	0.0000	0.1371	0.31046	0.03639	0.35098	0.011700	0.34915
4/24/2001 17:00	0.7753	0.0000	0.1422	0.38722	0.04923	0.43555	0.011700	0.42416
4/24/2001 18:00	0.6593	0.0000	0.1246	0.45893	0.08989	0.39348	0.041700	0.46051
4/24/2001 19:00	0.0000	0.0000	0.0000	0.47129	0.17764	0.31774	0.011700	0.47534
4/24/2001 20:00	0.0000	0.0000	0.0000	0.43001	0.29108	0.28125	0.011700	0.49168
4/24/2001 21:00	0.0000	0.0000	0.0000	0.37905	0.31462	0.26494	0.011700	0.48020
4/24/2001 22:00	0.0000	0.0000	0.0000	0.29888	0.23543	0.21327	0.011700	0.41555
4/24/2001 23:00	0.0000	0.0000	0.0000	0.21204	0.16266	0.14336	0.011700	0.36111
4/25/2001 00:00	0.0000	0.0000	0.0000	0.11837	0.08347	0.09397	0.011700	0.29869
4/25/2001 01:00	0.0000	0.0000	0.0000	0.07575	0.05137	0.07966	0.011700	0.27502
4/25/2001 02:00	0.0000	0.0000	0.0000	0.06626	0.03424	0.06742	0.011700	0.27183
4/25/2001 03:00	0.0000	0.0000	0.0000	0.06895	0.03424	0.06007	0.011700	0.26800
4/25/2001 04:00	0.0000	0.0000	0.0000	0.10165	0.03424	0.07002	0.011700	0.25788
4/25/2001 05:00	0.0000	0.0000	0.0000	0.24843	0.03639	0.08238	0.011700	0.28777
4/25/2001 06:00	0.0000	0.0000	0.0000	0.52176	0.05993	0.13459	0.011700	0.33249
4/25/2001 07:00	0.0000	0.0000	0.0000	0.59464	0.11130	0.21032	0.041700	0.35330
4/25/2001 08:00	0.0000	0.0000	0.0000	0.57454	0.08989	0.27132	0.011700	0.29869
4/25/2001 09:00	0.0000	0.0000	0.0000	0.51363	0.04281	0.33250	0.011700	0.25421
4/25/2001 10:00	0.0000	0.0000	0.0000	0.44225	0.03424	0.34779	0.011700	0.26019
4/25/2001 11:00	0.0000	0.3254	0.0200	0.37921	0.03424	0.36309	0.011700	0.26027
4/25/2001 12:00	0.0000	0.1343	0.0083	0.33041	0.03424	0.35331	0.011700	0.25589
4/25/2001 13:00	0.0000	0.0606	0.0037	0.30192	0.03424	0.32072	0.011700	0.26473
4/25/2001 14:00	0.0000	0.1611	0.0099	0.27304	0.03424	0.29567	0.011700	0.27964
4/25/2001 15:00	0.0000	0.2495	0.0153	0.27713	0.03424	0.30433	0.011700	0.29518
4/25/2001 16:00	0.0000	0.2755	0.0169	0.31241	0.03639	0.35098	0.011700	0.34915
4/25/2001 17:00	0.0000	0.2028	0.0125	0.38883	0.04923	0.43555	0.011700	0.42416
4/25/2001 18:00	0.0000	0.5967	0.0367	0.46024	0.08989	0.39348	0.041700	0.46051
4/25/2001 19:00	0.0000	0.3259	0.0200	0.47257	0.17764	0.31774	0.011700	0.47534
4/25/2001 20:00	0.0000	0.3881	0.0239	0.43027	0.29108	0.28125	0.011700	0.49168
4/25/2001 21:00	0.0000	0.3881	0.0239	0.37901	0.31462	0.26494	0.011700	0.48020
4/25/2001 22:00	0.0000	0.4638	0.0285	0.29915	0.23543	0.21327	0.011700	0.41555
4/25/2001 23:00	0.0000	0.5872	0.0361	0.21311	0.16266	0.14336	0.011700	0.36111
4/26/2001 00:00	0.0000	0.7252	0.0446	0.12095	0.08347	0.09397	0.011700	0.29869
4/26/2001 01:00	0.0000	0.8976	0.0552	0.07855	0.05137	0.07966	0.011700	0.27502
4/26/2001 02:00	0.0000	1.0094	0.0621	0.06749	0.03424	0.06742	0.011700	0.27183
4/26/2001 03:00	0.0000	1.0943	0.0673	0.07070	0.03424	0.06007	0.011700	0.26800
4/26/2001 04:00	0.0000	1.1291	0.0695	0.10367	0.03424	0.07002	0.011700	0.25788
4/26/2001 05:00	0.0000	1.1956	0.0735	0.24968	0.03639	0.08238	0.011700	0.28777
4/26/2001 06:00	0.0000	1.2055	0.0742	0.52168	0.05993	0.13459	0.011700	0.33249
4/26/2001 07:00	0.0000	1.6277	0.1001	0.59440	0.11130	0.21032	0.041700	0.35330
4/26/2001 08:00	0.0000	0.5358	0.0330	0.57319	0.08989	0.27132	0.011700	0.29869
4/26/2001 09:00	0.0000	0.1506	0.0093	0.51203	0.04281	0.33250	0.011700	0.25421
4/26/2001 10:00	0.0000	0.0000	0.0000	0.44081	0.03424	0.34779	0.011700	0.26019
4/26/2001 11:00	0.0000	0.0000	0.0000	0.37764	0.03424	0.36309	0.011700	0.26027
4/26/2001 12:00	0.0000	0.0000	0.0000	0.32870	0.03424	0.35331	0.011700	0.25589
4/26/2001 13:00	0.0000	0.0000	0.0000	0.29947	0.03424	0.32072	0.011700	0.26473
4/26/2001 14:00	0.0000	0.0000	0.0000	0.27009	0.03424	0.29567	0.011700	0.27964
4/26/2001 15:00	0.0000	0.0000	0.0000	0.27474	0.03424	0.30433	0.011700	0.29518
4/26/2001 16:00	0.0000	0.0000	0.0000	0.31028	0.03639	0.35098	0.011700	0.34915
4/26/2001 17:00	0.0061	0.0000	0.0012	0.38553	0.04923	0.43555	0.011700	0.42416
4/26/2001 18:00	0.0000	0.0000	0.0000	0.45504	0.08989	0.39348	0.041700	0.46051
4/26/2001 19:00	0.0000	0.2654	0.0163	0.46828	0.17764	0.31774	0.011700	0.47534
4/26/2001 20:00	0.0000	0.0000	0.0000	0.42841	0.29108	0.28125	0.011700	0.49168
4/26/2001 21:00	0.0000	0.0000	0.0000	0.37734	0.31462	0.26494	0.011700	0.48020
4/26/2001 22:00	0.0000	0.0000	0.0000	0.29681	0.23543	0.21327	0.011700	0.41555
4/26/2001 23:00	0.0000	0.3709	0.0228	0.21163	0.16266	0.14336	0.011700	0.36111
4/27/2001 00:00	0.0000	0.6529	0.0402	0.12053	0.08347	0.09397	0.011700	0.29869
4/27/2001 01:00	0.0000	0.9251	0.0569	0.07835	0.05137	0.07966	0.011700	0.27502
4/27/2001 02:00	0.0000	1.2305	0.0757	0.06735	0.03424	0.06742	0.011700	0.27183
4/27/2001 03:00	0.0000	1.4530	0.0894	0.07055	0.03424	0.06007	0.011700	0.26800
4/27/2001 04:00	0.0000	1.7015	0.1047	0.10336	0.03424	0.07002	0.011700	0.25788
4/27/2001 05:00	0.0000	1.7657	0.1086	0.24870	0.03639	0.08238	0.011700	0.28777
4/27/2001 06:00	0.0000	1.7273	0.1063	0.51946	0.05993	0.13459	0.011700	0.33249
4/27/2001 07:00	0.0000	1.8233	0.1122	0.59180	0.11130	0.21032	0.041700	0.35330
4/27/2001 08:00	0.0000	0.3410	0.0210	0.57066	0.08989	0.27132	0.011700	0.29869
4/27/2001 09:00	0.0000	0.0000	0.0000	0.50976	0.04281	0.33250	0.011700	0.25421
4/27/2001 10:00	0.0000	0.0000	0.0000	0.43793	0.03424	0.34779	0.011700	0.26019
4/27/2001 11:00	0.0000	0.0000	0.0000	0.37412	0.03424	0.36309	0.011700	0.26027
4/27/2001 12:00	0.0668	0.0000	0.0134	0.32473	0.03424	0.35331	0.011700	0.25589
4/27/2001 13:00	0.1500	0.0000	0.0290	0.29612	0.03424	0.32072	0.011700	0.26473
4/27/2001 14:00	0.2133	0.0000	0.0410	0.26750	0.03424	0.29567	0.011700	0.27964
4/27/2001 15:00	0.3322	0.0000	0.0623	0.27157	0.03424	0.30433	0.011700	0.29518
4/27/2001 16:00	0.4295	0.0000	0.0813	0.30653	0.03639	0.35098	0.011700	0.34915
4/27/2001 17:00	0.4657	0.0000	0.0909	0.38228	0.04923	0.43555	0.011700	0.42416
4/27/2001 18:00	0.3597	0.0000	0.0729	0.45310	0.08989	0.39348	0.041700	0.46051
4/27/2001 19:00	0.1941	0.0000	0.0411	0.46534	0.17764	0.31774	0.011700	0.47534
4/27/2001 20:00	0.0788	0.0000	0.0173	0.42340	0.29108	0.28125	0.011700	0.49168
4/27/2001 21:00	0.0076	0.0000	0.0017	0.37257	0.31462	0.26494	0.011700	0.48020
4/27/2001 22:00	0.0000	0.0000	0.0000	0.29346	0.23543	0.21327	0.011700	0.41555
4/27/2001 23:00	0.0000	0.0000	0.0000	0.20882	0.16266	0.14336	0.011700	0.36111
4/28/2001 00:00	0.0000	0.0000	0.0000	0.11833	0.08347	0.09397	0.011700	0.29869
4/28/2001 01:00	0.0000	0.0000	0.0000	0.07715	0.05137	0.07966	0.011700	0.27502
4/28/2001 02:00	0.0000	0.2418	0.0149	0.06697	0.03424	0.06742	0.011700	0.27183
4/28/2001 03:00	0.0000	0.3612	0.0222	0.07038	0.03424	0.06007	0.011700	0.26800
4/28/2001 04:00	0.0000	0.5106	0.0314	0.10305	0.03424	0.07002	0.011700	0.25788
4/28/2001 05:00	0.0000	0.6522	0.0401	0.24772	0.03639	0.08238	0.011700	0.28777
4/28/2001 06:00	0.0000	0.6852	0.0422	0.51722	0.05993	0.13459	0.011700	0.33249
4/28/2001 07:00	0.0000	0.6205	0.0382	0.58920	0.11130	0.21032	0.041700	0.35330
4/28/2001 08:00	0.0000	0.0000	0.0000	0.56812	0.08989	0.27132	0.011700	0.29869
4/28/2001 09:00	0.0000	0.0000	0.0000	0.50696	0.04281	0.33250	0.011700	0.25421
4/28/2001 10:00	0.0000	0.0000	0.0000	0.43515	0.03424	0.34779	0.011700	0.26019
4/28/2001 11:00	0.0952	0.0000	0.0183	0.37153	0.03424	0.36309	0.011700	0.26027
4/28/2001 12:00	0.1805	0.0000	0.0337	0.32290	0.03424	0.35331	0.011700	0.25589
4/28/2001 13:00	0.2824	0.0000	0.0515	0.29483	0.03424	0.32072	0.011700	0.26473
4/28/2001 14:00	0.3903	0.0000	0.0696	0.26637	0.03424	0.29567	0.011700	0.27964
4/28/2001 15:00	0.5102	0.0000	0.0910	0.27042	0.03424	0.30433	0.011700	0.29518
4/28/2001 16:00	0.6060	0.0000	0.1093	0.30522	0.03639	0.35098	0.011700	0.34915
4/28/2001 17:00	0.6190	0.0000	0.1140	0.38063	0.04923	0.43555	0.011700	0.42416
4/28/2001 18:00	0.5353	0.0000	0.1026	0.45116	0.08989	0.39348	0.041700	0.46051
4/28/2001 19:00	0.0000	0.0000	0.0000	0.46336	0.17764	0.31774	0.011700	0.47534
4/28/2001 20:00	0.0000	0.0000	0.0000	0.42264	0.29108	0.28125	0.011700	0.49168
4/28/2001 21:00	0.0000	0.0000	0.0000	0.37307	0.31462	0.26494	0.011700	0.48020
4/28/2001 22:00	0.0000	0.0000	0.0000	0.29414	0.23543	0.21327	0.011700	0.41555
4/28/2001 23:00	0.0000	0.0000	0.0000	0.20895	0.16266	0.14336	0.011700	0.36111
4/29/2001 00:00	0.0000	0.0000	0.0000	0.11847	0.08347	0.09397	0.011700	0.29869
4/29/2001 01:00	0.0000	0.0000	0.0000	0.08159	0.05137	0.08360	0.011700	0.27502
4/29/2001 02:00	0.0000	0.0000	0.0000	0.06992	0.03424	0.07003	0.011700	0.27183
4/29/2001 03:00	0.0000	0.0370	0.0023	0.07331	0.03424	0.06144	0.011700	0.26800
4/29/2001 04:00	0.0000	0.2107	0.0130	0.10934	0.03424	0.07269	0.011700	0.25788
4/29/2001 05:00	0.0000	0.1678	0.0103	0.26605	0.03639	0.08648	0.011700	0.28777
4/29/2001 06:00	0.0000	0.1184	0.0073	0.55932	0.05993	0.14521	0.011700	0.33249
4/29/2001 07:00	0.0000	0.1156	0.0071	0.64001	0.11130	0.23148	0.041700	0.35330
4/29/2001 08:00	0.0000	0.0000	0.0000	0.62094	0.08989	0.30375	0.011700	0.29869
4/29/2001 09:00	0.0000	0.0000	0.0000	0.55470	0.04281	0.37753	0.011700	0.25421
4/29/2001 10:00	0.0093	0.0000	0.0018	0.47588	0.03424	0.39871	0.011700	0.26019
4/29/2001 11:00	0.0792	0.0000	0.0155	0.40551	0.03424	0.41558	0.011700	0.26027
4/29/2001 12:00	0.2092	0.0000	0.0394	0.35241	0.03424	0.40112	0.011700	0.25589
4/29/2001 13:00	0.3013	0.0000	0.0567	0.32040	0.03424	0.36431	0.011700	0.26473
4/29/2001 14:00	0.3320	0.0000	0.0635	0.28956	0.03424	0.33480	0.011700	0.27964
4/29/2001 15:00	0.3943	0.0000	0.0754	0.29355	0.03424	0.34138	0.011700	0.29518
4/29/2001 16:00	0.3742	0.0000	0.0729	0.33387	0.03639	0.38690	0.011700	0.34915
4/29/2001 17:00	0.3440	0.0000	0.0681	0.41535	0.04923	0.47090	0.011700	0.42416
4/29/2001 18:00	0.2831	0.0000	0.0565	0.49674	0.08989	0.42779	0.041700	0.46051
4/29/2001 19:00	0.1704	0.0000	0.0349	0.51471	0.17764	0.35199	0.011700	0.47534
4/29/2001 20:00	0.0929	0.0000	0.0194	0.47046	0.29108	0.31611	0.011700	0.49168
4/29/2001 21:00	0.0335	0.0000	0.0070	0.41174	0.31462	0.30055	0.011700	0.48020
4/29/2001 22:00	0.0000	0.0000	0.0000	0.32441	0.23543	0.24157	0.011700	0.41555
4/29/2001 23:00	0.0000	0.0000	0.0000	0.22779	0.16266	0.15890	0.011700	0.36111
4/30/2001 00:00	0.0000	0.0000	0.0000	0.12490	0.08347	0.10055	0.011700	0.29869
4/30/2001 01:00	0.0000	0.0000	0.0000	0.08025	0.05137	0.08360	0.011700	0.27502
4/30/2001 02:00	0.0000	0.0000	0.0000	0.06903	0.03424	0.07003	0.011700	0.27183
4/30/2001 03:00	0.0000	0.0436	0.0027	0.07294	0.03424	0.06144	0.011700	0.26800
4/30/2001 04:00	0.0000	0.1853	0.0114	0.10900	0.03424	0.07269	0.011700	0.25788
4/30/2001 05:00	0.0000	0.2193	0.0135	0.26497	0.03639	0.08648	0.011700	0.28777
4/30/2001 06:00	0.0000	0.1968	0.0121	0.55688	0.05993	0.14521	0.011700	0.33249
4/30/2001 07:00	0.0000	0.1914	0.0118	0.63713	0.11130	0.23148	0.041700	0.35330
4/30/2001 08:00	0.0000	0.0000	0.0000	0.61811	0.08989	0.30375	0.011700	0.29869
4/30/2001 09:00	0.0000	0.0000	0.0000	0.55223	0.04281	0.37753	0.011700	0.25421
4/30/2001 10:00	0.0411	0.0000	0.0081	0.47358	0.03424	0.39871	0.011700	0.26019
4/30/2001 11:00	0.1168	0.0000	0.0227	0.40368	0.03424	0.41558	0.011700	0.26027
4/30/2001 12:00	0.2160	0.0000	0.0418	0.35082	0.03424	0.40112	0.011700	0.25589
4/30/2001 13:00	0.2635	0.0000	0.0509	0.31897	0.03424	0.36431	0.011700	0.26473
4/30/2001 14:00	0.3234	0.0000	0.0619	0.28829	0.03424	0.33480	0.011700	0.27964
4/30/2001 15:00	0.3806	0.0000	0.0729	0.29227	0.03424	0.34138	0.011700	0.29518
4/30/2001 16:00	0.4381	0.0000	0.0847	0.33240	0.03639	0.38690	0.011700	0.34915
4/30/2001 17:00	0.4575	0.0000	0.0900	0.41351	0.04923	0.47090	0.011700	0.42416
4/30/2001 18:00	0.3230	0.0000	0.0646	0.49456	0.08989	0.42779	0.041700	0.46051
4/30/2001 19:00	0.2202	0.0000	0.0448	0.51246	0.17764	0.35199	0.011700	0.47534
4/30/2001 20:00	0.1303	0.0000	0.0269	0.46840	0.29108	0.31611	0.011700	0.49168
4/30/2001 21:00	0.0761	0.0000	0.0158	0.40994	0.31462	0.30055	0.011700	0.48020
4/30/2001 22:00	0.0131	0.0000	0.0027	0.32303	0.23543	0.24157	0.011700	0.41555
4/30/2001 23:00	0.0000	0.0000	0.0000	0.22661	0.16266	0.15890	0.011700	0.36111
5/1/2001 00:00	0.0000	0.0000	0.0000	0.12386	0.08347	0.10055	0.011700	0.29869
5/1/2001 01:00	0.0000	0.0000	0.0000	0.07524	0.05017	0.07966	0.011700	0.27502
5/1/2001 02:00	0.0000	0.0000	0.0000	0.06491	0.03344	0.06742	0.011700	0.27183
5/1/2001 03:00	0.0000	0.0475	0.0029	0.06937	0.03344	0.06007	0.011700	0.26800
5/1/2001 04:00	0.0000	0.0000	0.0000	0.10212	0.03344	0.07002	0.011700	0.25788
5/1/2001 05:00	0.0000	0.0000	0.0000	0.24429	0.03530	0.08238	0.011700	0.28777
5/1/2001 06:00	0.0000	0.0000	0.0000	0.50982	0.05017	0.13459	0.011700	0.33249
5/1/2001 07:00	0.0000	0.0000	0.0000	0.58054	0.08361	0.21032	0.041700	0.35330
5/1/2001 08:00	0.0000	0.0000	0.0000	0.56003	0.06317	0.27132	0.011700	0.29869
5/1/2001 09:00	0.0000	0.0000	0.0000	0.49947	0.03344	0.33250	0.011700	0.25421
5/1/2001 10:00	0.0747	0.0000	0.0142	0.42843	0.02787	0.34779	0.011700	0.26019
5/1/2001 11:00	0.2001	0.0000	0.0376	0.36647	0.02787	0.36309	0.011700	0.26027
5/1/2001 12:00	0.1685	0.0000	0.0318	0.31863	0.02787	0.35331	0.011700	0.25589
5/1/2001 13:00	0.0000	0.0000	0.0000	0.29099	0.02787	0.32072	0.011700	0.26473
5/1/2001 14:00	0.0000	0.0000	0.0000	0.26336	0.02787	0.29567	0.011700	0.27964
5/1/2001 15:00	0.0000	0.0000	0.0000	0.26997	0.02787	0.30433	0.011700	0.29518
5/1/2001 16:00	0.0000	0.0000	0.0000	0.30355	0.02973	0.35098	0.011700	0.34915
5/1/2001 17:00	0.1257	0.0000	0.0251	0.37591	0.03716	0.43555	0.011700	0.42416
5/1/2001 18:00	0.0000	0.0000	0.0000	0.44535	0.06503	0.39348	0.041700	0.46051
5/1/2001 19:00	0.0000	0.0000	0.0000	0.45911	0.13006	0.31774	0.011700	0.47534
5/1/2001 20:00	0.0000	0.0000	0.0000	0.41887	0.22854	0.28125	0.011700	0.49168
5/1/2001 21:00	0.0154	0.0000	0.0031	0.36724	0.29914	0.26494	0.011700	0.48020
5/1/2001 22:00	0.0000	0.0000	0.0000	0.28862	0.23411	0.21327	0.011700	0.41555
5/1/2001 23:00	0.0000	0.0000	0.0000	0.20642	0.16351	0.14336	0.011700	0.36111
5/2/2001 00:00	0.0000	0.0000	0.0000	0.11835	0.08361	0.09397	0.011700	0.29869
5/2/2001 01:00	0.0000	0.0000	0.0000	0.07641	0.05017	0.07966	0.011700	0.27502
5/2/2001 02:00	0.0000	0.0000	0.0000	0.06539	0.03344	0.06742	0.011700	0.27183
5/2/2001 03:00	0.0000	0.0000	0.0000	0.06882	0.03344	0.06007	0.011700	0.26800
5/2/2001 04:00	0.0000	0.0000	0.0000	0.10114	0.03344	0.07002	0.011700	0.25788
5/2/2001 05:00	0.0000	0.0000	0.0000	0.24330	0.03530	0.08238	0.011700	0.28777
5/2/2001 06:00	0.0000	0.0000	0.0000	0.50788	0.05017	0.13459	0.011700	0.33249
5/2/2001 07:00	0.0000	0.0000	0.0000	0.57824	0.08361	0.21032	0.041700	0.35330
5/2/2001 08:00	0.0000	0.0000	0.0000	0.55780	0.06317	0.27132	0.011700	0.29869
5/2/2001 09:00	0.0000	0.0000	0.0000	0.49793	0.03344	0.33250	0.011700	0.25421
5/2/2001 10:00	0.0000	0.0000	0.0000	0.42844	0.02787	0.34779	0.011700	0.26019
5/2/2001 11:00	0.0000	0.0000	0.0000	0.36730	0.02787	0.36309	0.011700	0.26027
5/2/2001 12:00	0.0000	0.0000	0.0000	0.32042	0.02787	0.35331	0.011700	0.25589
5/2/2001 13:00	0.0000	0.0000	0.0000	0.29211	0.02787	0.32072	0.011700	0.26473
5/2/2001 14:00	0.0000	0.0000	0.0000	0.26329	0.02787	0.29567	0.011700	0.27964
5/2/2001 15:00	0.0000	0.0000	0.0000	0.26677	0.02787	0.30433	0.011700	0.29518
5/2/2001 16:00	0.0000	0.0000	0.0000	0.30067	0.02973	0.35098	0.011700	0.34915
5/2/2001 17:00	0.0000	0.0000	0.0000	0.37454	0.03716	0.43555	0.011700	0.42416
5/2/2001 18:00	0.0000	0.0000	0.0000	0.44338	0.06503	0.39348	0.041700	0.46051
5/2/2001 19:00	0.0046	0.0000	0.0010	0.45588	0.13006	0.31774	0.011700	0.47534
5/2/2001 20:00	0.0000	0.0000	0.0000	0.41437	0.22854	0.28125	0.011700	0.49168
5/2/2001 21:00	0.0000	0.0000	0.0000	0.36492	0.29914	0.26494	0.011700	0.48020
5/2/2001 22:00	0.0000	0.0000	0.0000	0.28834	0.23411	0.21327	0.011700	0.41555
5/2/2001 23:00	0.0000	0.0000	0.0000	0.20592	0.16351	0.14336	0.011700	0.36111
5/3/2001 00:00	0.0000	0.1554	0.0096	0.11764	0.08361	0.09397	0.011700	0.29869
5/3/2001 01:00	0.0000	0.4816	0.0296	0.07719	0.05017	0.07966	0.011700	0.27502
5/3/2001 02:00	0.0000	0.7636	0.0470	0.06654	0.03344	0.06742	0.011700	0.27183
5/3/2001 03:00	0.0000	1.0164	0.0625	0.06964	0.03344	0.06007	0.011700	0.26800
5/3/2001 04:00	0.0000	1.1798	0.0726	0.10150	0.03344	0.07002	0.011700	0.25788
5/3/2001 05:00	0.0000	1.2262	0.0754	0.24284	0.03530	0.08238	0.011700	0.28777
5/3/2001 06:00	0.0000	1.1202	0.0689	0.50606	0.05017	0.13459	0.011700	0.33249
5/3/2001 07:00	0.0000	1.3517	0.0831	0.57616	0.08361	0.21032	0.041700	0.35330
5/3/2001 08:00	0.0000	0.5521	0.0340	0.55543	0.06317	0.27132	0.011700	0.29869
5/3/2001 09:00	0.0000	0.1760	0.0108	0.49608	0.03344	0.33250	0.011700	0.25421
5/3/2001 10:00	0.0000	0.0000	0.0000	0.42712	0.02787	0.34779	0.011700	0.26019
5/3/2001 11:00	0.0000	0.0000	0.0000	0.36597	0.02787	0.36309	0.011700	0.26027
5/3/2001 12:00	0.0000	0.0000	0.0000	0.31859	0.02787	0.35331	0.011700	0.25589
5/3/2001 13:00	0.0000	0.0000	0.0000	0.29022	0.02787	0.32072	0.011700	0.26473
5/3/2001 14:00	0.0000	0.0000	0.0000	0.26155	0.02787	0.29567	0.011700	0.27964
5/3/2001 15:00	0.0000	0.0000	0.0000	0.26641	0.02787	0.30433	0.011700	0.29518
5/3/2001 16:00	0.0000	0.0000	0.0000	0.30130	0.02973	0.35098	0.011700	0.34915
5/3/2001 17:00	0.0000	0.0000	0.0000	0.37471	0.03716	0.43555	0.011700	0.42416
5/3/2001 18:00	0.0000	0.0000	0.0000	0.44230	0.06503	0.39348	0.041700	0.46051
5/3/2001 19:00	0.0000	0.0000	0.0000	0.45488	0.13006	0.31774	0.011700	0.47534
5/3/2001 20:00	0.0000	0.0000	0.0000	0.41577	0.22854	0.28125	0.011700	0.49168
5/3/2001 21:00	0.0000	0.0000	0.0000	0.36608	0.29914	0.26494	0.011700	0.48020
5/3/2001 22:00	0.0000	0.0000	0.0000	0.28800	0.23411	0.21327	0.011700	0.41555
5/3/2001 23:00	0.0000	0.0000	0.0000	0.20514	0.16351	0.14336	0.011700	0.36111
5/4/2001 00:00	0.0000	0.1978	0.0122	0.11744	0.08361	0.09397	0.011700	0.29869
5/4/2001 01:00	0.0000	0.0000	0.0000	0.07700	0.05017	0.07966	0.011700	0.27502
5/4/2001 02:00	0.0000	0.0000	0.0000	0.06632	0.03344	0.06742	0.011700	0.27183
5/4/2001 03:00	0.0000	0.0000	0.0000	0.06926	0.03344	0.06007	0.011700	0.26800
5/4/2001 04:00	0.0000	0.0000	0.0000	0.10100	0.03344	0.07002	0.011700	0.25788
5/4/2001 05:00	0.0000	0.0000	0.0000	0.24161	0.03530	0.08238	0.011700	0.28777
5/4/2001 06:00	0.0000	0.0000	0.0000	0.50337	0.05017	0.13459	0.011700	0.33249
5/4/2001 07:00	0.0000	0.0000	0.0000	0.57265	0.08361	0.21032	0.041700	0.35330
5/4/2001 08:00	0.0000	0.0000	0.0000	0.55169	0.06317	0.27132	0.011700	0.29869
5/4/2001 09:00	0.0000	0.0000	0.0000	0.49235	0.03344	0.33250	0.011700	0.25421
5/4/2001 10:00	0.0000	0.0000	0.0000	0.42289	0.02787	0.34779	0.011700	0.26019
5/4/2001 11:00	0.1019	0.0000	0.0193	0.36160	0.02787	0.36309	0.011700	0.26027
5/4/2001 12:00	0.2609	0.0000	0.0475	0.31436	0.02787	0.35331	0.011700	0.25589
5/4/2001 13:00	0.3618	0.0000	0.0656	0.28717	0.02787	0.32072	0.011700	0.26473
5/4/2001 14:00	0.4645	0.0000	0.0832	0.25954	0.02787	0.29567	0.011700	0.27964
5/4/2001 15:00	0.3842	0.0000	0.0716	0.26352	0.02787	0.30433	0.011700	0.29518
5/4/2001 16:00	0.3809	0.0000	0.0709	0.29734	0.02973	0.35098	0.011700	0.34915
5/4/2001 17:00	0.3863	0.0000	0.0720	0.37075	0.03716	0.43555	0.011700	0.42416
5/4/2001 18:00	0.3668	0.0000	0.0683	0.43950	0.06503	0.39348	0.041700	0.46051
5/4/2001 19:00	0.2503	0.0000	0.0478	0.45147	0.13006	0.31774	0.011700	0.47534
5/4/2001 20:00	0.1915	0.0000	0.0369	0.41077	0.22854	0.28125	0.011700	0.49168
5/4/2001 21:00	0.1623	0.0000	0.0315	0.36147	0.29914	0.26494	0.011700	0.48020
5/4/2001 22:00	0.1257	0.0000	0.0244	0.28499	0.23411	0.21327	0.011700	0.41555
5/4/2001 23:00	0.0654	0.0000	0.0128	0.20263	0.16351	0.14336	0.011700	0.36111
