Date/Time	Cooling (E)	Heating (E)	HVAC Fan/Pump (E)	Hot Water (E)	Lights (E)	Lg. Appl. (E)	Vent Fan (E)	Misc. (E)
	kWh	kWh	kWh	kWh	kWh	kWh	kWh	kWh
2/1/2001 00:00	0.0000	1.4975	0.0921	0.14116	0.08377	0.09397	0.011700	0.29869
2/1/2001 01:00	0.0000	1.3347	0.0821	0.08893	0.04964	0.07966	0.011700	0.27502
2/1/2001 02:00	0.0000	1.1143	0.0685	0.07482	0.03413	0.06742	0.011700	0.27183
2/1/2001 03:00	0.0000	0.8651	0.0532	0.07888	0.03413	0.06007	0.011700	0.26800
2/1/2001 04:00	0.0000	0.7476	0.0460	0.12037	0.03413	0.07002	0.011700	0.25788
2/1/2001 05:00	0.0000	0.6306	0.0388	0.30249	0.03723	0.08238	0.011700	0.28777
2/1/2001 06:00	0.0000	0.4958	0.0305	0.64232	0.07136	0.13459	0.011700	0.33249
2/1/2001 07:00	0.0000	0.8156	0.0502	0.73530	0.14272	0.21032	0.041700	0.35330
2/1/2001 08:00	0.0000	0.1831	0.0113	0.71032	0.12720	0.27132	0.011700	0.29869
2/1/2001 09:00	0.0000	0.0000	0.0000	0.63519	0.06205	0.33250	0.011700	0.25421
2/1/2001 10:00	0.0000	0.0000	0.0000	0.54642	0.04964	0.34779	0.011700	0.26019
2/1/2001 11:00	0.0000	0.0000	0.0000	0.46634	0.04964	0.36309	0.011700	0.26027
2/1/2001 12:00	0.0000	0.0000	0.0000	0.40355	0.04964	0.35331	0.011700	0.25589
2/1/2001 13:00	0.0000	0.0000	0.0000	0.36658	0.04964	0.32072	0.011700	0.26473
2/1/2001 14:00	0.0000	0.0000	0.0000	0.33146	0.05274	0.29567	0.011700	0.27964
2/1/2001 15:00	0.0000	0.0000	0.0000	0.33766	0.06205	0.30433	0.011700	0.29518
2/1/2001 16:00	0.0000	0.0000	0.0000	0.38092	0.09618	0.35098	0.011700	0.34915
2/1/2001 17:00	0.0000	0.0000	0.0000	0.47378	0.18615	0.43555	0.011700	0.42416
2/1/2001 18:00	0.0000	0.0000	0.0000	0.56165	0.31956	0.39348	0.041700	0.46051
2/1/2001 19:00	0.0000	0.0000	0.0000	0.57745	0.40953	0.31774	0.011700	0.47534
2/1/2001 20:00	0.0000	0.0000	0.0000	0.52558	0.38161	0.28125	0.011700	0.49168
2/1/2001 21:00	0.0000	0.0000	0.0000	0.46152	0.31646	0.26494	0.011700	0.48020
2/1/2001 22:00	0.0000	0.0000	0.0000	0.36165	0.23579	0.21327	0.011700	0.41555
2/1/2001 23:00	0.0000	0.2804	0.0172	0.25516	0.16443	0.14336	0.011700	0.36111
2/2/2001 00:00	0.0000	0.0000	0.0000	0.14111	0.08377	0.09397	0.011700	0.29869
2/2/2001 01:00	0.0000	0.0000	0.0000	0.08867	0.04964	0.07966	0.011700	0.27502
2/2/2001 02:00	0.0000	0.1660	0.0102	0.07476	0.03413	0.06742	0.011700	0.27183
2/2/2001 03:00	0.0000	0.2674	0.0164	0.07887	0.03413	0.06007	0.011700	0.26800
2/2/2001 04:00	0.0000	0.4211	0.0259	0.12035	0.03413	0.07002	0.011700	0.25788
2/2/2001 05:00	0.0000	0.4167	0.0256	0.30243	0.03723	0.08238	0.011700	0.28777
2/2/2001 06:00	0.0000	0.3879	0.0239	0.64218	0.07136	0.13459	0.011700	0.33249
2/2/2001 07:00	0.0000	0.7889	0.0485	0.73514	0.14272	0.21032	0.041700	0.35330
2/2/2001 08:00	0.0000	0.0849	0.0052	0.71016	0.12720	0.27132	0.011700	0.29869
2/2/2001 09:00	0.0000	0.0000	0.0000	0.63504	0.06205	0.33250	0.011700	0.25421
2/2/2001 10:00	0.0000	0.0000	0.0000	0.54504	0.04964	0.34779	0.011700	0.26019
2/2/2001 11:00	0.0000	0.0000	0.0000	0.46426	0.04964	0.36309	0.011700	0.26027
2/2/2001 12:00	0.0000	0.0000	0.0000	0.40117	0.04964	0.35331	0.011700	0.25589
2/2/2001 13:00	0.0000	0.0000	0.0000	0.36306	0.04964	0.32072	0.011700	0.26473
2/2/2001 14:00	0.0000	0.0000	0.0000	0.32581	0.05274	0.29567	0.011700	0.27964
2/2/2001 15:00	0.0000	0.0000	0.0000	0.32970	0.06205	0.30433	0.011700	0.29518
2/2/2001 16:00	0.0000	0.0000	0.0000	0.37304	0.09618	0.35098	0.011700	0.34915
2/2/2001 17:00	0.0000	0.0000	0.0000	0.46731	0.18615	0.43555	0.011700	0.42416
2/2/2001 18:00	0.0000	0.0000	0.0000	0.55512	0.31956	0.39348	0.041700	0.46051
2/2/2001 19:00	0.0000	0.0000	0.0000	0.57122	0.40953	0.31774	0.011700	0.47534
2/2/2001 20:00	0.0000	0.0000	0.0000	0.51969	0.38161	0.28125	0.011700	0.49168
2/2/2001 21:00	0.0000	0.0000	0.0000	0.45703	0.31646	0.26494	0.011700	0.48020
2/2/2001 22:00	0.0000	0.0000	0.0000	0.35787	0.23579	0.21327	0.011700	0.41555
2/2/2001 23:00	0.0000	0.0000	0.0000	0.25074	0.16443	0.14336	0.011700	0.36111
2/3/2001 00:00	0.0000	0.0000	0.0000	0.13685	0.08377	0.09397	0.011700	0.29869
2/3/2001 01:00	0.0000	0.0000	0.0000	0.08530	0.04964	0.07966	0.011700	0.27502
2/3/2001 02:00	0.0000	0.5035	0.0310	0.07452	0.03413	0.06742	0.011700	0.27183
2/3/2001 03:00	0.0000	0.0000	0.0000	0.07885	0.03413	0.06007	0.011700	0.26800
2/3/2001 04:00	0.0000	0.0000	0.0000	0.11949	0.03413	0.07002	0.011700	0.25788
2/3/2001 05:00	0.0000	0.0000	0.0000	0.30121	0.03723	0.08238	0.011700	0.28777
2/3/2001 06:00	0.0000	0.0000	0.0000	0.64101	0.07136	0.13459	0.011700	0.33249
2/3/2001 07:00	0.0000	0.0000	0.0000	0.73383	0.14272	0.21032	0.041700	0.35330
2/3/2001 08:00	0.0000	0.0000	0.0000	0.70929	0.12720	0.27132	0.011700	0.29869
2/3/2001 09:00	0.0000	0.0000	0.0000	0.63374	0.06205	0.33250	0.011700	0.25421
2/3/2001 10:00	0.0000	0.0000	0.0000	0.54460	0.04964	0.34779	0.011700	0.26019
2/3/2001 11:00	0.0000	0.0000	0.0000	0.46501	0.04964	0.36309	0.011700	0.26027
2/3/2001 12:00	0.0000	0.0000	0.0000	0.40276	0.04964	0.35331	0.011700	0.25589
2/3/2001 13:00	0.0000	0.0000	0.0000	0.36639	0.04964	0.32072	0.011700	0.26473
2/3/2001 14:00	0.0000	0.0000	0.0000	0.33021	0.05274	0.29567	0.011700	0.27964
2/3/2001 15:00	0.0000	4.9048	0.3017	0.33550	0.06205	0.30433	0.011700	0.29518
2/3/2001 16:00	0.0000	0.9202	0.0566	0.38120	0.09618	0.35098	0.011700	0.34915
2/3/2001 17:00	0.0000	0.0000	0.0000	0.47596	0.18615	0.43555	0.011700	0.42416
2/3/2001 18:00	0.0000	0.2069	0.0127	0.56261	0.31956	0.39348	0.041700	0.46051
2/3/2001 19:00	0.0000	0.0000	0.0000	0.57745	0.40953	0.31774	0.011700	0.47534
2/3/2001 20:00	0.0000	0.0340	0.0021	0.52568	0.38161	0.28125	0.011700	0.49168
2/3/2001 21:00	0.0000	0.1836	0.0113	0.46297	0.31646	0.26494	0.011700	0.48020
2/3/2001 22:00	0.0000	0.3872	0.0238	0.36327	0.23579	0.21327	0.011700	0.41555
2/3/2001 23:00	0.0000	0.5024	0.0309	0.25556	0.16443	0.14336	0.011700	0.36111
2/4/2001 00:00	0.0000	0.6693	0.0412	0.15105	0.08377	0.10055	0.011700	0.29869
2/4/2001 01:00	0.0000	0.7457	0.0459	0.09414	0.04964	0.08360	0.011700	0.27502
2/4/2001 02:00	0.0000	0.7689	0.0473	0.07866	0.03413	0.07003	0.011700	0.27183
2/4/2001 03:00	0.0000	0.7826	0.0481	0.08301	0.03413	0.06144	0.011700	0.26800
2/4/2001 04:00	0.0000	0.7051	0.0434	0.12881	0.03413	0.07269	0.011700	0.25788
2/4/2001 05:00	0.0000	0.5639	0.0347	0.32687	0.03723	0.08648	0.011700	0.28777
2/4/2001 06:00	0.0000	0.3605	0.0222	0.69825	0.07136	0.14521	0.011700	0.33249
2/4/2001 07:00	0.0000	0.6059	0.0373	0.80323	0.14272	0.23148	0.041700	0.35330
2/4/2001 08:00	0.0000	0.1324	0.0081	0.78123	0.12720	0.30375	0.011700	0.29869
2/4/2001 09:00	0.0000	0.0394	0.0024	0.70044	0.06205	0.37753	0.011700	0.25421
2/4/2001 10:00	0.0000	0.0000	0.0000	0.60255	0.04964	0.39871	0.011700	0.26019
2/4/2001 11:00	0.0000	0.0000	0.0000	0.51317	0.04964	0.41558	0.011700	0.26027
2/4/2001 12:00	0.0000	0.0000	0.0000	0.44530	0.04964	0.40112	0.011700	0.25589
2/4/2001 13:00	0.0000	0.0000	0.0000	0.40336	0.04964	0.36431	0.011700	0.26473
2/4/2001 14:00	0.0000	0.0000	0.0000	0.36275	0.05274	0.33480	0.011700	0.27964
2/4/2001 15:00	0.0000	0.0000	0.0000	0.36664	0.06205	0.34138	0.011700	0.29518
2/4/2001 16:00	0.0000	0.0000	0.0000	0.41771	0.09618	0.38690	0.011700	0.34915
2/4/2001 17:00	0.0000	0.0000	0.0000	0.51947	0.18615	0.47090	0.011700	0.42416
2/4/2001 18:00	0.0000	0.0000	0.0000	0.62040	0.31956	0.42779	0.041700	0.46051
2/4/2001 19:00	0.0000	0.0000	0.0000	0.64241	0.40953	0.35199	0.011700	0.47534
2/4/2001 20:00	0.0000	0.0000	0.0000	0.58733	0.38161	0.31611	0.011700	0.49168
2/4/2001 21:00	0.0000	0.0000	0.0000	0.51412	0.31646	0.30055	0.011700	0.48020
2/4/2001 22:00	0.0000	0.0000	0.0000	0.40328	0.23579	0.24157	0.011700	0.41555
2/4/2001 23:00	0.0000	0.0000	0.0000	0.28023	0.16443	0.15890	0.011700	0.36111
2/5/2001 00:00	0.0000	0.2291	0.0141	0.15036	0.08377	0.10055	0.011700	0.29869
2/5/2001 01:00	0.0000	0.5448	0.0335	0.09409	0.04964	0.08360	0.011700	0.27502
2/5/2001 02:00	0.0000	0.8994	0.0553	0.07864	0.03413	0.07003	0.011700	0.27183
2/5/2001 03:00	0.0000	1.3155	0.0809	0.08299	0.03413	0.06144	0.011700	0.26800
2/5/2001 04:00	0.0000	1.5746	0.0969	0.12877	0.03413	0.07269	0.011700	0.25788
2/5/2001 05:00	0.0000	1.8131	0.1115	0.32675	0.03723	0.08648	0.011700	0.28777
2/5/2001 06:00	0.0000	1.7572	0.1081	0.69796	0.07136	0.14521	0.011700	0.33249
2/5/2001 07:00	0.0000	2.6280	0.1617	0.80290	0.14272	0.23148	0.041700	0.35330
2/5/2001 08:00	0.0000	1.5056	0.0926	0.78090	0.12720	0.30375	0.011700	0.29869
2/5/2001 09:00	0.0000	1.2086	0.0743	0.70014	0.06205	0.37753	0.011700	0.25421
2/5/2001 10:00	0.0000	0.8621	0.0530	0.60230	0.04964	0.39871	0.011700	0.26019
2/5/2001 11:00	0.0000	1.5174	0.0933	0.51385	0.04964	0.41558	0.011700	0.26027
2/5/2001 12:00	0.0000	0.6143	0.0378	0.44613	0.04964	0.40112	0.011700	0.25589
2/5/2001 13:00	0.0000	0.4166	0.0256	0.40446	0.04964	0.36431	0.011700	0.26473
2/5/2001 14:00	0.0000	0.3890	0.0239	0.36491	0.05274	0.33480	0.011700	0.27964
2/5/2001 15:00	0.0000	0.4476	0.0275	0.36952	0.06205	0.34138	0.011700	0.29518
2/5/2001 16:00	0.0000	0.5158	0.0317	0.42058	0.09618	0.38690	0.011700	0.34915
2/5/2001 17:00	0.0000	0.6993	0.0430	0.52261	0.18615	0.47090	0.011700	0.42416
2/5/2001 18:00	0.0000	1.6471	0.1013	0.62362	0.31956	0.42779	0.041700	0.46051
2/5/2001 19:00	0.0000	1.0007	0.0616	0.64521	0.40953	0.35199	0.011700	0.47534
2/5/2001 20:00	0.0000	1.1461	0.0705	0.59030	0.38161	0.31611	0.011700	0.49168
2/5/2001 21:00	0.0000	1.2090	0.0744	0.51703	0.31646	0.30055	0.011700	0.48020
2/5/2001 22:00	0.0000	1.3827	0.0851	0.40578	0.23579	0.24157	0.011700	0.41555
2/5/2001 23:00	0.0000	1.5384	0.0946	0.28207	0.16443	0.15890	0.011700	0.36111
2/6/2001 00:00	0.0000	1.7327	0.1066	0.14097	0.08377	0.09397	0.011700	0.29869
2/6/2001 01:00	0.0000	1.8442	0.1134	0.08883	0.04964	0.07966	0.011700	0.27502
2/6/2001 02:00	0.0000	1.9646	0.1209	0.07475	0.03413	0.06742	0.011700	0.27183
2/6/2001 03:00	0.0000	1.9922	0.1226	0.07881	0.03413	0.06007	0.011700	0.26800
2/6/2001 04:00	0.0000	2.0147	0.1239	0.12022	0.03413	0.07002	0.011700	0.25788
2/6/2001 05:00	0.0000	2.0380	0.1254	0.30201	0.03723	0.08238	0.011700	0.28777
2/6/2001 06:00	0.0000	2.1158	0.1302	0.64121	0.07136	0.13459	0.011700	0.33249
2/6/2001 07:00	0.0000	2.9690	0.1826	0.73401	0.14272	0.21032	0.041700	0.35330
2/6/2001 08:00	0.0000	2.1864	0.1345	0.70906	0.12720	0.27132	0.011700	0.29869
2/6/2001 09:00	0.0000	2.3595	0.1451	0.63406	0.06205	0.33250	0.011700	0.25421
2/6/2001 10:00	0.0000	1.2941	0.0796	0.54559	0.04964	0.34779	0.011700	0.26019
2/6/2001 11:00	0.0000	1.6152	0.0994	0.46679	0.04964	0.36309	0.011700	0.26027
2/6/2001 12:00	0.0000	0.3241	0.0199	0.40533	0.04964	0.35331	0.011700	0.25589
2/6/2001 13:00	0.0000	0.0807	0.0050	0.36906	0.04964	0.32072	0.011700	0.26473
2/6/2001 14:00	0.0000	0.0000	0.0000	0.33286	0.05274	0.29567	0.011700	0.27964
2/6/2001 15:00	0.0000	0.0000	0.0000	0.33722	0.06205	0.30433	0.011700	0.29518
2/6/2001 16:00	0.0000	0.0000	0.0000	0.38102	0.09618	0.35098	0.011700	0.34915
2/6/2001 17:00	0.0000	0.7531	0.0463	0.47542	0.18615	0.43555	0.011700	0.42416
2/6/2001 18:00	0.0000	1.9840	0.1220	0.56243	0.31956	0.39348	0.041700	0.46051
2/6/2001 19:00	0.0000	1.4318	0.0881	0.57677	0.40953	0.31774	0.011700	0.47534
2/6/2001 20:00	0.0000	1.9058	0.1172	0.52518	0.38161	0.28125	0.011700	0.49168
2/6/2001 21:00	0.0000	2.1842	0.1344	0.46242	0.31646	0.26494	0.011700	0.48020
2/6/2001 22:00	0.0000	2.5762	0.1585	0.36284	0.23579	0.21327	0.011700	0.41555
2/6/2001 23:00	0.0000	2.9141	0.1793	0.25528	0.16443	0.14336	0.011700	0.36111
2/7/2001 00:00	0.0000	3.2025	0.1970	0.14091	0.08377	0.09397	0.011700	0.29869
2/7/2001 01:00	0.0000	3.5574	0.2188	0.08880	0.04964	0.07966	0.011700	0.27502
2/7/2001 02:00	0.0000	3.8506	0.2369	0.07473	0.03413	0.06742	0.011700	0.27183
2/7/2001 03:00	0.0000	3.9586	0.2435	0.07878	0.03413	0.06007	0.011700	0.26800
2/7/2001 04:00	0.0000	4.0404	0.2486	0.12017	0.03413	0.07002	0.011700	0.25788
2/7/2001 05:00	0.0000	4.0491	0.2491	0.30186	0.03723	0.08238	0.011700	0.28777
2/7/2001 06:00	0.0000	3.9649	0.2439	0.64088	0.07136	0.13459	0.011700	0.33249
2/7/2001 07:00	0.0000	5.1689	0.3180	0.73362	0.14272	0.21032	0.041700	0.35330
2/7/2001 08:00	0.0000	2.9996	0.1845	0.70868	0.12720	0.27132	0.011700	0.29869
2/7/2001 09:00	0.0000	2.2917	0.1410	0.63371	0.06205	0.33250	0.011700	0.25421
2/7/2001 10:00	0.0000	1.2920	0.0795	0.54529	0.04964	0.34779	0.011700	0.26019
2/7/2001 11:00	0.0000	1.6508	0.1016	0.46654	0.04964	0.36309	0.011700	0.26027
2/7/2001 12:00	0.0000	0.1553	0.0096	0.40512	0.04964	0.35331	0.011700	0.25589
2/7/2001 13:00	0.0000	0.0000	0.0000	0.36887	0.04964	0.32072	0.011700	0.26473
2/7/2001 14:00	0.0000	0.0000	0.0000	0.33253	0.05274	0.29567	0.011700	0.27964
2/7/2001 15:00	0.0000	0.0000	0.0000	0.33679	0.06205	0.30433	0.011700	0.29518
2/7/2001 16:00	0.0000	0.0000	0.0000	0.37997	0.09618	0.35098	0.011700	0.34915
2/7/2001 17:00	0.0000	0.4091	0.0252	0.47458	0.18615	0.43555	0.011700	0.42416
2/7/2001 18:00	0.0000	1.6404	0.1009	0.56210	0.31956	0.39348	0.041700	0.46051
2/7/2001 19:00	0.0000	1.0376	0.0638	0.57647	0.40953	0.31774	0.011700	0.47534
2/7/2001 20:00	0.0000	1.4563	0.0896	0.52491	0.38161	0.28125	0.011700	0.49168
2/7/2001 21:00	0.0000	1.6031	0.0986	0.46218	0.31646	0.26494	0.011700	0.48020
2/7/2001 22:00	0.0000	1.9279	0.1186	0.36266	0.23579	0.21327	0.011700	0.41555
2/7/2001 23:00	0.0000	2.2098	0.1359	0.25516	0.16443	0.14336	0.011700	0.36111
2/8/2001 00:00	0.0000	2.3921	0.1472	0.14085	0.08377	0.09397	0.011700	0.29869
2/8/2001 01:00	0.0000	2.4993	0.1537	0.08877	0.04964	0.07966	0.011700	0.27502
2/8/2001 02:00	0.0000	2.6126	0.1607	0.07471	0.03413	0.06742	0.011700	0.27183
2/8/2001 03:00	0.0000	2.5774	0.1586	0.07876	0.03413	0.06007	0.011700	0.26800
2/8/2001 04:00	0.0000	2.5268	0.1554	0.12012	0.03413	0.07002	0.011700	0.25788
2/8/2001 05:00	0.0000	2.4322	0.1496	0.30170	0.03723	0.08238	0.011700	0.28777
2/8/2001 06:00	0.0000	2.2151	0.1363	0.64050	0.07136	0.13459	0.011700	0.33249
2/8/2001 07:00	0.0000	3.0573	0.1881	0.73318	0.14272	0.21032	0.041700	0.35330
2/8/2001 08:00	0.0000	1.9160	0.1179	0.70825	0.12720	0.27132	0.011700	0.29869
2/8/2001 09:00	0.0000	1.3642	0.0839	0.63333	0.06205	0.33250	0.011700	0.25421
2/8/2001 10:00	0.0000	1.0727	0.0660	0.54496	0.04964	0.34779	0.011700	0.26019
2/8/2001 11:00	0.0000	1.5417	0.0948	0.46626	0.04964	0.36309	0.011700	0.26027
2/8/2001 12:00	0.0000	0.6631	0.0408	0.40488	0.04964	0.35331	0.011700	0.25589
2/8/2001 13:00	0.0000	0.6197	0.0381	0.36865	0.04964	0.32072	0.011700	0.26473
2/8/2001 14:00	0.0000	0.4894	0.0301	0.33250	0.05274	0.29567	0.011700	0.27964
2/8/2001 15:00	0.0000	0.4854	0.0299	0.33725	0.06205	0.30433	0.011700	0.29518
2/8/2001 16:00	0.0000	0.6109	0.0376	0.38102	0.09618	0.35098	0.011700	0.34915
2/8/2001 17:00	0.0000	0.7258	0.0446	0.47492	0.18615	0.43555	0.011700	0.42416
2/8/2001 18:00	0.0000	1.8039	0.1110	0.56182	0.31956	0.39348	0.041700	0.46051
2/8/2001 19:00	0.0000	1.1509	0.0708	0.57614	0.40953	0.31774	0.011700	0.47534
2/8/2001 20:00	0.0000	1.3347	0.0821	0.52461	0.38161	0.28125	0.011700	0.49168
2/8/2001 21:00	0.0000	1.4103	0.0868	0.46191	0.31646	0.26494	0.011700	0.48020
2/8/2001 22:00	0.0000	1.5677	0.0964	0.36246	0.23579	0.21327	0.011700	0.41555
2/8/2001 23:00	0.0000	1.7537	0.1079	0.25503	0.16443	0.14336	0.011700	0.36111
2/9/2001 00:00	0.0000	1.9431	0.1195	0.14078	0.08377	0.09397	0.011700	0.29869
2/9/2001 01:00	0.0000	2.0625	0.1269	0.08873	0.04964	0.07966	0.011700	0.27502
2/9/2001 02:00	0.0000	2.1753	0.1338	0.07468	0.03413	0.06742	0.011700	0.27183
2/9/2001 03:00	0.0000	2.2770	0.1401	0.07873	0.03413	0.06007	0.011700	0.26800
2/9/2001 04:00	0.0000	2.3807	0.1465	0.12006	0.03413	0.07002	0.011700	0.25788
2/9/2001 05:00	0.0000	2.4111	0.1483	0.30152	0.03723	0.08238	0.011700	0.28777
2/9/2001 06:00	0.0000	2.3108	0.1422	0.64009	0.07136	0.13459	0.011700	0.33249
2/9/2001 07:00	0.0000	2.9271	0.1801	0.73270	0.14272	0.21032	0.041700	0.35330
2/9/2001 08:00	0.0000	0.9620	0.0592	0.70779	0.12720	0.27132	0.011700	0.29869
2/9/2001 09:00	0.0000	0.0693	0.0043	0.63291	0.06205	0.33250	0.011700	0.25421
2/9/2001 10:00	0.0000	0.0000	0.0000	0.54460	0.04964	0.34779	0.011700	0.26019
2/9/2001 11:00	0.0000	0.0000	0.0000	0.46488	0.04964	0.36309	0.011700	0.26027
2/9/2001 12:00	0.0000	0.0000	0.0000	0.40317	0.04964	0.35331	0.011700	0.25589
2/9/2001 13:00	0.0000	0.0000	0.0000	0.36569	0.04964	0.32072	0.011700	0.26473
2/9/2001 14:00	0.0000	0.0000	0.0000	0.32874	0.05274	0.29567	0.011700	0.27964
2/9/2001 15:00	0.0000	0.0000	0.0000	0.33294	0.06205	0.30433	0.011700	0.29518
2/9/2001 16:00	0.0000	0.0000	0.0000	0.37627	0.09618	0.35098	0.011700	0.34915
2/9/2001 17:00	0.0000	0.0000	0.0000	0.47048	0.18615	0.43555	0.011700	0.42416
2/9/2001 18:00	0.0000	0.0000	0.0000	0.55794	0.31956	0.39348	0.041700	0.46051
2/9/2001 19:00	0.0000	0.0000	0.0000	0.57417	0.40953	0.31774	0.011700	0.47534
2/9/2001 20:00	0.0000	0.0000	0.0000	0.52269	0.38161	0.28125	0.011700	0.49168
2/9/2001 21:00	0.0000	0.0000	0.0000	0.46028	0.31646	0.26494	0.011700	0.48020
2/9/2001 22:00	0.0000	0.1437	0.0088	0.36162	0.23579	0.21327	0.011700	0.41555
2/9/2001 23:00	0.0000	0.5513	0.0339	0.25486	0.16443	0.14336	0.011700	0.36111
2/10/2001 00:00	0.0000	0.9631	0.0592	0.14070	0.08377	0.09397	0.011700	0.29869
2/10/2001 01:00	0.0000	1.2715	0.0782	0.08870	0.04964	0.07966	0.011700	0.27502
2/10/2001 02:00	0.0000	1.5651	0.0963	0.07465	0.03413	0.06742	0.011700	0.27183
2/10/2001 03:00	0.0000	1.8085	0.1113	0.07870	0.03413	0.06007	0.011700	0.26800
2/10/2001 04:00	0.0000	2.0045	0.1233	0.12000	0.03413	0.07002	0.011700	0.25788
2/10/2001 05:00	0.0000	2.1513	0.1323	0.30132	0.03723	0.08238	0.011700	0.28777
2/10/2001 06:00	0.0000	2.1635	0.1331	0.63964	0.07136	0.13459	0.011700	0.33249
2/10/2001 07:00	0.0000	2.8308	0.1741	0.73217	0.14272	0.21032	0.041700	0.35330
2/10/2001 08:00	0.0000	1.2218	0.0752	0.70727	0.12720	0.27132	0.011700	0.29869
2/10/2001 09:00	0.0000	0.3776	0.0232	0.63245	0.06205	0.33250	0.011700	0.25421
2/10/2001 10:00	0.0000	0.0000	0.0000	0.54421	0.04964	0.34779	0.011700	0.26019
2/10/2001 11:00	0.0000	0.0000	0.0000	0.46510	0.04964	0.36309	0.011700	0.26027
2/10/2001 12:00	0.0000	0.0000	0.0000	0.40364	0.04964	0.35331	0.011700	0.25589
2/10/2001 13:00	0.0000	0.0000	0.0000	0.36608	0.04964	0.32072	0.011700	0.26473
2/10/2001 14:00	0.0000	0.0000	0.0000	0.32875	0.05274	0.29567	0.011700	0.27964
2/10/2001 15:00	0.0000	0.0000	0.0000	0.33368	0.06205	0.30433	0.011700	0.29518
2/10/2001 16:00	0.0000	0.0000	0.0000	0.37843	0.09618	0.35098	0.011700	0.34915
2/10/2001 17:00	0.0000	0.0000	0.0000	0.47280	0.18615	0.43555	0.011700	0.42416
2/10/2001 18:00	0.0000	0.8561	0.0527	0.56047	0.31956	0.39348	0.041700	0.46051
2/10/2001 19:00	0.0000	0.0000	0.0000	0.57531	0.40953	0.31774	0.011700	0.47534
2/10/2001 20:00	0.0000	0.2563	0.0158	0.52379	0.38161	0.28125	0.011700	0.49168
2/10/2001 21:00	0.0000	0.5790	0.0356	0.46130	0.31646	0.26494	0.011700	0.48020
2/10/2001 22:00	0.0000	0.7745	0.0476	0.36199	0.23579	0.21327	0.011700	0.41555
2/10/2001 23:00	0.0000	0.9702	0.0597	0.25472	0.16443	0.14336	0.011700	0.36111
2/11/2001 00:00	0.0000	1.1273	0.0693	0.15056	0.08377	0.10055	0.011700	0.29869
2/11/2001 01:00	0.0000	1.2553	0.0772	0.09389	0.04964	0.08360	0.011700	0.27502
2/11/2001 02:00	0.0000	1.3618	0.0838	0.07848	0.03413	0.07003	0.011700	0.27183
2/11/2001 03:00	0.0000	1.4918	0.0918	0.08281	0.03413	0.06144	0.011700	0.26800
2/11/2001 04:00	0.0000	1.5232	0.0937	0.12841	0.03413	0.07269	0.011700	0.25788
2/11/2001 05:00	0.0000	1.4922	0.0918	0.32562	0.03723	0.08648	0.011700	0.28777
2/11/2001 06:00	0.0000	1.4968	0.0921	0.69538	0.07136	0.14521	0.011700	0.33249
2/11/2001 07:00	0.0000	2.3040	0.1417	0.79986	0.14272	0.23148	0.041700	0.35330
2/11/2001 08:00	0.0000	1.5129	0.0931	0.77792	0.12720	0.30375	0.011700	0.29869
2/11/2001 09:00	0.0000	1.4926	0.0918	0.69745	0.06205	0.37753	0.011700	0.25421
2/11/2001 10:00	0.0000	1.1674	0.0718	0.59998	0.04964	0.39871	0.011700	0.26019
2/11/2001 11:00	0.0000	1.7557	0.1080	0.51190	0.04964	0.41558	0.011700	0.26027
2/11/2001 12:00	0.0000	0.8133	0.0500	0.44444	0.04964	0.40112	0.011700	0.25589
2/11/2001 13:00	0.0000	0.6943	0.0427	0.40296	0.04964	0.36431	0.011700	0.26473
2/11/2001 14:00	0.0000	0.6833	0.0420	0.36356	0.05274	0.33480	0.011700	0.27964
2/11/2001 15:00	0.0000	0.7111	0.0437	0.36816	0.06205	0.34138	0.011700	0.29518
2/11/2001 16:00	0.0000	0.6198	0.0381	0.41903	0.09618	0.38690	0.011700	0.34915
2/11/2001 17:00	0.0000	0.7305	0.0449	0.52067	0.18615	0.47090	0.011700	0.42416
2/11/2001 18:00	0.0000	1.5348	0.0944	0.62132	0.31956	0.42779	0.041700	0.46051
2/11/2001 19:00	0.0000	0.9791	0.0602	0.64284	0.40953	0.35199	0.011700	0.47534
2/11/2001 20:00	0.0000	1.0988	0.0676	0.58813	0.38161	0.31611	0.011700	0.49168
2/11/2001 21:00	0.0000	1.1997	0.0738	0.51513	0.31646	0.30055	0.011700	0.48020
2/11/2001 22:00	0.0000	1.3598	0.0837	0.40433	0.23579	0.24157	0.011700	0.41555
2/11/2001 23:00	0.0000	1.5767	0.0970	0.28111	0.16443	0.15890	0.011700	0.36111
2/12/2001 00:00	0.0000	1.6968	0.1044	0.15046	0.08377	0.10055	0.011700	0.29869
2/12/2001 01:00	0.0000	1.7952	0.1104	0.09384	0.04964	0.08360	0.011700	0.27502
2/12/2001 02:00	0.0000	1.8710	0.1151	0.07845	0.03413	0.07003	0.011700	0.27183
2/12/2001 03:00	0.0000	1.8877	0.1161	0.08277	0.03413	0.06144	0.011700	0.26800
2/12/2001 04:00	0.0000	1.8752	0.1154	0.12833	0.03413	0.07269	0.011700	0.25788
2/12/2001 05:00	0.0000	1.8359	0.1129	0.32536	0.03723	0.08648	0.011700	0.28777
2/12/2001 06:00	0.0000	1.6881	0.1038	0.69480	0.07136	0.14521	0.011700	0.33249
2/12/2001 07:00	0.0000	2.3305	0.1434	0.79919	0.14272	0.23148	0.041700	0.35330
2/12/2001 08:00	0.0000	1.4537	0.0894	0.77726	0.12720	0.30375	0.011700	0.29869
2/12/2001 09:00	0.0000	1.2128	0.0746	0.69686	0.06205	0.37753	0.011700	0.25421
2/12/2001 10:00	0.0000	0.8529	0.0525	0.59947	0.04964	0.39871	0.011700	0.26019
2/12/2001 11:00	0.0000	1.1221	0.0690	0.51146	0.04964	0.41558	0.011700	0.26027
2/12/2001 12:00	0.0000	0.4993	0.0307	0.44407	0.04964	0.40112	0.011700	0.25589
2/12/2001 13:00	0.0000	0.1834	0.0113	0.40262	0.04964	0.36431	0.011700	0.26473
2/12/2001 14:00	0.0000	0.0000	0.0000	0.36327	0.05274	0.33480	0.011700	0.27964
2/12/2001 15:00	0.0000	0.0000	0.0000	0.36770	0.06205	0.34138	0.011700	0.29518
2/12/2001 16:00	0.0000	0.1745	0.0107	0.41849	0.09618	0.38690	0.011700	0.34915
2/12/2001 17:00	0.0000	0.8298	0.0510	0.52024	0.18615	0.47090	0.011700	0.42416
2/12/2001 18:00	0.0000	1.6437	0.1011	0.62081	0.31956	0.42779	0.041700	0.46051
2/12/2001 19:00	0.0000	1.4766	0.0908	0.64232	0.40953	0.35199	0.011700	0.47534
2/12/2001 20:00	0.0000	1.7178	0.1057	0.58765	0.38161	0.31611	0.011700	0.49168
2/12/2001 21:00	0.0000	2.0141	0.1239	0.51471	0.31646	0.30055	0.011700	0.48020
2/12/2001 22:00	0.0000	2.2895	0.1408	0.40400	0.23579	0.24157	0.011700	0.41555
2/12/2001 23:00	0.0000	2.5470	0.1567	0.28090	0.16443	0.15890	0.011700	0.36111
2/13/2001 00:00	0.0000	2.8793	0.1771	0.14043	0.08377	0.09397	0.011700	0.29869
2/13/2001 01:00	0.0000	3.2301	0.1987	0.08856	0.04964	0.07966	0.011700	0.27502
2/13/2001 02:00	0.0000	3.2419	0.1994	0.07456	0.03413	0.06742	0.011700	0.27183
2/13/2001 03:00	0.0000	3.4125	0.2099	0.07859	0.03413	0.06007	0.011700	0.26800
2/13/2001 04:00	0.0000	3.5712	0.2197	0.11978	0.03413	0.07002	0.011700	0.25788
2/13/2001 05:00	0.0000	3.5608	0.2190	0.30063	0.03723	0.08238	0.011700	0.28777
2/13/2001 06:00	0.0000	3.4855	0.2144	0.63807	0.07136	0.13459	0.011700	0.33249
2/13/2001 07:00	0.0000	4.4507	0.2738	0.73034	0.14272	0.21032	0.041700	0.35330
2/13/2001 08:00	0.0000	2.4622	0.1515	0.70549	0.12720	0.27132	0.011700	0.29869
2/13/2001 09:00	0.0000	1.8874	0.1161	0.63084	0.06205	0.33250	0.011700	0.25421
2/13/2001 10:00	0.0000	1.1690	0.0719	0.54283	0.04964	0.34779	0.011700	0.26019
2/13/2001 11:00	0.0000	1.6484	0.1014	0.46445	0.04964	0.36309	0.011700	0.26027
2/13/2001 12:00	0.0000	0.2730	0.0168	0.40332	0.04964	0.35331	0.011700	0.25589
2/13/2001 13:00	0.0000	0.0000	0.0000	0.36726	0.04964	0.32072	0.011700	0.26473
2/13/2001 14:00	0.0000	0.0000	0.0000	0.33100	0.05274	0.29567	0.011700	0.27964
2/13/2001 15:00	0.0000	0.0000	0.0000	0.33518	0.06205	0.30433	0.011700	0.29518
2/13/2001 16:00	0.0000	0.0000	0.0000	0.37856	0.09618	0.35098	0.011700	0.34915
2/13/2001 17:00	0.0000	0.3741	0.0230	0.47222	0.18615	0.43555	0.011700	0.42416
2/13/2001 18:00	0.0000	1.5950	0.0981	0.55965	0.31956	0.39348	0.041700	0.46051
2/13/2001 19:00	0.0000	0.9716	0.0598	0.57397	0.40953	0.31774	0.011700	0.47534
2/13/2001 20:00	0.0000	1.4585	0.0897	0.52263	0.38161	0.28125	0.011700	0.49168
2/13/2001 21:00	0.0000	1.7540	0.1079	0.46018	0.31646	0.26494	0.011700	0.48020
2/13/2001 22:00	0.0000	2.2423	0.1379	0.36114	0.23579	0.21327	0.011700	0.41555
2/13/2001 23:00	0.0000	2.5930	0.1595	0.25415	0.16443	0.14336	0.011700	0.36111
2/14/2001 00:00	0.0000	2.9643	0.1824	0.14033	0.08377	0.09397	0.011700	0.29869
2/14/2001 01:00	0.0000	3.1859	0.1960	0.08851	0.04964	0.07966	0.011700	0.27502
2/14/2001 02:00	0.0000	3.3775	0.2078	0.07452	0.03413	0.06742	0.011700	0.27183
2/14/2001 03:00	0.0000	3.4950	0.2150	0.07855	0.03413	0.06007	0.011700	0.26800
2/14/2001 04:00	0.0000	3.5952	0.2212	0.11970	0.03413	0.07002	0.011700	0.25788
2/14/2001 05:00	0.0000	3.6223	0.2228	0.30037	0.03723	0.08238	0.011700	0.28777
2/14/2001 06:00	0.0000	3.5001	0.2153	0.63747	0.07136	0.13459	0.011700	0.33249
2/14/2001 07:00	0.0000	4.2498	0.2614	0.72964	0.14272	0.21032	0.041700	0.35330
2/14/2001 08:00	0.0000	1.7702	0.1089	0.70481	0.12720	0.27132	0.011700	0.29869
2/14/2001 09:00	0.0000	0.5222	0.0321	0.63023	0.06205	0.33250	0.011700	0.25421
2/14/2001 10:00	0.0000	0.0000	0.0000	0.54230	0.04964	0.34779	0.011700	0.26019
2/14/2001 11:00	0.0000	0.0000	0.0000	0.46344	0.04964	0.36309	0.011700	0.26027
2/14/2001 12:00	0.0000	0.0000	0.0000	0.40237	0.04964	0.35331	0.011700	0.25589
2/14/2001 13:00	0.0000	0.0000	0.0000	0.36520	0.04964	0.32072	0.011700	0.26473
2/14/2001 14:00	0.0000	0.0000	0.0000	0.32850	0.05274	0.29567	0.011700	0.27964
2/14/2001 15:00	0.0000	0.0000	0.0000	0.33268	0.06205	0.30433	0.011700	0.29518
2/14/2001 16:00	0.0000	0.0000	0.0000	0.37606	0.09618	0.35098	0.011700	0.34915
2/14/2001 17:00	0.0000	0.0000	0.0000	0.46956	0.18615	0.43555	0.011700	0.42416
2/14/2001 18:00	0.0000	0.0000	0.0000	0.55665	0.31956	0.39348	0.041700	0.46051
2/14/2001 19:00	0.0000	0.0000	0.0000	0.57296	0.40953	0.31774	0.011700	0.47534
2/14/2001 20:00	0.0000	0.1443	0.0089	0.52195	0.38161	0.28125	0.011700	0.49168
2/14/2001 21:00	0.0000	0.6060	0.0373	0.45975	0.31646	0.26494	0.011700	0.48020
2/14/2001 22:00	0.0000	0.8443	0.0519	0.36081	0.23579	0.21327	0.011700	0.41555
2/14/2001 23:00	0.0000	1.1210	0.0690	0.25394	0.16443	0.14336	0.011700	0.36111
2/15/2001 00:00	0.0000	1.4279	0.0878	0.14022	0.08377	0.09397	0.011700	0.29869
2/15/2001 01:00	0.0000	1.5096	0.0929	0.08845	0.04964	0.07966	0.011700	0.27502
2/15/2001 02:00	0.0000	1.6147	0.0993	0.07448	0.03413	0.06742	0.011700	0.27183
2/15/2001 03:00	0.0000	1.6371	0.1007	0.07851	0.03413	0.06007	0.011700	0.26800
2/15/2001 04:00	0.0000	1.6411	0.1010	0.11961	0.03413	0.07002	0.011700	0.25788
2/15/2001 05:00	0.0000	1.4647	0.0901	0.30009	0.03723	0.08238	0.011700	0.28777
2/15/2001 06:00	0.0000	1.2935	0.0796	0.63683	0.07136	0.13459	0.011700	0.33249
2/15/2001 07:00	0.0000	1.6631	0.1023	0.72889	0.14272	0.21032	0.041700	0.35330
2/15/2001 08:00	0.0000	0.7948	0.0489	0.70408	0.12720	0.27132	0.011700	0.29869
2/15/2001 09:00	0.0000	0.3254	0.0200	0.62958	0.06205	0.33250	0.011700	0.25421
2/15/2001 10:00	0.0000	0.0000	0.0000	0.54175	0.04964	0.34779	0.011700	0.26019
2/15/2001 11:00	0.0000	0.0000	0.0000	0.46321	0.04964	0.36309	0.011700	0.26027
2/15/2001 12:00	0.0000	0.0000	0.0000	0.40180	0.04964	0.35331	0.011700	0.25589
2/15/2001 13:00	0.0000	0.0000	0.0000	0.36541	0.04964	0.32072	0.011700	0.26473
2/15/2001 14:00	0.0000	0.6970	0.0429	0.33002	0.05274	0.29567	0.011700	0.27964
2/15/2001 15:00	0.0000	0.1606	0.0099	0.33529	0.06205	0.30433	0.011700	0.29518
2/15/2001 16:00	0.0000	0.1038	0.0064	0.37886	0.09618	0.35098	0.011700	0.34915
2/15/2001 17:00	0.0000	0.0000	0.0000	0.47221	0.18615	0.43555	0.011700	0.42416
2/15/2001 18:00	0.0000	0.2414	0.0148	0.55817	0.31956	0.39348	0.041700	0.46051
2/15/2001 19:00	0.0000	0.0000	0.0000	0.57287	0.40953	0.31774	0.011700	0.47534
2/15/2001 20:00	0.0000	0.1202	0.0074	0.52158	0.38161	0.28125	0.011700	0.49168
2/15/2001 21:00	0.0000	0.2557	0.0157	0.45930	0.31646	0.26494	0.011700	0.48020
2/15/2001 22:00	0.0000	0.3792	0.0233	0.36046	0.23579	0.21327	0.011700	0.41555
2/15/2001 23:00	0.0000	0.6121	0.0377	0.25371	0.16443	0.14336	0.011700	0.36111
2/16/2001 00:00	0.0000	1.0316	0.0635	0.14010	0.08377	0.09397	0.011700	0.29869
2/16/2001 01:00	0.0000	1.5596	0.0959	0.08840	0.04964	0.07966	0.011700	0.27502
2/16/2001 02:00	0.0000	1.9126	0.1177	0.07444	0.03413	0.06742	0.011700	0.27183
2/16/2001 03:00	0.0000	2.3609	0.1452	0.07846	0.03413	0.06007	0.011700	0.26800
2/16/2001 04:00	0.0000	2.5222	0.1552	0.11952	0.03413	0.07002	0.011700	0.25788
2/16/2001 05:00	0.0000	2.4796	0.1525	0.29980	0.03723	0.08238	0.011700	0.28777
2/16/2001 06:00	0.0000	2.4275	0.1493	0.63616	0.07136	0.13459	0.011700	0.33249
2/16/2001 07:00	0.0000	2.8760	0.1769	0.72811	0.14272	0.21032	0.041700	0.35330
2/16/2001 08:00	0.0000	1.2401	0.0763	0.70332	0.12720	0.27132	0.011700	0.29869
2/16/2001 09:00	0.0000	0.5817	0.0358	0.62890	0.06205	0.33250	0.011700	0.25421
2/16/2001 10:00	0.0000	0.0000	0.0000	0.54116	0.04964	0.34779	0.011700	0.26019
2/16/2001 11:00	0.0000	0.1445	0.0089	0.46301	0.04964	0.36309	0.011700	0.26027
2/16/2001 12:00	0.0000	0.0000	0.0000	0.40211	0.04964	0.35331	0.011700	0.25589
2/16/2001 13:00	0.0000	0.0000	0.0000	0.36494	0.04964	0.32072	0.011700	0.26473
2/16/2001 14:00	0.0000	0.0000	0.0000	0.32812	0.05274	0.29567	0.011700	0.27964
2/16/2001 15:00	0.0000	0.0000	0.0000	0.33184	0.06205	0.30433	0.011700	0.29518
2/16/2001 16:00	0.0000	0.0000	0.0000	0.37426	0.09618	0.35098	0.011700	0.34915
2/16/2001 17:00	0.0000	0.0000	0.0000	0.46698	0.18615	0.43555	0.011700	0.42416
2/16/2001 18:00	0.0000	0.0000	0.0000	0.55359	0.31956	0.39348	0.041700	0.46051
2/16/2001 19:00	0.0000	0.0000	0.0000	0.57014	0.40953	0.31774	0.011700	0.47534
2/16/2001 20:00	0.0000	0.0000	0.0000	0.51958	0.38161	0.28125	0.011700	0.49168
2/16/2001 21:00	0.0000	0.3804	0.0234	0.45812	0.31646	0.26494	0.011700	0.48020
2/16/2001 22:00	0.0000	0.8789	0.0541	0.36006	0.23579	0.21327	0.011700	0.41555
2/16/2001 23:00	0.0000	1.3435	0.0826	0.25346	0.16443	0.14336	0.011700	0.36111
2/17/2001 00:00	0.0000	1.8333	0.1128	0.13998	0.08377	0.09397	0.011700	0.29869
2/17/2001 01:00	0.0000	2.1579	0.1327	0.08833	0.04964	0.07966	0.011700	0.27502
2/17/2001 02:00	0.0000	2.4208	0.1489	0.07440	0.03413	0.06742	0.011700	0.27183
2/17/2001 03:00	0.0000	2.6181	0.1611	0.07842	0.03413	0.06007	0.011700	0.26800
2/17/2001 04:00	0.0000	2.7329	0.1681	0.11942	0.03413	0.07002	0.011700	0.25788
2/17/2001 05:00	0.0000	2.7881	0.1715	0.29949	0.03723	0.08238	0.011700	0.28777
2/17/2001 06:00	0.0000	2.7596	0.1698	0.63545	0.07136	0.13459	0.011700	0.33249
2/17/2001 07:00	0.0000	3.5083	0.2158	0.72728	0.14272	0.21032	0.041700	0.35330
2/17/2001 08:00	0.0000	1.2727	0.0783	0.70251	0.12720	0.27132	0.011700	0.29869
2/17/2001 09:00	0.0000	0.1550	0.0095	0.62817	0.06205	0.33250	0.011700	0.25421
2/17/2001 10:00	0.0000	0.0000	0.0000	0.54053	0.04964	0.34779	0.011700	0.26019
2/17/2001 11:00	0.0000	0.0000	0.0000	0.46144	0.04964	0.36309	0.011700	0.26027
2/17/2001 12:00	0.0000	0.0000	0.0000	0.40020	0.04964	0.35331	0.011700	0.25589
2/17/2001 13:00	0.0000	0.0000	0.0000	0.36340	0.04964	0.32072	0.011700	0.26473
2/17/2001 14:00	0.0000	0.0000	0.0000	0.32746	0.05274	0.29567	0.011700	0.27964
2/17/2001 15:00	0.0000	0.0000	0.0000	0.33261	0.06205	0.30433	0.011700	0.29518
2/17/2001 16:00	0.0000	0.0000	0.0000	0.37662	0.09618	0.35098	0.011700	0.34915
2/17/2001 17:00	0.0000	0.0000	0.0000	0.46988	0.18615	0.43555	0.011700	0.42416
2/17/2001 18:00	0.0000	0.0000	0.0000	0.55588	0.31956	0.39348	0.041700	0.46051
2/17/2001 19:00	0.0000	0.1977	0.0122	0.57163	0.40953	0.31774	0.011700	0.47534
2/17/2001 20:00	0.0000	0.0000	0.0000	0.52052	0.38161	0.28125	0.011700	0.49168
2/17/2001 21:00	0.0000	0.2411	0.0148	0.45820	0.31646	0.26494	0.011700	0.48020
2/17/2001 22:00	0.0000	0.4970	0.0306	0.35971	0.23579	0.21327	0.011700	0.41555
2/17/2001 23:00	0.0000	0.7862	0.0484	0.25321	0.16443	0.14336	0.011700	0.36111
2/18/2001 00:00	0.0000	1.1428	0.0703	0.14972	0.08377	0.10055	0.011700	0.29869
2/18/2001 01:00	0.0000	1.5046	0.0926	0.09347	0.04964	0.08360	0.011700	0.27502
2/18/2001 02:00	0.0000	1.8194	0.1119	0.07818	0.03413	0.07003	0.011700	0.27183
2/18/2001 03:00	0.0000	2.0721	0.1275	0.08248	0.03413	0.06144	0.011700	0.26800
2/18/2001 04:00	0.0000	2.2729	0.1398	0.12773	0.03413	0.07269	0.011700	0.25788
2/18/2001 05:00	0.0000	2.3036	0.1417	0.32348	0.03723	0.08648	0.011700	0.28777
2/18/2001 06:00	0.0000	2.1346	0.1313	0.69050	0.07136	0.14521	0.011700	0.33249
2/18/2001 07:00	0.0000	2.8772	0.1770	0.79413	0.14272	0.23148	0.041700	0.35330
2/18/2001 08:00	0.0000	1.6844	0.1036	0.77230	0.12720	0.30375	0.011700	0.29869
2/18/2001 09:00	0.0000	1.2518	0.0770	0.69238	0.06205	0.37753	0.011700	0.25421
2/18/2001 10:00	0.0000	0.6230	0.0383	0.59562	0.04964	0.39871	0.011700	0.26019
2/18/2001 11:00	0.0000	0.8669	0.0533	0.50820	0.04964	0.41558	0.011700	0.26027
2/18/2001 12:00	0.0000	0.0000	0.0000	0.44126	0.04964	0.40112	0.011700	0.25589
2/18/2001 13:00	0.0000	0.0000	0.0000	0.40007	0.04964	0.36431	0.011700	0.26473
2/18/2001 14:00	0.0000	0.0000	0.0000	0.36040	0.05274	0.33480	0.011700	0.27964
2/18/2001 15:00	0.0000	0.0000	0.0000	0.36446	0.06205	0.34138	0.011700	0.29518
2/18/2001 16:00	0.0000	0.0000	0.0000	0.41468	0.09618	0.38690	0.011700	0.34915
2/18/2001 17:00	0.0000	0.0000	0.0000	0.51548	0.18615	0.47090	0.011700	0.42416
2/18/2001 18:00	0.0000	0.0000	0.0000	0.61524	0.31956	0.42779	0.041700	0.46051
2/18/2001 19:00	0.0000	0.0000	0.0000	0.63814	0.40953	0.35199	0.011700	0.47534
2/18/2001 20:00	0.0000	0.0000	0.0000	0.58382	0.38161	0.31611	0.011700	0.49168
2/18/2001 21:00	0.0000	0.3137	0.0193	0.51154	0.31646	0.30055	0.011700	0.48020
2/18/2001 22:00	0.0000	0.6366	0.0392	0.40158	0.23579	0.24157	0.011700	0.41555
2/18/2001 23:00	0.0000	0.9052	0.0557	0.27931	0.16443	0.15890	0.011700	0.36111
2/19/2001 00:00	0.0000	1.1181	0.0688	0.14957	0.08377	0.10055	0.011700	0.29869
2/19/2001 01:00	0.0000	1.2475	0.0767	0.09339	0.04964	0.08360	0.011700	0.27502
2/19/2001 02:00	0.0000	1.2655	0.0779	0.07813	0.03413	0.07003	0.011700	0.27183
2/19/2001 03:00	0.0000	1.2630	0.0777	0.08242	0.03413	0.06144	0.011700	0.26800
2/19/2001 04:00	0.0000	1.1990	0.0738	0.12761	0.03413	0.07269	0.011700	0.25788
2/19/2001 05:00	0.0000	1.1041	0.0679	0.32311	0.03723	0.08648	0.011700	0.28777
2/19/2001 06:00	0.0000	0.9089	0.0559	0.68965	0.07136	0.14521	0.011700	0.33249
2/19/2001 07:00	0.0000	1.1439	0.0704	0.79313	0.14272	0.23148	0.041700	0.35330
2/19/2001 08:00	0.0000	0.5459	0.0336	0.77131	0.12720	0.30375	0.011700	0.29869
2/19/2001 09:00	0.0000	0.2621	0.0161	0.69149	0.06205	0.37753	0.011700	0.25421
2/19/2001 10:00	0.0000	0.0000	0.0000	0.59485	0.04964	0.39871	0.011700	0.26019
2/19/2001 11:00	0.0000	0.1303	0.0080	0.50749	0.04964	0.41558	0.011700	0.26027
2/19/2001 12:00	0.0000	0.0000	0.0000	0.44070	0.04964	0.40112	0.011700	0.25589
2/19/2001 13:00	0.0000	0.0000	0.0000	0.39906	0.04964	0.36431	0.011700	0.26473
2/19/2001 14:00	0.0000	0.0000	0.0000	0.35958	0.05274	0.33480	0.011700	0.27964
2/19/2001 15:00	0.0000	0.0000	0.0000	0.36374	0.06205	0.34138	0.011700	0.29518
2/19/2001 16:00	0.0000	0.0000	0.0000	0.41389	0.09618	0.38690	0.011700	0.34915
2/19/2001 17:00	0.0000	0.0000	0.0000	0.51447	0.18615	0.47090	0.011700	0.42416
2/19/2001 18:00	0.0000	0.0000	0.0000	0.61408	0.31956	0.42779	0.041700	0.46051
2/19/2001 19:00	0.0000	0.0000	0.0000	0.63618	0.40953	0.35199	0.011700	0.47534
2/19/2001 20:00	0.0000	0.0000	0.0000	0.58159	0.38161	0.31611	0.011700	0.49168
2/19/2001 21:00	0.0000	0.0000	0.0000	0.50930	0.31646	0.30055	0.011700	0.48020
2/19/2001 22:00	0.0000	0.0000	0.0000	0.39973	0.23579	0.24157	0.011700	0.41555
2/19/2001 23:00	0.0000	0.0000	0.0000	0.27797	0.16443	0.15890	0.011700	0.36111
2/20/2001 00:00	0.0000	0.0151	0.0009	0.13907	0.08377	0.09397	0.011700	0.29869
2/20/2001 01:00	0.0000	0.1629	0.0100	0.08813	0.04964	0.07966	0.011700	0.27502
2/20/2001 02:00	0.0000	0.3146	0.0194	0.07426	0.03413	0.06742	0.011700	0.27183
2/20/2001 03:00	0.0000	0.4730	0.0291	0.07826	0.03413	0.06007	0.011700	0.26800
2/20/2001 04:00	0.0000	0.5326	0.0328	0.11910	0.03413	0.07002	0.011700	0.25788
2/20/2001 05:00	0.0000	0.5507	0.0339	0.29846	0.03723	0.08238	0.011700	0.28777
2/20/2001 06:00	0.0000	0.5121	0.0315	0.63311	0.07136	0.13459	0.011700	0.33249
2/20/2001 07:00	0.0000	0.8859	0.0545	0.72454	0.14272	0.21032	0.041700	0.35330
2/20/2001 08:00	0.0000	0.4585	0.0282	0.69985	0.12720	0.27132	0.011700	0.29869
2/20/2001 09:00	0.0000	0.4337	0.0267	0.62578	0.06205	0.33250	0.011700	0.25421
2/20/2001 10:00	0.0000	0.3298	0.0203	0.53848	0.04964	0.34779	0.011700	0.26019
2/20/2001 11:00	0.0000	0.6954	0.0428	0.46076	0.04964	0.36309	0.011700	0.26027
2/20/2001 12:00	0.0000	0.2833	0.0174	0.40016	0.04964	0.35331	0.011700	0.25589
2/20/2001 13:00	0.0000	0.0244	0.0015	0.36442	0.04964	0.32072	0.011700	0.26473
2/20/2001 14:00	0.0000	0.0899	0.0055	0.32872	0.05274	0.29567	0.011700	0.27964
2/20/2001 15:00	0.0000	0.3481	0.0214	0.33344	0.06205	0.30433	0.011700	0.29518
2/20/2001 16:00	0.0000	0.3245	0.0200	0.37667	0.09618	0.35098	0.011700	0.34915
2/20/2001 17:00	0.0000	0.3189	0.0196	0.46946	0.18615	0.43555	0.011700	0.42416
2/20/2001 18:00	0.0000	0.9664	0.0595	0.55537	0.31956	0.39348	0.041700	0.46051
2/20/2001 19:00	0.0000	0.5155	0.0317	0.56957	0.40953	0.31774	0.011700	0.47534
2/20/2001 20:00	0.0000	0.6177	0.0380	0.51862	0.38161	0.28125	0.011700	0.49168
2/20/2001 21:00	0.0000	0.7670	0.0472	0.45665	0.31646	0.26494	0.011700	0.48020
2/20/2001 22:00	0.0000	0.9186	0.0565	0.35844	0.23579	0.21327	0.011700	0.41555
2/20/2001 23:00	0.0000	1.1689	0.0719	0.25237	0.16443	0.14336	0.011700	0.36111
2/21/2001 00:00	0.0000	1.3663	0.0841	0.13944	0.08377	0.09397	0.011700	0.29869
2/21/2001 01:00	0.0000	1.4909	0.0917	0.08806	0.04964	0.07966	0.011700	0.27502
2/21/2001 02:00	0.0000	1.5353	0.0944	0.07421	0.03413	0.06742	0.011700	0.27183
2/21/2001 03:00	0.0000	1.6525	0.1017	0.07820	0.03413	0.06007	0.011700	0.26800
2/21/2001 04:00	0.0000	1.6374	0.1007	0.11898	0.03413	0.07002	0.011700	0.25788
2/21/2001 05:00	0.0000	1.6205	0.0997	0.29809	0.03723	0.08238	0.011700	0.28777
2/21/2001 06:00	0.0000	1.5271	0.0939	0.63225	0.07136	0.13459	0.011700	0.33249
2/21/2001 07:00	0.0000	2.1322	0.1312	0.72355	0.14272	0.21032	0.041700	0.35330
2/21/2001 08:00	0.0000	1.3328	0.0820	0.69888	0.12720	0.27132	0.011700	0.29869
2/21/2001 09:00	0.0000	1.1723	0.0721	0.62491	0.06205	0.33250	0.011700	0.25421
2/21/2001 10:00	0.0000	0.8909	0.0548	0.53773	0.04964	0.34779	0.011700	0.26019
2/21/2001 11:00	0.0000	1.4444	0.0889	0.46013	0.04964	0.36309	0.011700	0.26027
2/21/2001 12:00	0.0000	0.2566	0.0158	0.39961	0.04964	0.35331	0.011700	0.25589
2/21/2001 13:00	0.0000	0.0000	0.0000	0.36393	0.04964	0.32072	0.011700	0.26473
2/21/2001 14:00	0.0000	0.0000	0.0000	0.32769	0.05274	0.29567	0.011700	0.27964
2/21/2001 15:00	0.0000	0.0000	0.0000	0.33140	0.06205	0.30433	0.011700	0.29518
2/21/2001 16:00	0.0000	0.0000	0.0000	0.37405	0.09618	0.35098	0.011700	0.34915
2/21/2001 17:00	0.0000	0.0000	0.0000	0.46629	0.18615	0.43555	0.011700	0.42416
2/21/2001 18:00	0.0000	0.0000	0.0000	0.55235	0.31956	0.39348	0.041700	0.46051
2/21/2001 19:00	0.0000	0.1246	0.0077	0.56869	0.40953	0.31774	0.011700	0.47534
2/21/2001 20:00	0.0000	0.3805	0.0234	0.51793	0.38161	0.28125	0.011700	0.49168
2/21/2001 21:00	0.0000	0.8672	0.0533	0.45605	0.31646	0.26494	0.011700	0.48020
2/21/2001 22:00	0.0000	1.3316	0.0819	0.35798	0.23579	0.21327	0.011700	0.41555
2/21/2001 23:00	0.0000	1.7402	0.1071	0.25206	0.16443	0.14336	0.011700	0.36111
2/22/2001 00:00	0.0000	2.0550	0.1264	0.13929	0.08377	0.09397	0.011700	0.29869
2/22/2001 01:00	0.0000	2.3528	0.1447	0.08798	0.04964	0.07966	0.011700	0.27502
2/22/2001 02:00	0.0000	2.5701	0.1581	0.07415	0.03413	0.06742	0.011700	0.27183
2/22/2001 03:00	0.0000	2.7840	0.1713	0.07814	0.03413	0.06007	0.011700	0.26800
2/22/2001 04:00	0.0000	2.9866	0.1837	0.11885	0.03413	0.07002	0.011700	0.25788
2/22/2001 05:00	0.0000	3.1645	0.1947	0.29770	0.03723	0.08238	0.011700	0.28777
2/22/2001 06:00	0.0000	3.0856	0.1898	0.63136	0.07136	0.13459	0.011700	0.33249
2/22/2001 07:00	0.0000	3.9082	0.2404	0.72251	0.14272	0.21032	0.041700	0.35330
2/22/2001 08:00	0.0000	1.4688	0.0904	0.69787	0.12720	0.27132	0.011700	0.29869
2/22/2001 09:00	0.0000	0.2583	0.0159	0.62400	0.06205	0.33250	0.011700	0.25421
2/22/2001 10:00	0.0000	0.0000	0.0000	0.53695	0.04964	0.34779	0.011700	0.26019
2/22/2001 11:00	0.0000	0.0000	0.0000	0.45851	0.04964	0.36309	0.011700	0.26027
2/22/2001 12:00	0.0000	0.0000	0.0000	0.39752	0.04964	0.35331	0.011700	0.25589
2/22/2001 13:00	0.0000	0.0000	0.0000	0.36065	0.04964	0.32072	0.011700	0.26473
2/22/2001 14:00	0.0000	0.0000	0.0000	0.32482	0.05274	0.29567	0.011700	0.27964
2/22/2001 15:00	0.0000	0.0000	0.0000	0.32967	0.06205	0.30433	0.011700	0.29518
2/22/2001 16:00	0.0000	0.0000	0.0000	0.37305	0.09618	0.35098	0.011700	0.34915
2/22/2001 17:00	0.0000	0.2627	0.0162	0.46646	0.18615	0.43555	0.011700	0.42416
2/22/2001 18:00	0.0000	0.6813	0.0419	0.55381	0.31956	0.39348	0.041700	0.46051
2/22/2001 19:00	0.0000	0.0000	0.0000	0.56802	0.40953	0.31774	0.011700	0.47534
2/22/2001 20:00	0.0000	0.0483	0.0030	0.51677	0.38161	0.28125	0.011700	0.49168
2/22/2001 21:00	0.0000	0.5116	0.0315	0.45541	0.31646	0.26494	0.011700	0.48020
2/22/2001 22:00	0.0000	0.7148	0.0440	0.35750	0.23579	0.21327	0.011700	0.41555
2/22/2001 23:00	0.0000	1.0188	0.0627	0.25174	0.16443	0.14336	0.011700	0.36111
2/23/2001 00:00	0.0000	1.3989	0.0861	0.13913	0.08377	0.09397	0.011700	0.29869
2/23/2001 01:00	0.0000	1.5904	0.0978	0.08790	0.04964	0.07966	0.011700	0.27502
2/23/2001 02:00	0.0000	1.7946	0.1104	0.07410	0.03413	0.06742	0.011700	0.27183
2/23/2001 03:00	0.0000	1.8870	0.1161	0.07808	0.03413	0.06007	0.011700	0.26800
2/23/2001 04:00	0.0000	2.0324	0.1250	0.11873	0.03413	0.07002	0.011700	0.25788
2/23/2001 05:00	0.0000	2.0150	0.1240	0.29729	0.03723	0.08238	0.011700	0.28777
2/23/2001 06:00	0.0000	1.8803	0.1157	0.63044	0.07136	0.13459	0.011700	0.33249
2/23/2001 07:00	0.0000	2.1064	0.1296	0.72143	0.14272	0.21032	0.041700	0.35330
2/23/2001 08:00	0.0000	0.4572	0.0281	0.69682	0.12720	0.27132	0.011700	0.29869
2/23/2001 09:00	0.0000	0.0000	0.0000	0.62306	0.06205	0.33250	0.011700	0.25421
2/23/2001 10:00	0.0000	0.0000	0.0000	0.53532	0.04964	0.34779	0.011700	0.26019
2/23/2001 11:00	0.0000	0.0000	0.0000	0.45690	0.04964	0.36309	0.011700	0.26027
2/23/2001 12:00	0.0000	0.0000	0.0000	0.39602	0.04964	0.35331	0.011700	0.25589
2/23/2001 13:00	0.0000	0.0000	0.0000	0.35940	0.04964	0.32072	0.011700	0.26473
2/23/2001 14:00	0.0000	0.0000	0.0000	0.32297	0.05274	0.29567	0.011700	0.27964
2/23/2001 15:00	0.0000	0.0000	0.0000	0.32637	0.06205	0.30433	0.011700	0.29518
2/23/2001 16:00	0.0000	0.0000	0.0000	0.36855	0.09618	0.35098	0.011700	0.34915
2/23/2001 17:00	0.0000	0.0000	0.0000	0.46048	0.18615	0.43555	0.011700	0.42416
2/23/2001 18:00	0.0000	0.0000	0.0000	0.54653	0.31956	0.39348	0.041700	0.46051
2/23/2001 19:00	0.0000	0.0000	0.0000	0.56270	0.40953	0.31774	0.011700	0.47534
2/23/2001 20:00	0.0000	0.0000	0.0000	0.51220	0.38161	0.28125	0.011700	0.49168
2/23/2001 21:00	0.0000	0.0000	0.0000	0.45096	0.31646	0.26494	0.011700	0.48020
2/23/2001 22:00	0.0000	0.0000	0.0000	0.35417	0.23579	0.21327	0.011700	0.41555
2/23/2001 23:00	0.0000	0.0000	0.0000	0.24962	0.16443	0.14336	0.011700	0.36111
2/24/2001 00:00	0.0000	0.0000	0.0000	0.13803	0.08377	0.09397	0.011700	0.29869
2/24/2001 01:00	0.0000	0.6146	0.0378	0.08765	0.04964	0.07966	0.011700	0.27502
2/24/2001 02:00	0.0000	0.4389	0.0270	0.07402	0.03413	0.06742	0.011700	0.27183
2/24/2001 03:00	0.0000	0.5527	0.0340	0.07801	0.03413	0.06007	0.011700	0.26800
2/24/2001 04:00	0.0000	0.6499	0.0400	0.11859	0.03413	0.07002	0.011700	0.25788
2/24/2001 05:00	0.0000	0.6493	0.0399	0.29687	0.03723	0.08238	0.011700	0.28777
2/24/2001 06:00	0.0000	0.6001	0.0369	0.62948	0.07136	0.13459	0.011700	0.33249
2/24/2001 07:00	0.0000	0.8981	0.0552	0.72031	0.14272	0.21032	0.041700	0.35330
2/24/2001 08:00	0.0000	0.0000	0.0000	0.69573	0.12720	0.27132	0.011700	0.29869
2/24/2001 09:00	0.0000	0.0000	0.0000	0.62192	0.06205	0.33250	0.011700	0.25421
2/24/2001 10:00	0.0000	0.0000	0.0000	0.53424	0.04964	0.34779	0.011700	0.26019
2/24/2001 11:00	0.0000	0.0000	0.0000	0.45632	0.04964	0.36309	0.011700	0.26027
2/24/2001 12:00	0.0000	0.0000	0.0000	0.39610	0.04964	0.35331	0.011700	0.25589
2/24/2001 13:00	0.0000	0.0000	0.0000	0.36018	0.04964	0.32072	0.011700	0.26473
2/24/2001 14:00	0.0000	0.0000	0.0000	0.32418	0.05274	0.29567	0.011700	0.27964
2/24/2001 15:00	0.0000	0.0000	0.0000	0.32954	0.06205	0.30433	0.011700	0.29518
2/24/2001 16:00	0.0000	0.0000	0.0000	0.37318	0.09618	0.35098	0.011700	0.34915
2/24/2001 17:00	0.0000	0.0000	0.0000	0.46524	0.18615	0.43555	0.011700	0.42416
2/24/2001 18:00	0.0000	0.9327	0.0574	0.55114	0.31956	0.39348	0.041700	0.46051
2/24/2001 19:00	0.0000	0.5655	0.0348	0.56624	0.40953	0.31774	0.011700	0.47534
2/24/2001 20:00	0.0000	0.3091	0.0190	0.51568	0.38161	0.28125	0.011700	0.49168
2/24/2001 21:00	0.0000	0.5962	0.0367	0.45408	0.31646	0.26494	0.011700	0.48020
2/24/2001 22:00	0.0000	0.9064	0.0558	0.35647	0.23579	0.21327	0.011700	0.41555
2/24/2001 23:00	0.0000	1.3366	0.0822	0.25106	0.16443	0.14336	0.011700	0.36111
2/25/2001 00:00	0.0000	1.6286	0.1002	0.14855	0.08377	0.10055	0.011700	0.29869
2/25/2001 01:00	0.0000	1.9532	0.1202	0.09287	0.04964	0.08360	0.011700	0.27502
2/25/2001 02:00	0.0000	2.2417	0.1379	0.07776	0.03413	0.07003	0.011700	0.27183
2/25/2001 03:00	0.0000	2.4959	0.1535	0.08201	0.03413	0.06144	0.011700	0.26800
2/25/2001 04:00	0.0000	2.7770	0.1708	0.12677	0.03413	0.07269	0.011700	0.25788
2/25/2001 05:00	0.0000	2.9432	0.1811	0.32050	0.03723	0.08648	0.011700	0.28777
2/25/2001 06:00	0.0000	2.9783	0.1832	0.68369	0.07136	0.14521	0.011700	0.33249
2/25/2001 07:00	0.0000	3.6308	0.2233	0.78613	0.14272	0.23148	0.041700	0.35330
2/25/2001 08:00	0.0000	1.4451	0.0889	0.76444	0.12720	0.30375	0.011700	0.29869
2/25/2001 09:00	0.0000	0.4575	0.0281	0.68528	0.06205	0.37753	0.011700	0.25421
2/25/2001 10:00	0.0000	0.0000	0.0000	0.58952	0.04964	0.39871	0.011700	0.26019
2/25/2001 11:00	0.0000	0.0000	0.0000	0.50244	0.04964	0.41558	0.011700	0.26027
2/25/2001 12:00	0.0000	0.0000	0.0000	0.43638	0.04964	0.40112	0.011700	0.25589
2/25/2001 13:00	0.0000	0.0000	0.0000	0.39423	0.04964	0.36431	0.011700	0.26473
2/25/2001 14:00	0.0000	0.0000	0.0000	0.35462	0.05274	0.33480	0.011700	0.27964
2/25/2001 15:00	0.0000	0.0000	0.0000	0.35837	0.06205	0.34138	0.011700	0.29518
2/25/2001 16:00	0.0000	0.0000	0.0000	0.40791	0.09618	0.38690	0.011700	0.34915
2/25/2001 17:00	0.0000	0.0000	0.0000	0.50785	0.18615	0.47090	0.011700	0.42416
2/25/2001 18:00	0.0000	0.0000	0.0000	0.60744	0.31956	0.42779	0.041700	0.46051
2/25/2001 19:00	0.0000	0.0000	0.0000	0.63093	0.40953	0.35199	0.011700	0.47534
2/25/2001 20:00	0.0000	0.1340	0.0082	0.57766	0.38161	0.31611	0.011700	0.49168
2/25/2001 21:00	0.0000	0.8312	0.0511	0.50651	0.31646	0.30055	0.011700	0.48020
2/25/2001 22:00	0.0000	1.0715	0.0659	0.39774	0.23579	0.24157	0.011700	0.41555
2/25/2001 23:00	0.0000	1.5408	0.0948	0.27679	0.16443	0.15890	0.011700	0.36111
2/26/2001 00:00	0.0000	1.9744	0.1215	0.14836	0.08377	0.10055	0.011700	0.29869
2/26/2001 01:00	0.0000	2.1625	0.1330	0.09277	0.04964	0.08360	0.011700	0.27502
2/26/2001 02:00	0.0000	2.3818	0.1465	0.07769	0.03413	0.07003	0.011700	0.27183
2/26/2001 03:00	0.0000	2.5060	0.1542	0.08193	0.03413	0.06144	0.011700	0.26800
2/26/2001 04:00	0.0000	2.6484	0.1629	0.12662	0.03413	0.07269	0.011700	0.25788
2/26/2001 05:00	0.0000	2.7528	0.1693	0.32001	0.03723	0.08648	0.011700	0.28777
2/26/2001 06:00	0.0000	2.7249	0.1676	0.68257	0.07136	0.14521	0.011700	0.33249
2/26/2001 07:00	0.0000	3.1846	0.1959	0.78481	0.14272	0.23148	0.041700	0.35330
2/26/2001 08:00	0.0000	1.2623	0.0777	0.76314	0.12720	0.30375	0.011700	0.29869
2/26/2001 09:00	0.0000	0.5443	0.0335	0.68411	0.06205	0.37753	0.011700	0.25421
2/26/2001 10:00	0.0000	0.0000	0.0000	0.58851	0.04964	0.39871	0.011700	0.26019
2/26/2001 11:00	0.0000	0.3715	0.0229	0.50214	0.04964	0.41558	0.011700	0.26027
2/26/2001 12:00	0.0000	0.0000	0.0000	0.43608	0.04964	0.40112	0.011700	0.25589
2/26/2001 13:00	0.0000	0.0000	0.0000	0.39443	0.04964	0.36431	0.011700	0.26473
2/26/2001 14:00	0.0000	0.0000	0.0000	0.35475	0.05274	0.33480	0.011700	0.27964
2/26/2001 15:00	0.0000	0.0000	0.0000	0.35829	0.06205	0.34138	0.011700	0.29518
2/26/2001 16:00	0.0000	0.0000	0.0000	0.40745	0.09618	0.38690	0.011700	0.34915
2/26/2001 17:00	0.0000	0.0000	0.0000	0.50699	0.18615	0.47090	0.011700	0.42416
2/26/2001 18:00	0.0000	0.0000	0.0000	0.60605	0.31956	0.42779	0.041700	0.46051
2/26/2001 19:00	0.0000	0.0000	0.0000	0.62975	0.40953	0.35199	0.011700	0.47534
2/26/2001 20:00	0.0000	0.1419	0.0087	0.57667	0.38161	0.31611	0.011700	0.49168
2/26/2001 21:00	0.0000	0.7697	0.0473	0.50568	0.31646	0.30055	0.011700	0.48020
2/26/2001 22:00	0.0000	1.1666	0.0718	0.39711	0.23579	0.24157	0.011700	0.41555
2/26/2001 23:00	0.0000	1.5647	0.0963	0.27637	0.16443	0.15890	0.011700	0.36111
2/27/2001 00:00	0.0000	1.9240	0.1184	0.13844	0.08377	0.09397	0.011700	0.29869
2/27/2001 01:00	0.0000	2.2648	0.1393	0.08756	0.04964	0.07966	0.011700	0.27502
2/27/2001 02:00	0.0000	2.4188	0.1488	0.07385	0.03413	0.06742	0.011700	0.27183
2/27/2001 03:00	0.0000	2.4797	0.1525	0.07780	0.03413	0.06007	0.011700	0.26800
2/27/2001 04:00	0.0000	2.4767	0.1524	0.11817	0.03413	0.07002	0.011700	0.25788
2/27/2001 05:00	0.0000	2.4067	0.1480	0.29552	0.03723	0.08238	0.011700	0.28777
2/27/2001 06:00	0.0000	2.2447	0.1381	0.62640	0.07136	0.13459	0.011700	0.33249
2/27/2001 07:00	0.0000	2.4548	0.1510	0.71671	0.14272	0.21032	0.041700	0.35330
2/27/2001 08:00	0.0000	0.6879	0.0423	0.69222	0.12720	0.27132	0.011700	0.29869
2/27/2001 09:00	0.0000	0.0000	0.0000	0.61893	0.06205	0.33250	0.011700	0.25421
2/27/2001 10:00	0.0000	0.0000	0.0000	0.53219	0.04964	0.34779	0.011700	0.26019
2/27/2001 11:00	0.0000	0.0000	0.0000	0.45404	0.04964	0.36309	0.011700	0.26027
2/27/2001 12:00	0.0000	0.0000	0.0000	0.39298	0.04964	0.35331	0.011700	0.25589
2/27/2001 13:00	0.0000	0.0000	0.0000	0.35764	0.04964	0.32072	0.011700	0.26473
2/27/2001 14:00	0.0000	0.0000	0.0000	0.32245	0.05274	0.29567	0.011700	0.27964
2/27/2001 15:00	0.0000	0.0000	0.0000	0.32707	0.06205	0.30433	0.011700	0.29518
2/27/2001 16:00	0.0000	0.0000	0.0000	0.36957	0.09618	0.35098	0.011700	0.34915
2/27/2001 17:00	0.0000	0.0000	0.0000	0.46188	0.18615	0.43555	0.011700	0.42416
2/27/2001 18:00	0.0000	0.0000	0.0000	0.54800	0.31956	0.39348	0.041700	0.46051
2/27/2001 19:00	0.0000	0.0000	0.0000	0.56342	0.40953	0.31774	0.011700	0.47534
2/27/2001 20:00	0.0000	0.0000	0.0000	0.51215	0.38161	0.28125	0.011700	0.49168
2/27/2001 21:00	0.0000	0.0000	0.0000	0.44983	0.31646	0.26494	0.011700	0.48020
2/27/2001 22:00	0.0000	1.9250	0.1184	0.35369	0.23579	0.21327	0.011700	0.41555
2/27/2001 23:00	0.0000	0.2175	0.0134	0.24973	0.16443	0.14336	0.011700	0.36111
2/28/2001 00:00	0.0000	0.3127	0.0192	0.13824	0.08377	0.09397	0.011700	0.29869
2/28/2001 01:00	0.0000	0.5483	0.0337	0.08746	0.04964	0.07966	0.011700	0.27502
2/28/2001 02:00	0.0000	0.8528	0.0525	0.07378	0.03413	0.06742	0.011700	0.27183
2/28/2001 03:00	0.0000	1.1145	0.0686	0.07773	0.03413	0.06007	0.011700	0.26800
2/28/2001 04:00	0.0000	1.3551	0.0834	0.11802	0.03413	0.07002	0.011700	0.25788
2/28/2001 05:00	0.0000	1.5691	0.0965	0.29504	0.03723	0.08238	0.011700	0.28777
2/28/2001 06:00	0.0000	1.7515	0.1077	0.62531	0.07136	0.13459	0.011700	0.33249
2/28/2001 07:00	0.0000	2.1296	0.1310	0.71543	0.14272	0.21032	0.041700	0.35330
2/28/2001 08:00	0.0000	0.7116	0.0438	0.69098	0.12720	0.27132	0.011700	0.29869
2/28/2001 09:00	0.0000	0.2191	0.0135	0.61782	0.06205	0.33250	0.011700	0.25421
2/28/2001 10:00	0.0000	0.0000	0.0000	0.53164	0.04964	0.34779	0.011700	0.26019
2/28/2001 11:00	0.0000	0.0000	0.0000	0.45436	0.04964	0.36309	0.011700	0.26027
2/28/2001 12:00	0.0000	0.0000	0.0000	0.39466	0.04964	0.35331	0.011700	0.25589
2/28/2001 13:00	0.0000	0.0000	0.0000	0.35813	0.04964	0.32072	0.011700	0.26473
2/28/2001 14:00	0.0000	0.0000	0.0000	0.32193	0.05274	0.29567	0.011700	0.27964
2/28/2001 15:00	0.0000	0.0000	0.0000	0.32557	0.06205	0.30433	0.011700	0.29518
2/28/2001 16:00	0.0000	0.0000	0.0000	0.36739	0.09618	0.35098	0.011700	0.34915
2/28/2001 17:00	0.0000	0.0000	0.0000	0.45848	0.18615	0.43555	0.011700	0.42416
2/28/2001 18:00	0.0000	0.0000	0.0000	0.54365	0.31956	0.39348	0.041700	0.46051
2/28/2001 19:00	0.0000	0.0000	0.0000	0.56072	0.40953	0.31774	0.011700	0.47534
2/28/2001 20:00	0.0000	0.0000	0.0000	0.51096	0.38161	0.28125	0.011700	0.49168
2/28/2001 21:00	0.0000	0.3998	0.0246	0.45053	0.31646	0.26494	0.011700	0.48020
2/28/2001 22:00	0.0000	0.8706	0.0536	0.35417	0.23579	0.21327	0.011700	0.41555
2/28/2001 23:00	0.0000	1.2884	0.0793	0.24956	0.16443	0.14336	0.011700	0.36111
3/1/2001 00:00	0.0000	1.7292	0.1064	0.13806	0.08382	0.09397	0.011700	0.29869
3/1/2001 01:00	0.0000	2.0542	0.1264	0.08736	0.04977	0.07966	0.011700	0.27502
3/1/2001 02:00	0.0000	2.3019	0.1416	0.07372	0.03405	0.06742	0.011700	0.27183
3/1/2001 03:00	0.0000	2.4948	0.1535	0.07765	0.03405	0.06007	0.011700	0.26800
3/1/2001 04:00	0.0000	2.6520	0.1631	0.11786	0.03405	0.07002	0.011700	0.25788
3/1/2001 05:00	0.0000	2.7205	0.1674	0.29455	0.03667	0.08238	0.011700	0.28777
3/1/2001 06:00	0.0000	2.7144	0.1670	0.62418	0.05763	0.13459	0.011700	0.33249
3/1/2001 07:00	0.0000	3.1562	0.1942	0.71411	0.10216	0.21032	0.041700	0.35330
3/1/2001 08:00	0.0000	1.2283	0.0756	0.68970	0.08121	0.27132	0.011700	0.29869
3/1/2001 09:00	0.0000	0.1920	0.0118	0.61666	0.04191	0.33250	0.011700	0.25421
3/1/2001 10:00	0.0000	0.0000	0.0000	0.53065	0.03405	0.34779	0.011700	0.26019
3/1/2001 11:00	0.0000	0.0000	0.0000	0.45322	0.03405	0.36309	0.011700	0.26027
3/1/2001 12:00	0.0000	0.0000	0.0000	0.39322	0.03405	0.35331	0.011700	0.25589
3/1/2001 13:00	0.0000	0.0000	0.0000	0.35679	0.03405	0.32072	0.011700	0.26473
3/1/2001 14:00	0.0000	0.0000	0.0000	0.32105	0.03405	0.29567	0.011700	0.27964
3/1/2001 15:00	0.0000	0.0000	0.0000	0.32641	0.03929	0.30433	0.011700	0.29518
3/1/2001 16:00	0.0000	0.0000	0.0000	0.36960	0.06025	0.35098	0.011700	0.34915
3/1/2001 17:00	0.0000	0.0000	0.0000	0.46184	0.12050	0.43555	0.011700	0.42416
3/1/2001 18:00	0.0000	0.4675	0.0288	0.54696	0.23314	0.39348	0.041700	0.46051
3/1/2001 19:00	0.0000	0.0426	0.0026	0.56161	0.34840	0.31774	0.011700	0.47534
3/1/2001 20:00	0.0000	0.3848	0.0237	0.51140	0.37459	0.28125	0.011700	0.49168
3/1/2001 21:00	0.0000	0.7014	0.0431	0.45031	0.31434	0.26494	0.011700	0.48020
3/1/2001 22:00	0.0000	0.9816	0.0604	0.35359	0.23576	0.21327	0.011700	0.41555
3/1/2001 23:00	0.0000	1.2331	0.0759	0.24916	0.16503	0.14336	0.011700	0.36111
3/2/2001 00:00	0.0000	1.4442	0.0888	0.13786	0.08382	0.09397	0.011700	0.29869
3/2/2001 01:00	0.0000	1.6660	0.1025	0.08727	0.04977	0.07966	0.011700	0.27502
3/2/2001 02:00	0.0000	1.8773	0.1155	0.07364	0.03405	0.06742	0.011700	0.27183
3/2/2001 03:00	0.0000	2.0887	0.1285	0.07757	0.03405	0.06007	0.011700	0.26800
3/2/2001 04:00	0.0000	2.2055	0.1357	0.11770	0.03405	0.07002	0.011700	0.25788
3/2/2001 05:00	0.0000	2.2532	0.1386	0.29404	0.03667	0.08238	0.011700	0.28777
3/2/2001 06:00	0.0000	2.1709	0.1335	0.62302	0.05763	0.13459	0.011700	0.33249
3/2/2001 07:00	0.0000	2.6174	0.1610	0.71276	0.10216	0.21032	0.041700	0.35330
3/2/2001 08:00	0.0000	1.2693	0.0781	0.68838	0.08121	0.27132	0.011700	0.29869
3/2/2001 09:00	0.0000	0.6717	0.0413	0.61548	0.04191	0.33250	0.011700	0.25421
3/2/2001 10:00	0.0000	0.2633	0.0162	0.52963	0.03405	0.34779	0.011700	0.26019
3/2/2001 11:00	0.0000	0.3546	0.0218	0.45327	0.03405	0.36309	0.011700	0.26027
3/2/2001 12:00	0.0000	0.0000	0.0000	0.39371	0.03405	0.35331	0.011700	0.25589
3/2/2001 13:00	0.0000	0.0000	0.0000	0.35784	0.03405	0.32072	0.011700	0.26473
3/2/2001 14:00	0.0000	0.0000	0.0000	0.32203	0.03405	0.29567	0.011700	0.27964
3/2/2001 15:00	0.0000	0.0000	0.0000	0.32607	0.03929	0.30433	0.011700	0.29518
3/2/2001 16:00	0.0000	0.0000	0.0000	0.36801	0.06025	0.35098	0.011700	0.34915
3/2/2001 17:00	0.0000	0.0000	0.0000	0.45904	0.12050	0.43555	0.011700	0.42416
3/2/2001 18:00	0.0000	0.0000	0.0000	0.54382	0.23314	0.39348	0.041700	0.46051
3/2/2001 19:00	0.0000	0.1904	0.0117	0.56055	0.34840	0.31774	0.011700	0.47534
3/2/2001 20:00	0.0000	0.3330	0.0205	0.51045	0.37459	0.28125	0.011700	0.49168
3/2/2001 21:00	0.0000	0.7070	0.0435	0.44948	0.31434	0.26494	0.011700	0.48020
3/2/2001 22:00	0.0000	1.0718	0.0659	0.35296	0.23576	0.21327	0.011700	0.41555
3/2/2001 23:00	0.0000	1.4350	0.0883	0.24874	0.16503	0.14336	0.011700	0.36111
3/3/2001 00:00	0.0000	1.7787	0.1094	0.13766	0.08382	0.09397	0.011700	0.29869
3/3/2001 01:00	0.0000	1.9485	0.1199	0.08716	0.04977	0.07966	0.011700	0.27502
3/3/2001 02:00	0.0000	2.0210	0.1243	0.07357	0.03405	0.06742	0.011700	0.27183
3/3/2001 03:00	0.0000	2.0086	0.1236	0.07749	0.03405	0.06007	0.011700	0.26800
3/3/2001 04:00	0.0000	1.9652	0.1209	0.11753	0.03405	0.07002	0.011700	0.25788
3/3/2001 05:00	0.0000	1.8423	0.1133	0.29352	0.03667	0.08238	0.011700	0.28777
3/3/2001 06:00	0.0000	1.6441	0.1011	0.62182	0.05763	0.13459	0.011700	0.33249
3/3/2001 07:00	0.0000	2.0479	0.1260	0.71136	0.10216	0.21032	0.041700	0.35330
3/3/2001 08:00	0.0000	1.0253	0.0631	0.68702	0.08121	0.27132	0.011700	0.29869
3/3/2001 09:00	0.0000	0.3633	0.0223	0.61426	0.04191	0.33250	0.011700	0.25421
3/3/2001 10:00	0.0000	0.0000	0.0000	0.52859	0.03405	0.34779	0.011700	0.26019
3/3/2001 11:00	0.0000	0.0000	0.0000	0.45210	0.03405	0.36309	0.011700	0.26027
3/3/2001 12:00	0.0000	0.0000	0.0000	0.39235	0.03405	0.35331	0.011700	0.25589
3/3/2001 13:00	0.0000	0.0000	0.0000	0.35601	0.03405	0.32072	0.011700	0.26473
3/3/2001 14:00	0.0000	0.0000	0.0000	0.31999	0.03405	0.29567	0.011700	0.27964
3/3/2001 15:00	0.0000	0.0000	0.0000	0.32584	0.03929	0.30433	0.011700	0.29518
3/3/2001 16:00	0.0000	0.0000	0.0000	0.36901	0.06025	0.35098	0.011700	0.34915
3/3/2001 17:00	0.0000	0.0000	0.0000	0.46021	0.12050	0.43555	0.011700	0.42416
3/3/2001 18:00	0.0000	0.0000	0.0000	0.54377	0.23314	0.39348	0.041700	0.46051
3/3/2001 19:00	0.0000	0.0000	0.0000	0.55832	0.34840	0.31774	0.011700	0.47534
3/3/2001 20:00	0.0000	0.0000	0.0000	0.50886	0.37459	0.28125	0.011700	0.49168
3/3/2001 21:00	0.0000	0.0000	0.0000	0.44795	0.31434	0.26494	0.011700	0.48020
3/3/2001 22:00	0.0000	0.0000	0.0000	0.35104	0.23576	0.21327	0.011700	0.41555
3/3/2001 23:00	0.0000	0.0899	0.0055	0.24729	0.16503	0.14336	0.011700	0.36111
