Date/Time	Cooling (E)	Heating (E)	HVAC Fan/Pump (E)	Hot Water (E)	Lights (E)	Lg. Appl. (E)	Vent Fan (E)	Misc. (E)
	kWh	kWh	kWh	kWh	kWh	kWh	kWh	kWh
10/7/2001 00:00	0.0000	0.0000	0.0000	0.11031	0.08303	0.09397	0.011700	0.29869
10/7/2001 01:00	0.0000	0.0000	0.0000	0.07635	0.05154	0.08360	0.011700	0.27502
10/7/2001 02:00	0.0000	0.0000	0.0000	0.06576	0.03436	0.07003	0.011700	0.27183
10/7/2001 03:00	0.0000	0.0000	0.0000	0.06903	0.03436	0.06144	0.011700	0.26800
10/7/2001 04:00	0.0000	0.0000	0.0000	0.10120	0.03436	0.07269	0.011700	0.25788
10/7/2001 05:00	0.0000	0.0000	0.0000	0.24128	0.03722	0.08648	0.011700	0.28777
10/7/2001 06:00	0.0000	0.0000	0.0000	0.50298	0.07731	0.14521	0.011700	0.33249
10/7/2001 07:00	0.0000	0.1420	0.0087	0.57370	0.15748	0.23148	0.041700	0.35330
10/7/2001 08:00	0.0000	0.0000	0.0000	0.55602	0.14030	0.30375	0.011700	0.29869
10/7/2001 09:00	0.0000	0.0000	0.0000	0.49707	0.06872	0.37753	0.011700	0.25421
10/7/2001 10:00	0.0000	0.0000	0.0000	0.42759	0.05440	0.39871	0.011700	0.26019
10/7/2001 11:00	0.0000	0.1478	0.0091	0.36591	0.05440	0.41558	0.011700	0.26027
10/7/2001 12:00	0.0000	0.0000	0.0000	0.31897	0.05440	0.40112	0.011700	0.25589
10/7/2001 13:00	0.0000	0.0000	0.0000	0.29064	0.05440	0.36431	0.011700	0.26473
10/7/2001 14:00	0.0000	0.0000	0.0000	0.26299	0.05440	0.33480	0.011700	0.27964
10/7/2001 15:00	0.0000	0.0000	0.0000	0.26664	0.05726	0.34138	0.011700	0.29518
10/7/2001 16:00	0.0000	0.0000	0.0000	0.30276	0.07158	0.38690	0.011700	0.34915
10/7/2001 17:00	0.0000	0.0000	0.0000	0.37587	0.11739	0.47090	0.011700	0.42416
10/7/2001 18:00	0.0000	0.0000	0.0000	0.44912	0.21474	0.42779	0.041700	0.46051
10/7/2001 19:00	0.0000	0.0000	0.0000	0.46583	0.33786	0.35199	0.011700	0.47534
10/7/2001 20:00	0.0000	0.0000	0.0000	0.42531	0.37222	0.31611	0.011700	0.49168
10/7/2001 21:00	0.0000	0.0000	0.0000	0.37225	0.31209	0.30055	0.011700	0.48020
10/7/2001 22:00	0.0000	0.0000	0.0000	0.29463	0.23478	0.24157	0.011700	0.41555
10/7/2001 23:00	0.0000	0.0000	0.0000	0.20861	0.16320	0.15890	0.011700	0.36111
10/8/2001 00:00	0.0000	0.0000	0.0000	0.11623	0.08303	0.10055	0.011700	0.29869
10/8/2001 01:00	0.0000	0.0000	0.0000	0.07619	0.05154	0.08360	0.011700	0.27502
10/8/2001 02:00	0.0000	0.0000	0.0000	0.06577	0.03436	0.07003	0.011700	0.27183
10/8/2001 03:00	0.0000	0.0000	0.0000	0.06875	0.03436	0.06144	0.011700	0.26800
10/8/2001 04:00	0.0000	0.0000	0.0000	0.10062	0.03436	0.07269	0.011700	0.25788
10/8/2001 05:00	0.0000	0.0000	0.0000	0.24110	0.03722	0.08648	0.011700	0.28777
10/8/2001 06:00	0.0000	0.0000	0.0000	0.50349	0.07731	0.14521	0.011700	0.33249
10/8/2001 07:00	0.0000	0.0000	0.0000	0.57463	0.15748	0.23148	0.041700	0.35330
10/8/2001 08:00	0.0000	0.0000	0.0000	0.55688	0.14030	0.30375	0.011700	0.29869
10/8/2001 09:00	0.0000	0.0000	0.0000	0.49743	0.06872	0.37753	0.011700	0.25421
10/8/2001 10:00	0.0000	0.0000	0.0000	0.42779	0.05440	0.39871	0.011700	0.26019
10/8/2001 11:00	0.0000	0.0000	0.0000	0.36582	0.05440	0.41558	0.011700	0.26027
10/8/2001 12:00	0.0000	0.0000	0.0000	0.31878	0.05440	0.40112	0.011700	0.25589
10/8/2001 13:00	0.0000	0.0000	0.0000	0.29000	0.05440	0.36431	0.011700	0.26473
10/8/2001 14:00	0.0120	0.0000	0.0024	0.26199	0.05440	0.33480	0.011700	0.27964
10/8/2001 15:00	0.0935	0.0000	0.0185	0.26524	0.05726	0.34138	0.011700	0.29518
10/8/2001 16:00	0.1260	0.0000	0.0248	0.30138	0.07158	0.38690	0.011700	0.34915
10/8/2001 17:00	0.1769	0.0000	0.0347	0.37485	0.11739	0.47090	0.011700	0.42416
10/8/2001 18:00	0.0797	0.0000	0.0159	0.44860	0.21474	0.42779	0.041700	0.46051
10/8/2001 19:00	0.1597	0.0000	0.0318	0.46516	0.33786	0.35199	0.011700	0.47534
10/8/2001 20:00	0.1554	0.0000	0.0310	0.42506	0.37222	0.31611	0.011700	0.49168
10/8/2001 21:00	0.0955	0.0000	0.0195	0.37202	0.31209	0.30055	0.011700	0.48020
10/8/2001 22:00	0.0422	0.0000	0.0086	0.29400	0.23478	0.24157	0.011700	0.41555
10/8/2001 23:00	0.0000	0.0000	0.0000	0.20755	0.16320	0.15890	0.011700	0.36111
10/9/2001 00:00	0.0000	0.0000	0.0000	0.11485	0.08303	0.10055	0.011700	0.29869
10/9/2001 01:00	0.0000	0.0000	0.0000	0.07145	0.05154	0.07966	0.011700	0.27502
10/9/2001 02:00	0.0000	0.0000	0.0000	0.06224	0.03436	0.06742	0.011700	0.27183
10/9/2001 03:00	0.0000	0.0000	0.0000	0.06681	0.03436	0.06007	0.011700	0.26800
10/9/2001 04:00	0.0000	0.0000	0.0000	0.09575	0.03436	0.07002	0.011700	0.25788
10/9/2001 05:00	0.0000	0.0000	0.0000	0.22554	0.03722	0.08238	0.011700	0.28777
10/9/2001 06:00	0.0000	0.0000	0.0000	0.46736	0.07731	0.13459	0.011700	0.33249
10/9/2001 07:00	0.0000	0.0222	0.0014	0.53090	0.15748	0.21032	0.041700	0.35330
10/9/2001 08:00	0.0000	0.0000	0.0000	0.51196	0.14030	0.27132	0.011700	0.29869
10/9/2001 09:00	0.0000	0.0000	0.0000	0.45575	0.06872	0.33250	0.011700	0.25421
10/9/2001 10:00	0.2766	0.0000	0.0527	0.39076	0.05440	0.34779	0.011700	0.26019
10/9/2001 11:00	0.5291	0.0000	0.0983	0.33476	0.05440	0.36309	0.011700	0.26027
10/9/2001 12:00	0.8717	0.0000	0.1604	0.29136	0.05440	0.35331	0.011700	0.25589
10/9/2001 13:00	0.8188	0.0000	0.1481	0.26655	0.05440	0.32072	0.011700	0.26473
10/9/2001 14:00	0.7467	0.0000	0.1354	0.24118	0.05440	0.29567	0.011700	0.27964
10/9/2001 15:00	0.8329	0.0000	0.1527	0.24495	0.05726	0.30433	0.011700	0.29518
10/9/2001 16:00	0.8504	0.0000	0.1561	0.27615	0.07158	0.35098	0.011700	0.34915
10/9/2001 17:00	0.7828	0.0000	0.1469	0.34416	0.11739	0.43555	0.011700	0.42416
10/9/2001 18:00	0.2354	0.0000	0.0454	0.40812	0.21474	0.39348	0.041700	0.46051
10/9/2001 19:00	0.0000	0.0000	0.0000	0.41947	0.33786	0.31774	0.011700	0.47534
10/9/2001 20:00	0.0000	0.0000	0.0000	0.38169	0.37222	0.28125	0.011700	0.49168
10/9/2001 21:00	0.0000	0.0000	0.0000	0.33722	0.31209	0.26494	0.011700	0.48020
10/9/2001 22:00	0.0000	0.0000	0.0000	0.26700	0.23478	0.21327	0.011700	0.41555
10/9/2001 23:00	0.0000	0.0000	0.0000	0.19116	0.16320	0.14336	0.011700	0.36111
10/10/2001 00:00	0.0000	0.0000	0.0000	0.11012	0.08303	0.09397	0.011700	0.29869
10/10/2001 01:00	0.0000	0.0000	0.0000	0.07385	0.05154	0.07966	0.011700	0.27502
10/10/2001 02:00	0.0000	0.0000	0.0000	0.06424	0.03436	0.06742	0.011700	0.27183
10/10/2001 03:00	0.0000	0.0107	0.0007	0.06685	0.03436	0.06007	0.011700	0.26800
10/10/2001 04:00	0.0000	0.1570	0.0097	0.09650	0.03436	0.07002	0.011700	0.25788
10/10/2001 05:00	0.0000	0.2249	0.0138	0.22701	0.03722	0.08238	0.011700	0.28777
10/10/2001 06:00	0.0000	0.2662	0.0164	0.46992	0.07731	0.13459	0.011700	0.33249
10/10/2001 07:00	0.0000	0.8063	0.0496	0.53394	0.15748	0.21032	0.041700	0.35330
10/10/2001 08:00	0.0000	0.0000	0.0000	0.51435	0.14030	0.27132	0.011700	0.29869
10/10/2001 09:00	0.0000	0.0000	0.0000	0.45917	0.06872	0.33250	0.011700	0.25421
10/10/2001 10:00	0.0000	0.0000	0.0000	0.39413	0.05440	0.34779	0.011700	0.26019
10/10/2001 11:00	0.1167	0.0000	0.0243	0.33654	0.05440	0.36309	0.011700	0.26027
10/10/2001 12:00	0.3315	0.0000	0.0681	0.29270	0.05440	0.35331	0.011700	0.25589
10/10/2001 13:00	0.4800	0.0000	0.0964	0.26776	0.05440	0.32072	0.011700	0.26473
10/10/2001 14:00	0.5730	0.0000	0.1142	0.24224	0.05440	0.29567	0.011700	0.27964
10/10/2001 15:00	0.6370	0.0000	0.1270	0.24603	0.05726	0.30433	0.011700	0.29518
10/10/2001 16:00	0.6288	0.0000	0.1255	0.27738	0.07158	0.35098	0.011700	0.34915
10/10/2001 17:00	0.5222	0.0000	0.1077	0.34571	0.11739	0.43555	0.011700	0.42416
10/10/2001 18:00	0.1904	0.0000	0.0407	0.40995	0.21474	0.39348	0.041700	0.46051
10/10/2001 19:00	0.1621	0.0000	0.0349	0.42134	0.33786	0.31774	0.011700	0.47534
10/10/2001 20:00	0.1084	0.0000	0.0232	0.38332	0.37222	0.28125	0.011700	0.49168
10/10/2001 21:00	0.0631	0.0000	0.0135	0.33735	0.31209	0.26494	0.011700	0.48020
10/10/2001 22:00	0.0159	0.0000	0.0034	0.26656	0.23478	0.21327	0.011700	0.41555
10/10/2001 23:00	0.0000	0.0000	0.0000	0.19043	0.16320	0.14336	0.011700	0.36111
10/11/2001 00:00	0.0000	0.0000	0.0000	0.10877	0.08303	0.09397	0.011700	0.29869
10/11/2001 01:00	0.0000	0.0000	0.0000	0.07192	0.05154	0.07966	0.011700	0.27502
10/11/2001 02:00	0.0000	0.0438	0.0027	0.06281	0.03436	0.06742	0.011700	0.27183
10/11/2001 03:00	0.0000	0.3271	0.0201	0.06731	0.03436	0.06007	0.011700	0.26800
10/11/2001 04:00	0.0000	0.0833	0.0051	0.09679	0.03436	0.07002	0.011700	0.25788
10/11/2001 05:00	0.0000	0.1353	0.0083	0.22794	0.03722	0.08238	0.011700	0.28777
10/11/2001 06:00	0.0000	0.2177	0.0134	0.47203	0.07731	0.13459	0.011700	0.33249
10/11/2001 07:00	0.0000	0.7614	0.0468	0.53641	0.15748	0.21032	0.041700	0.35330
10/11/2001 08:00	0.0000	0.0253	0.0016	0.51675	0.14030	0.27132	0.011700	0.29869
10/11/2001 09:00	0.0000	0.0000	0.0000	0.46134	0.06872	0.33250	0.011700	0.25421
10/11/2001 10:00	0.0000	0.0000	0.0000	0.39622	0.05440	0.34779	0.011700	0.26019
10/11/2001 11:00	0.0000	0.0000	0.0000	0.33853	0.05440	0.36309	0.011700	0.26027
10/11/2001 12:00	0.0000	0.0000	0.0000	0.29403	0.05440	0.35331	0.011700	0.25589
10/11/2001 13:00	0.0546	0.0000	0.0109	0.26909	0.05440	0.32072	0.011700	0.26473
10/11/2001 14:00	0.1586	0.0000	0.0317	0.24332	0.05440	0.29567	0.011700	0.27964
10/11/2001 15:00	0.0000	0.0000	0.0000	0.24712	0.05726	0.30433	0.011700	0.29518
10/11/2001 16:00	0.0750	0.0000	0.0151	0.27871	0.07158	0.35098	0.011700	0.34915
10/11/2001 17:00	0.0000	0.0000	0.0000	0.34727	0.11739	0.43555	0.011700	0.42416
10/11/2001 18:00	0.0000	0.0000	0.0000	0.41254	0.21474	0.39348	0.041700	0.46051
10/11/2001 19:00	0.0000	0.0000	0.0000	0.42512	0.33786	0.31774	0.011700	0.47534
10/11/2001 20:00	0.0000	0.0000	0.0000	0.38628	0.37222	0.28125	0.011700	0.49168
10/11/2001 21:00	0.0000	0.0000	0.0000	0.33959	0.31209	0.26494	0.011700	0.48020
10/11/2001 22:00	0.0000	0.0426	0.0026	0.26982	0.23478	0.21327	0.011700	0.41555
10/11/2001 23:00	0.0000	0.0000	0.0000	0.19444	0.16320	0.14336	0.011700	0.36111
10/12/2001 00:00	0.0000	0.0000	0.0000	0.11189	0.08303	0.09397	0.011700	0.29869
10/12/2001 01:00	0.0000	0.0953	0.0059	0.07420	0.05154	0.07966	0.011700	0.27502
10/12/2001 02:00	0.0000	0.2513	0.0155	0.06460	0.03436	0.06742	0.011700	0.27183
10/12/2001 03:00	0.0000	0.4107	0.0253	0.06747	0.03436	0.06007	0.011700	0.26800
10/12/2001 04:00	0.0000	0.5294	0.0326	0.09708	0.03436	0.07002	0.011700	0.25788
10/12/2001 05:00	0.0000	0.5861	0.0361	0.22887	0.03722	0.08238	0.011700	0.28777
10/12/2001 06:00	0.0000	0.5317	0.0327	0.47416	0.07731	0.13459	0.011700	0.33249
10/12/2001 07:00	0.0000	0.8825	0.0543	0.53889	0.15748	0.21032	0.041700	0.35330
10/12/2001 08:00	0.0000	0.0000	0.0000	0.51917	0.14030	0.27132	0.011700	0.29869
10/12/2001 09:00	0.0000	0.0000	0.0000	0.46341	0.06872	0.33250	0.011700	0.25421
10/12/2001 10:00	0.0000	0.0000	0.0000	0.39770	0.05440	0.34779	0.011700	0.26019
10/12/2001 11:00	0.1275	0.0000	0.0262	0.33963	0.05440	0.36309	0.011700	0.26027
10/12/2001 12:00	0.3132	0.0000	0.0627	0.29541	0.05440	0.35331	0.011700	0.25589
10/12/2001 13:00	0.4397	0.0000	0.0868	0.27018	0.05440	0.32072	0.011700	0.26473
10/12/2001 14:00	0.5124	0.0000	0.1010	0.24441	0.05440	0.29567	0.011700	0.27964
10/12/2001 15:00	0.5963	0.0000	0.1184	0.24822	0.05726	0.30433	0.011700	0.29518
10/12/2001 16:00	0.5561	0.0000	0.1115	0.27988	0.07158	0.35098	0.011700	0.34915
10/12/2001 17:00	0.4932	0.0000	0.1014	0.34884	0.11739	0.43555	0.011700	0.42416
10/12/2001 18:00	0.2159	0.0000	0.0454	0.41364	0.21474	0.39348	0.041700	0.46051
10/12/2001 19:00	0.1580	0.0000	0.0340	0.42510	0.33786	0.31774	0.011700	0.47534
10/12/2001 20:00	0.0749	0.0000	0.0164	0.38675	0.37222	0.28125	0.011700	0.49168
10/12/2001 21:00	0.0137	0.0000	0.0030	0.34036	0.31209	0.26494	0.011700	0.48020
10/12/2001 22:00	0.0000	0.0000	0.0000	0.26886	0.23478	0.21327	0.011700	0.41555
10/12/2001 23:00	0.0000	0.0000	0.0000	0.19245	0.16320	0.14336	0.011700	0.36111
10/13/2001 00:00	0.0000	0.0000	0.0000	0.11045	0.08303	0.09397	0.011700	0.29869
10/13/2001 01:00	0.0000	0.0000	0.0000	0.07350	0.05154	0.07966	0.011700	0.27502
10/13/2001 02:00	0.0000	0.3003	0.0185	0.06433	0.03436	0.06742	0.011700	0.27183
10/13/2001 03:00	0.0000	0.2749	0.0169	0.06760	0.03436	0.06007	0.011700	0.26800
10/13/2001 04:00	0.0000	0.4214	0.0259	0.09738	0.03436	0.07002	0.011700	0.25788
10/13/2001 05:00	0.0000	0.4946	0.0304	0.22980	0.03722	0.08238	0.011700	0.28777
10/13/2001 06:00	0.0000	0.4190	0.0258	0.47630	0.07731	0.13459	0.011700	0.33249
10/13/2001 07:00	0.0000	0.8893	0.0547	0.54139	0.15748	0.21032	0.041700	0.35330
10/13/2001 08:00	0.0000	0.0000	0.0000	0.52160	0.14030	0.27132	0.011700	0.29869
10/13/2001 09:00	0.0000	0.0000	0.0000	0.46568	0.06872	0.33250	0.011700	0.25421
10/13/2001 10:00	0.0000	0.0000	0.0000	0.39983	0.05440	0.34779	0.011700	0.26019
10/13/2001 11:00	0.0126	0.0000	0.0026	0.34142	0.05440	0.36309	0.011700	0.26027
10/13/2001 12:00	0.0814	0.0000	0.0163	0.29676	0.05440	0.35331	0.011700	0.25589
10/13/2001 13:00	0.2167	0.0000	0.0425	0.27140	0.05440	0.32072	0.011700	0.26473
10/13/2001 14:00	0.5042	0.0000	0.0965	0.24549	0.05440	0.29567	0.011700	0.27964
10/13/2001 15:00	0.4615	0.0000	0.0896	0.24932	0.05726	0.30433	0.011700	0.29518
10/13/2001 16:00	0.5554	0.0000	0.1067	0.28113	0.07158	0.35098	0.011700	0.34915
10/13/2001 17:00	0.1230	0.0000	0.0242	0.35042	0.11739	0.43555	0.011700	0.42416
10/13/2001 18:00	0.0000	0.0000	0.0000	0.41550	0.21474	0.39348	0.041700	0.46051
10/13/2001 19:00	0.0000	0.0000	0.0000	0.42851	0.33786	0.31774	0.011700	0.47534
10/13/2001 20:00	0.0000	0.0000	0.0000	0.38977	0.37222	0.28125	0.011700	0.49168
10/13/2001 21:00	0.0000	0.0000	0.0000	0.34255	0.31209	0.26494	0.011700	0.48020
10/13/2001 22:00	0.0000	0.0000	0.0000	0.27116	0.23478	0.21327	0.011700	0.41555
10/13/2001 23:00	0.0000	0.0000	0.0000	0.19546	0.16320	0.14336	0.011700	0.36111
10/14/2001 00:00	0.0000	0.0000	0.0000	0.11243	0.08303	0.09397	0.011700	0.29869
10/14/2001 01:00	0.0000	0.0000	0.0000	0.07775	0.05154	0.08360	0.011700	0.27502
10/14/2001 02:00	0.0000	0.0619	0.0038	0.06730	0.03436	0.07003	0.011700	0.27183
10/14/2001 03:00	0.0000	0.1269	0.0078	0.07072	0.03436	0.06144	0.011700	0.26800
10/14/2001 04:00	0.0000	0.2049	0.0126	0.10373	0.03436	0.07269	0.011700	0.25788
10/14/2001 05:00	0.0000	0.2543	0.0156	0.24851	0.03722	0.08648	0.011700	0.28777
10/14/2001 06:00	0.0000	0.1972	0.0121	0.51928	0.07731	0.14521	0.011700	0.33249
10/14/2001 07:00	0.0000	0.6141	0.0378	0.59295	0.15748	0.23148	0.041700	0.35330
10/14/2001 08:00	0.0000	0.0000	0.0000	0.57473	0.14030	0.30375	0.011700	0.29869
10/14/2001 09:00	0.0000	0.0000	0.0000	0.51376	0.06872	0.37753	0.011700	0.25421
10/14/2001 10:00	0.0508	0.0000	0.0101	0.44054	0.05440	0.39871	0.011700	0.26019
10/14/2001 11:00	0.3218	0.0000	0.0614	0.37519	0.05440	0.41558	0.011700	0.26027
10/14/2001 12:00	0.5301	0.0000	0.1006	0.32629	0.05440	0.40112	0.011700	0.25589
10/14/2001 13:00	0.7203	0.0000	0.1340	0.29706	0.05440	0.36431	0.011700	0.26473
10/14/2001 14:00	0.8404	0.0000	0.1547	0.26874	0.05440	0.33480	0.011700	0.27964
10/14/2001 15:00	0.9094	0.0000	0.1674	0.27255	0.05726	0.34138	0.011700	0.29518
10/14/2001 16:00	0.8832	0.0000	0.1645	0.30977	0.07158	0.38690	0.011700	0.34915
10/14/2001 17:00	0.8033	0.0000	0.1513	0.38530	0.11739	0.47090	0.011700	0.42416
10/14/2001 18:00	0.4416	0.0000	0.0892	0.46103	0.21474	0.42779	0.041700	0.46051
10/14/2001 19:00	0.3080	0.0000	0.0637	0.47795	0.33786	0.35199	0.011700	0.47534
10/14/2001 20:00	0.1805	0.0000	0.0379	0.43678	0.37222	0.31611	0.011700	0.49168
10/14/2001 21:00	0.1075	0.0000	0.0227	0.38227	0.31209	0.30055	0.011700	0.48020
10/14/2001 22:00	0.0472	0.0000	0.0100	0.30185	0.23478	0.24157	0.011700	0.41555
10/14/2001 23:00	0.0000	0.0000	0.0000	0.21270	0.16320	0.15890	0.011700	0.36111
10/15/2001 00:00	0.0000	0.0000	0.0000	0.11722	0.08303	0.10055	0.011700	0.29869
10/15/2001 01:00	0.0000	0.0000	0.0000	0.07611	0.05154	0.08360	0.011700	0.27502
10/15/2001 02:00	0.0000	0.0000	0.0000	0.06580	0.03436	0.07003	0.011700	0.27183
10/15/2001 03:00	0.0000	0.0000	0.0000	0.06953	0.03436	0.06144	0.011700	0.26800
10/15/2001 04:00	0.0000	0.0000	0.0000	0.10315	0.03436	0.07269	0.011700	0.25788
10/15/2001 05:00	0.0000	0.0000	0.0000	0.24901	0.03722	0.08648	0.011700	0.28777
10/15/2001 06:00	0.0000	0.0000	0.0000	0.52131	0.07731	0.14521	0.011700	0.33249
10/15/2001 07:00	0.0000	0.2336	0.0144	0.59542	0.15748	0.23148	0.041700	0.35330
10/15/2001 08:00	0.0000	0.0000	0.0000	0.57744	0.14030	0.30375	0.011700	0.29869
10/15/2001 09:00	0.0000	0.0000	0.0000	0.51573	0.06872	0.37753	0.011700	0.25421
10/15/2001 10:00	0.1465	0.0000	0.0286	0.44215	0.05440	0.39871	0.011700	0.26019
10/15/2001 11:00	0.4118	0.0000	0.0775	0.37701	0.05440	0.41558	0.011700	0.26027
10/15/2001 12:00	0.6323	0.0000	0.1164	0.32784	0.05440	0.40112	0.011700	0.25589
10/15/2001 13:00	0.7898	0.0000	0.1440	0.29844	0.05440	0.36431	0.011700	0.26473
10/15/2001 14:00	0.8782	0.0000	0.1602	0.26997	0.05440	0.33480	0.011700	0.27964
10/15/2001 15:00	0.9302	0.0000	0.1698	0.27379	0.05726	0.34138	0.011700	0.29518
10/15/2001 16:00	0.8942	0.0000	0.1649	0.31119	0.07158	0.38690	0.011700	0.34915
10/15/2001 17:00	0.7810	0.0000	0.1485	0.38708	0.11739	0.47090	0.011700	0.42416
10/15/2001 18:00	0.4674	0.0000	0.0930	0.46314	0.21474	0.42779	0.041700	0.46051
10/15/2001 19:00	0.3243	0.0000	0.0657	0.48012	0.33786	0.35199	0.011700	0.47534
10/15/2001 20:00	0.2189	0.0000	0.0451	0.43877	0.37222	0.31611	0.011700	0.49168
10/15/2001 21:00	0.1590	0.0000	0.0325	0.38401	0.31209	0.30055	0.011700	0.48020
10/15/2001 22:00	0.0904	0.0000	0.0188	0.30318	0.23478	0.24157	0.011700	0.41555
10/15/2001 23:00	0.0337	0.0000	0.0070	0.21358	0.16320	0.15890	0.011700	0.36111
10/16/2001 00:00	0.0000	0.0000	0.0000	0.11745	0.08303	0.10055	0.011700	0.29869
10/16/2001 01:00	0.0000	0.0000	0.0000	0.07214	0.05154	0.07966	0.011700	0.27502
10/16/2001 02:00	0.0000	0.0000	0.0000	0.06253	0.03436	0.06742	0.011700	0.27183
10/16/2001 03:00	0.0000	0.0000	0.0000	0.06742	0.03436	0.06007	0.011700	0.26800
10/16/2001 04:00	0.0000	0.0000	0.0000	0.09825	0.03436	0.07002	0.011700	0.25788
10/16/2001 05:00	0.0000	0.0000	0.0000	0.23182	0.03722	0.08238	0.011700	0.28777
10/16/2001 06:00	0.0000	0.0000	0.0000	0.48165	0.07731	0.13459	0.011700	0.33249
10/16/2001 07:00	0.0000	0.0000	0.0000	0.54775	0.15748	0.21032	0.041700	0.35330
10/16/2001 08:00	0.0000	0.0000	0.0000	0.52841	0.14030	0.27132	0.011700	0.29869
10/16/2001 09:00	0.0000	0.0000	0.0000	0.47080	0.06872	0.33250	0.011700	0.25421
10/16/2001 10:00	0.0831	0.0000	0.0162	0.40400	0.05440	0.34779	0.011700	0.26019
10/16/2001 11:00	0.4677	0.0000	0.0869	0.34584	0.05440	0.36309	0.011700	0.26027
10/16/2001 12:00	0.6247	0.0000	0.1145	0.30090	0.05440	0.35331	0.011700	0.25589
10/16/2001 13:00	0.8835	0.0000	0.1569	0.27512	0.05440	0.32072	0.011700	0.26473
10/16/2001 14:00	0.9440	0.0000	0.1657	0.24881	0.05440	0.29567	0.011700	0.27964
10/16/2001 15:00	1.0266	0.0000	0.1839	0.25267	0.05726	0.30433	0.011700	0.29518
10/16/2001 16:00	0.9934	0.0000	0.1801	0.28495	0.07158	0.35098	0.011700	0.34915
10/16/2001 17:00	0.8894	0.0000	0.1663	0.35521	0.11739	0.43555	0.011700	0.42416
10/16/2001 18:00	0.1511	0.0000	0.0293	0.42115	0.21474	0.39348	0.041700	0.46051
10/16/2001 19:00	0.2411	0.0000	0.0463	0.43276	0.33786	0.31774	0.011700	0.47534
10/16/2001 20:00	0.0000	0.0000	0.0000	0.39372	0.37222	0.28125	0.011700	0.49168
10/16/2001 21:00	0.0000	0.0000	0.0000	0.34694	0.31209	0.26494	0.011700	0.48020
10/16/2001 22:00	0.0000	0.0000	0.0000	0.27451	0.23478	0.21327	0.011700	0.41555
10/16/2001 23:00	0.0000	0.0000	0.0000	0.19608	0.16320	0.14336	0.011700	0.36111
10/17/2001 00:00	0.0000	0.0000	0.0000	0.11165	0.08303	0.09397	0.011700	0.29869
10/17/2001 01:00	0.0000	0.0000	0.0000	0.07274	0.05154	0.07966	0.011700	0.27502
10/17/2001 02:00	0.0000	0.0000	0.0000	0.06276	0.03436	0.06742	0.011700	0.27183
10/17/2001 03:00	0.0000	0.0000	0.0000	0.06595	0.03436	0.06007	0.011700	0.26800
10/17/2001 04:00	0.0000	0.0000	0.0000	0.09651	0.03436	0.07002	0.011700	0.25788
10/17/2001 05:00	0.0000	0.0000	0.0000	0.23170	0.03722	0.08238	0.011700	0.28777
10/17/2001 06:00	0.0000	0.0000	0.0000	0.48310	0.07731	0.13459	0.011700	0.33249
10/17/2001 07:00	0.0000	0.0000	0.0000	0.54936	0.15748	0.21032	0.041700	0.35330
10/17/2001 08:00	0.0000	0.0000	0.0000	0.52978	0.14030	0.27132	0.011700	0.29869
10/17/2001 09:00	0.2099	0.0000	0.0409	0.47173	0.06872	0.33250	0.011700	0.25421
10/17/2001 10:00	0.5669	0.0000	0.1041	0.40539	0.05440	0.34779	0.011700	0.26019
10/17/2001 11:00	0.8183	0.0000	0.1459	0.34745	0.05440	0.36309	0.011700	0.26027
10/17/2001 12:00	0.6952	0.0000	0.1254	0.30230	0.05440	0.35331	0.011700	0.25589
10/17/2001 13:00	0.6432	0.0000	0.1161	0.27636	0.05440	0.32072	0.011700	0.26473
10/17/2001 14:00	0.6056	0.0000	0.1083	0.24991	0.05440	0.29567	0.011700	0.27964
10/17/2001 15:00	0.5499	0.0000	0.0995	0.25379	0.05726	0.30433	0.011700	0.29518
10/17/2001 16:00	0.6336	0.0000	0.1135	0.28623	0.07158	0.35098	0.011700	0.34915
10/17/2001 17:00	0.6056	0.0000	0.1130	0.35681	0.11739	0.43555	0.011700	0.42416
10/17/2001 18:00	0.4774	0.0000	0.0907	0.42304	0.21474	0.39348	0.041700	0.46051
10/17/2001 19:00	0.3955	0.0000	0.0758	0.43470	0.33786	0.31774	0.011700	0.47534
10/17/2001 20:00	0.3060	0.0000	0.0592	0.39549	0.37222	0.28125	0.011700	0.49168
10/17/2001 21:00	0.2263	0.0000	0.0448	0.34804	0.31209	0.26494	0.011700	0.48020
10/17/2001 22:00	0.1710	0.0000	0.0337	0.27473	0.23478	0.21327	0.011700	0.41555
10/17/2001 23:00	0.1048	0.0000	0.0209	0.19584	0.16320	0.14336	0.011700	0.36111
10/18/2001 00:00	0.0393	0.0000	0.0080	0.11103	0.08303	0.09397	0.011700	0.29869
10/18/2001 01:00	0.0000	0.0000	0.0000	0.07231	0.05154	0.07966	0.011700	0.27502
10/18/2001 02:00	0.0000	0.0000	0.0000	0.06217	0.03436	0.06742	0.011700	0.27183
10/18/2001 03:00	0.0000	0.0000	0.0000	0.06621	0.03436	0.06007	0.011700	0.26800
10/18/2001 04:00	0.0000	0.0000	0.0000	0.09761	0.03436	0.07002	0.011700	0.25788
10/18/2001 05:00	0.0000	0.0000	0.0000	0.23317	0.03722	0.08238	0.011700	0.28777
10/18/2001 06:00	0.0000	0.0000	0.0000	0.48564	0.07731	0.13459	0.011700	0.33249
10/18/2001 07:00	0.0000	0.0000	0.0000	0.55232	0.15748	0.21032	0.041700	0.35330
10/18/2001 08:00	0.0000	0.0000	0.0000	0.53259	0.14030	0.27132	0.011700	0.29869
10/18/2001 09:00	0.0000	0.0000	0.0000	0.47519	0.06872	0.33250	0.011700	0.25421
10/18/2001 10:00	0.1570	0.0000	0.0299	0.40784	0.05440	0.34779	0.011700	0.26019
10/18/2001 11:00	0.5370	0.0000	0.0971	0.34910	0.05440	0.36309	0.011700	0.26027
10/18/2001 12:00	0.7455	0.0000	0.1346	0.30370	0.05440	0.35331	0.011700	0.25589
10/18/2001 13:00	0.7520	0.0000	0.1396	0.27762	0.05440	0.32072	0.011700	0.26473
10/18/2001 14:00	0.7903	0.0000	0.1468	0.25103	0.05440	0.29567	0.011700	0.27964
10/18/2001 15:00	0.7399	0.0000	0.1350	0.25491	0.05726	0.30433	0.011700	0.29518
10/18/2001 16:00	0.7989	0.0000	0.1454	0.28752	0.07158	0.35098	0.011700	0.34915
10/18/2001 17:00	0.8260	0.0000	0.1517	0.35843	0.11739	0.43555	0.011700	0.42416
10/18/2001 18:00	0.5615	0.0000	0.1077	0.42495	0.21474	0.39348	0.041700	0.46051
10/18/2001 19:00	0.0000	0.0000	0.0000	0.43664	0.33786	0.31774	0.011700	0.47534
10/18/2001 20:00	0.0000	0.0000	0.0000	0.39734	0.37222	0.28125	0.011700	0.49168
10/18/2001 21:00	0.0000	0.0000	0.0000	0.35079	0.31209	0.26494	0.011700	0.48020
10/18/2001 22:00	0.0000	0.0000	0.0000	0.27886	0.23478	0.21327	0.011700	0.41555
10/18/2001 23:00	0.0000	0.0000	0.0000	0.19789	0.16320	0.14336	0.011700	0.36111
10/19/2001 00:00	0.0000	1.0461	0.0644	0.11201	0.08303	0.09397	0.011700	0.29869
10/19/2001 01:00	0.0000	2.4144	0.1485	0.07547	0.05154	0.07966	0.011700	0.27502
10/19/2001 02:00	0.0000	0.5012	0.0308	0.06546	0.03436	0.06742	0.011700	0.27183
10/19/2001 03:00	0.0000	0.6250	0.0384	0.06850	0.03436	0.06007	0.011700	0.26800
10/19/2001 04:00	0.0000	0.6713	0.0413	0.09918	0.03436	0.07002	0.011700	0.25788
10/19/2001 05:00	0.0000	0.8405	0.0517	0.23551	0.03722	0.08238	0.011700	0.28777
10/19/2001 06:00	0.0000	0.8311	0.0511	0.48933	0.07731	0.13459	0.011700	0.33249
10/19/2001 07:00	0.0000	1.6357	0.1006	0.55661	0.15748	0.21032	0.041700	0.35330
10/19/2001 08:00	0.0000	0.5985	0.0368	0.53641	0.14030	0.27132	0.011700	0.29869
10/19/2001 09:00	0.0000	0.0000	0.0000	0.47900	0.06872	0.33250	0.011700	0.25421
10/19/2001 10:00	0.0000	0.0000	0.0000	0.41224	0.05440	0.34779	0.011700	0.26019
10/19/2001 11:00	0.0000	0.0000	0.0000	0.35251	0.05440	0.36309	0.011700	0.26027
10/19/2001 12:00	0.0371	0.0000	0.0080	0.30628	0.05440	0.35331	0.011700	0.25589
10/19/2001 13:00	0.1970	0.0000	0.0420	0.27888	0.05440	0.32072	0.011700	0.26473
10/19/2001 14:00	0.2990	0.0000	0.0628	0.25214	0.05440	0.29567	0.011700	0.27964
10/19/2001 15:00	0.3719	0.0000	0.0772	0.25604	0.05726	0.30433	0.011700	0.29518
10/19/2001 16:00	0.3700	0.0000	0.0774	0.28880	0.07158	0.35098	0.011700	0.34915
10/19/2001 17:00	0.3035	0.0000	0.0649	0.36004	0.11739	0.43555	0.011700	0.42416
10/19/2001 18:00	0.0000	0.0000	0.0000	0.42685	0.21474	0.39348	0.041700	0.46051
10/19/2001 19:00	0.0144	0.0000	0.0032	0.43864	0.33786	0.31774	0.011700	0.47534
10/19/2001 20:00	0.0000	0.0000	0.0000	0.39902	0.37222	0.28125	0.011700	0.49168
10/19/2001 21:00	0.0000	0.0000	0.0000	0.35157	0.31209	0.26494	0.011700	0.48020
10/19/2001 22:00	0.0000	0.0000	0.0000	0.27841	0.23478	0.21327	0.011700	0.41555
10/19/2001 23:00	0.0000	0.0000	0.0000	0.19956	0.16320	0.14336	0.011700	0.36111
10/20/2001 00:00	0.0000	0.3133	0.0193	0.11488	0.08303	0.09397	0.011700	0.29869
10/20/2001 01:00	0.0000	0.5361	0.0330	0.07595	0.05154	0.07966	0.011700	0.27502
10/20/2001 02:00	0.0000	0.7564	0.0465	0.06566	0.03436	0.06742	0.011700	0.27183
10/20/2001 03:00	0.0000	0.9980	0.0614	0.06865	0.03436	0.06007	0.011700	0.26800
10/20/2001 04:00	0.0000	1.2107	0.0745	0.09949	0.03436	0.07002	0.011700	0.25788
10/20/2001 05:00	0.0000	1.3128	0.0808	0.23647	0.03722	0.08238	0.011700	0.28777
10/20/2001 06:00	0.0000	1.3848	0.0852	0.49153	0.07731	0.13459	0.011700	0.33249
10/20/2001 07:00	0.0000	2.1702	0.1335	0.55918	0.15748	0.21032	0.041700	0.35330
10/20/2001 08:00	0.0000	0.9649	0.0594	0.53891	0.14030	0.27132	0.011700	0.29869
10/20/2001 09:00	0.0000	0.1853	0.0114	0.48124	0.06872	0.33250	0.011700	0.25421
10/20/2001 10:00	0.0000	0.0000	0.0000	0.41438	0.05440	0.34779	0.011700	0.26019
10/20/2001 11:00	0.0000	0.0000	0.0000	0.35451	0.05440	0.36309	0.011700	0.26027
10/20/2001 12:00	0.0000	0.0000	0.0000	0.30778	0.05440	0.35331	0.011700	0.25589
10/20/2001 13:00	0.0027	0.0000	0.0006	0.28015	0.05440	0.32072	0.011700	0.26473
10/20/2001 14:00	0.0789	0.0000	0.0167	0.25326	0.05440	0.29567	0.011700	0.27964
10/20/2001 15:00	0.0216	0.0000	0.0045	0.25717	0.05726	0.30433	0.011700	0.29518
10/20/2001 16:00	0.0373	0.0000	0.0079	0.29009	0.07158	0.35098	0.011700	0.34915
10/20/2001 17:00	0.0000	0.0000	0.0000	0.36166	0.11739	0.43555	0.011700	0.42416
10/20/2001 18:00	0.0000	0.0000	0.0000	0.42914	0.21474	0.39348	0.041700	0.46051
10/20/2001 19:00	0.0000	0.0000	0.0000	0.44322	0.33786	0.31774	0.011700	0.47534
10/20/2001 20:00	0.0000	0.0000	0.0000	0.40377	0.37222	0.28125	0.011700	0.49168
10/20/2001 21:00	0.0000	0.0000	0.0000	0.35429	0.31209	0.26494	0.011700	0.48020
10/20/2001 22:00	0.0000	0.0000	0.0000	0.27977	0.23478	0.21327	0.011700	0.41555
10/20/2001 23:00	0.0000	0.3309	0.0204	0.20098	0.16320	0.14336	0.011700	0.36111
10/21/2001 00:00	0.0000	0.2777	0.0171	0.11539	0.08303	0.09397	0.011700	0.29869
10/21/2001 01:00	0.0000	0.5191	0.0319	0.07997	0.05154	0.08360	0.011700	0.27502
10/21/2001 02:00	0.0000	0.8075	0.0497	0.06865	0.03436	0.07003	0.011700	0.27183
10/21/2001 03:00	0.0000	0.9168	0.0564	0.07188	0.03436	0.06144	0.011700	0.26800
10/21/2001 04:00	0.0000	1.0619	0.0653	0.10608	0.03436	0.07269	0.011700	0.25788
10/21/2001 05:00	0.0000	1.1230	0.0691	0.25585	0.03722	0.08648	0.011700	0.28777
10/21/2001 06:00	0.0000	1.1297	0.0695	0.53603	0.07731	0.14521	0.011700	0.33249
10/21/2001 07:00	0.0000	1.8079	0.1112	0.61263	0.15748	0.23148	0.041700	0.35330
10/21/2001 08:00	0.0000	0.5220	0.0321	0.59406	0.14030	0.30375	0.011700	0.29869
10/21/2001 09:00	0.0000	0.0000	0.0000	0.53152	0.06872	0.37753	0.011700	0.25421
10/21/2001 10:00	0.0000	0.0000	0.0000	0.45670	0.05440	0.39871	0.011700	0.26019
10/21/2001 11:00	0.0375	0.0000	0.0079	0.38888	0.05440	0.41558	0.011700	0.26027
10/21/2001 12:00	0.2411	0.0000	0.0495	0.33723	0.05440	0.40112	0.011700	0.25589
10/21/2001 13:00	0.3895	0.0000	0.0778	0.30682	0.05440	0.36431	0.011700	0.26473
10/21/2001 14:00	0.5098	0.0000	0.1004	0.27744	0.05440	0.33480	0.011700	0.27964
10/21/2001 15:00	0.5982	0.0000	0.1177	0.28133	0.05726	0.34138	0.011700	0.29518
10/21/2001 16:00	0.6202	0.0000	0.1220	0.31985	0.07158	0.38690	0.011700	0.34915
10/21/2001 17:00	0.5272	0.0000	0.1086	0.39786	0.11739	0.47090	0.011700	0.42416
10/21/2001 18:00	0.2223	0.0000	0.0477	0.47596	0.21474	0.42779	0.041700	0.46051
10/21/2001 19:00	0.1683	0.0000	0.0369	0.49332	0.33786	0.35199	0.011700	0.47534
10/21/2001 20:00	0.0851	0.0000	0.0189	0.45086	0.37222	0.31611	0.011700	0.49168
10/21/2001 21:00	0.0335	0.0000	0.0074	0.39459	0.31209	0.30055	0.011700	0.48020
10/21/2001 22:00	0.0000	0.0000	0.0000	0.31128	0.23478	0.24157	0.011700	0.41555
10/21/2001 23:00	0.0000	0.0000	0.0000	0.21922	0.16320	0.15890	0.011700	0.36111
10/22/2001 00:00	0.0000	0.0000	0.0000	0.12110	0.08303	0.10055	0.011700	0.29869
10/22/2001 01:00	0.0000	0.0000	0.0000	0.07903	0.05154	0.08360	0.011700	0.27502
10/22/2001 02:00	0.0000	0.0997	0.0061	0.06852	0.03436	0.07003	0.011700	0.27183
10/22/2001 03:00	0.0000	0.3349	0.0206	0.07204	0.03436	0.06144	0.011700	0.26800
10/22/2001 04:00	0.0000	0.4790	0.0295	0.10642	0.03436	0.07269	0.011700	0.25788
10/22/2001 05:00	0.0000	0.5730	0.0353	0.25691	0.03722	0.08648	0.011700	0.28777
10/22/2001 06:00	0.0000	0.5259	0.0324	0.53845	0.07731	0.14521	0.011700	0.33249
10/22/2001 07:00	0.0000	1.0422	0.0641	0.61548	0.15748	0.23148	0.041700	0.35330
10/22/2001 08:00	0.0000	0.0000	0.0000	0.59685	0.14030	0.30375	0.011700	0.29869
10/22/2001 09:00	0.0000	0.0000	0.0000	0.53397	0.06872	0.37753	0.011700	0.25421
10/22/2001 10:00	0.0610	0.0000	0.0122	0.45776	0.05440	0.39871	0.011700	0.26019
10/22/2001 11:00	0.2754	0.0000	0.0533	0.38973	0.05440	0.41558	0.011700	0.26027
10/22/2001 12:00	0.4635	0.0000	0.0874	0.33880	0.05440	0.40112	0.011700	0.25589
10/22/2001 13:00	0.5915	0.0000	0.1112	0.30823	0.05440	0.36431	0.011700	0.26473
10/22/2001 14:00	0.6886	0.0000	0.1280	0.27870	0.05440	0.33480	0.011700	0.27964
10/22/2001 15:00	0.7407	0.0000	0.1392	0.28261	0.05726	0.34138	0.011700	0.29518
10/22/2001 16:00	0.7316	0.0000	0.1389	0.32131	0.07158	0.38690	0.011700	0.34915
10/22/2001 17:00	0.6545	0.0000	0.1278	0.39969	0.11739	0.47090	0.011700	0.42416
10/22/2001 18:00	0.3528	0.0000	0.0727	0.47812	0.21474	0.42779	0.041700	0.46051
10/22/2001 19:00	0.2598	0.0000	0.0539	0.49555	0.33786	0.35199	0.011700	0.47534
10/22/2001 20:00	0.1799	0.0000	0.0376	0.45290	0.37222	0.31611	0.011700	0.49168
10/22/2001 21:00	0.1034	0.0000	0.0221	0.39638	0.31209	0.30055	0.011700	0.48020
10/22/2001 22:00	0.0472	0.0000	0.0101	0.31265	0.23478	0.24157	0.011700	0.41555
10/22/2001 23:00	0.0026	0.0000	0.0005	0.21979	0.16320	0.15890	0.011700	0.36111
10/23/2001 00:00	0.0000	0.0000	0.0000	0.12033	0.08303	0.10055	0.011700	0.29869
10/23/2001 01:00	0.0000	0.0000	0.0000	0.07379	0.05154	0.07966	0.011700	0.27502
10/23/2001 02:00	0.0000	0.0000	0.0000	0.06384	0.03436	0.06742	0.011700	0.27183
10/23/2001 03:00	0.0000	0.0607	0.0037	0.06862	0.03436	0.06007	0.011700	0.26800
10/23/2001 04:00	0.0000	0.0000	0.0000	0.10040	0.03436	0.07002	0.011700	0.25788
10/23/2001 05:00	0.0000	0.0000	0.0000	0.23863	0.03722	0.08238	0.011700	0.28777
10/23/2001 06:00	0.0000	0.0000	0.0000	0.49722	0.07731	0.13459	0.011700	0.33249
10/23/2001 07:00	0.0000	0.0000	0.0000	0.56588	0.15748	0.21032	0.041700	0.35330
10/23/2001 08:00	0.0000	0.0000	0.0000	0.54583	0.14030	0.27132	0.011700	0.29869
10/23/2001 09:00	0.0153	0.0000	0.0030	0.48631	0.06872	0.33250	0.011700	0.25421
10/23/2001 10:00	0.1587	0.0000	0.0300	0.41694	0.05440	0.34779	0.011700	0.26019
10/23/2001 11:00	0.2754	0.0000	0.0517	0.35725	0.05440	0.36309	0.011700	0.26027
10/23/2001 12:00	1.1572	0.0000	0.2100	0.31073	0.05440	0.35331	0.011700	0.25589
10/23/2001 13:00	0.8118	0.0000	0.1452	0.28392	0.05440	0.32072	0.011700	0.26473
10/23/2001 14:00	0.6508	0.0000	0.1186	0.25665	0.05440	0.29567	0.011700	0.27964
10/23/2001 15:00	0.7141	0.0000	0.1303	0.26060	0.05726	0.30433	0.011700	0.29518
10/23/2001 16:00	0.6493	0.0000	0.1210	0.29401	0.07158	0.35098	0.011700	0.34915
10/23/2001 17:00	0.1826	0.0000	0.0347	0.36657	0.11739	0.43555	0.011700	0.42416
10/23/2001 18:00	0.0000	0.0000	0.0000	0.43455	0.21474	0.39348	0.041700	0.46051
10/23/2001 19:00	0.0000	0.0000	0.0000	0.44684	0.33786	0.31774	0.011700	0.47534
10/23/2001 20:00	0.0000	0.0000	0.0000	0.40647	0.37222	0.28125	0.011700	0.49168
10/23/2001 21:00	0.0000	0.0000	0.0000	0.35929	0.31209	0.26494	0.011700	0.48020
10/23/2001 22:00	0.1313	0.0000	0.0264	0.28198	0.23478	0.21327	0.011700	0.41555
10/23/2001 23:00	0.0000	0.0000	0.0000	0.20060	0.16320	0.14336	0.011700	0.36111
10/24/2001 00:00	0.0000	0.0322	0.0020	0.11577	0.08303	0.09397	0.011700	0.29869
10/24/2001 01:00	0.0000	0.0000	0.0000	0.07671	0.05154	0.07966	0.011700	0.27502
10/24/2001 02:00	0.0000	0.0000	0.0000	0.06517	0.03436	0.06742	0.011700	0.27183
10/24/2001 03:00	0.0000	0.0000	0.0000	0.06823	0.03436	0.06007	0.011700	0.26800
10/24/2001 04:00	0.0000	0.0495	0.0030	0.10035	0.03436	0.07002	0.011700	0.25788
10/24/2001 05:00	0.0000	0.1708	0.0105	0.24034	0.03722	0.08238	0.011700	0.28777
10/24/2001 06:00	0.0000	0.2027	0.0125	0.50038	0.07731	0.13459	0.011700	0.33249
10/24/2001 07:00	0.0000	0.7964	0.0490	0.56952	0.15748	0.21032	0.041700	0.35330
10/24/2001 08:00	0.0000	0.0143	0.0009	0.54897	0.14030	0.27132	0.011700	0.29869
10/24/2001 09:00	0.0000	0.0000	0.0000	0.49028	0.06872	0.33250	0.011700	0.25421
10/24/2001 10:00	0.0000	0.0000	0.0000	0.42109	0.05440	0.34779	0.011700	0.26019
10/24/2001 11:00	0.0723	0.0000	0.0147	0.35960	0.05440	0.36309	0.011700	0.26027
10/24/2001 12:00	0.2940	0.0000	0.0586	0.31216	0.05440	0.35331	0.011700	0.25589
10/24/2001 13:00	0.3864	0.0000	0.0756	0.28519	0.05440	0.32072	0.011700	0.26473
10/24/2001 14:00	0.4471	0.0000	0.0868	0.25778	0.05440	0.29567	0.011700	0.27964
10/24/2001 15:00	0.4001	0.0000	0.0770	0.26174	0.05726	0.30433	0.011700	0.29518
10/24/2001 16:00	0.5316	0.0000	0.1034	0.29531	0.07158	0.35098	0.011700	0.34915
10/24/2001 17:00	0.5388	0.0000	0.1058	0.36820	0.11739	0.43555	0.011700	0.42416
10/24/2001 18:00	0.2262	0.0000	0.0469	0.43649	0.21474	0.39348	0.041700	0.46051
10/24/2001 19:00	0.1592	0.0000	0.0342	0.44840	0.33786	0.31774	0.011700	0.47534
10/24/2001 20:00	0.0639	0.0000	0.0139	0.40797	0.37222	0.28125	0.011700	0.49168
10/24/2001 21:00	0.0094	0.0000	0.0020	0.35901	0.31209	0.26494	0.011700	0.48020
10/24/2001 22:00	0.0000	0.0000	0.0000	0.28310	0.23478	0.21327	0.011700	0.41555
10/24/2001 23:00	0.0000	0.0000	0.0000	0.20183	0.16320	0.14336	0.011700	0.36111
10/25/2001 00:00	0.0000	0.0000	0.0000	0.11477	0.08303	0.09397	0.011700	0.29869
10/25/2001 01:00	0.0000	0.0000	0.0000	0.07558	0.05154	0.07966	0.011700	0.27502
10/25/2001 02:00	0.0000	0.2008	0.0124	0.06584	0.03436	0.06742	0.011700	0.27183
10/25/2001 03:00	0.0000	0.2617	0.0161	0.06938	0.03436	0.06007	0.011700	0.26800
10/25/2001 04:00	0.0000	0.4611	0.0284	0.10102	0.03436	0.07002	0.011700	0.25788
10/25/2001 05:00	0.0000	0.5515	0.0339	0.24132	0.03722	0.08238	0.011700	0.28777
10/25/2001 06:00	0.0000	0.6160	0.0379	0.50261	0.07731	0.13459	0.011700	0.33249
10/25/2001 07:00	0.0000	1.3714	0.0844	0.57212	0.15748	0.21032	0.041700	0.35330
10/25/2001 08:00	0.0000	0.4794	0.0295	0.55150	0.14030	0.27132	0.011700	0.29869
10/25/2001 09:00	0.0000	0.0000	0.0000	0.49255	0.06872	0.33250	0.011700	0.25421
10/25/2001 10:00	0.0000	0.0000	0.0000	0.42378	0.05440	0.34779	0.011700	0.26019
10/25/2001 11:00	0.0408	0.0000	0.0082	0.36193	0.05440	0.36309	0.011700	0.26027
10/25/2001 12:00	0.2601	0.0000	0.0505	0.31358	0.05440	0.35331	0.011700	0.25589
10/25/2001 13:00	0.3610	0.0000	0.0696	0.28646	0.05440	0.32072	0.011700	0.26473
10/25/2001 14:00	0.5483	0.0000	0.1046	0.25891	0.05440	0.29567	0.011700	0.27964
10/25/2001 15:00	0.6799	0.0000	0.1291	0.26288	0.05726	0.30433	0.011700	0.29518
10/25/2001 16:00	0.6492	0.0000	0.1260	0.29661	0.07158	0.35098	0.011700	0.34915
10/25/2001 17:00	0.0444	0.0000	0.0090	0.36984	0.11739	0.43555	0.011700	0.42416
10/25/2001 18:00	0.0000	0.0000	0.0000	0.43842	0.21474	0.39348	0.041700	0.46051
10/25/2001 19:00	0.0000	0.0000	0.0000	0.45134	0.33786	0.31774	0.011700	0.47534
10/25/2001 20:00	0.0000	0.0000	0.0000	0.41066	0.37222	0.28125	0.011700	0.49168
10/25/2001 21:00	0.0000	0.0000	0.0000	0.36134	0.31209	0.26494	0.011700	0.48020
10/25/2001 22:00	0.0000	0.0000	0.0000	0.28597	0.23478	0.21327	0.011700	0.41555
10/25/2001 23:00	0.0000	0.0000	0.0000	0.20461	0.16320	0.14336	0.011700	0.36111
10/26/2001 00:00	0.0000	0.0000	0.0000	0.11674	0.08303	0.09397	0.011700	0.29869
10/26/2001 01:00	0.0000	0.0069	0.0004	0.07670	0.05154	0.07966	0.011700	0.27502
10/26/2001 02:00	0.0000	0.1199	0.0074	0.06647	0.03436	0.06742	0.011700	0.27183
10/26/2001 03:00	0.0000	0.1680	0.0103	0.06955	0.03436	0.06007	0.011700	0.26800
10/26/2001 04:00	0.0000	0.1814	0.0112	0.10133	0.03436	0.07002	0.011700	0.25788
10/26/2001 05:00	0.0000	0.1408	0.0087	0.24230	0.03722	0.08238	0.011700	0.28777
10/26/2001 06:00	0.0000	0.0284	0.0017	0.50483	0.07731	0.13459	0.011700	0.33249
10/26/2001 07:00	0.0000	0.2819	0.0173	0.57472	0.15748	0.21032	0.041700	0.35330
10/26/2001 08:00	0.0000	0.0000	0.0000	0.55404	0.14030	0.27132	0.011700	0.29869
10/26/2001 09:00	0.0000	0.0000	0.0000	0.49466	0.06872	0.33250	0.011700	0.25421
10/26/2001 10:00	0.0000	0.0000	0.0000	0.42463	0.05440	0.34779	0.011700	0.26019
10/26/2001 11:00	0.0409	0.0000	0.0079	0.36301	0.05440	0.36309	0.011700	0.26027
10/26/2001 12:00	0.2073	0.0000	0.0390	0.31500	0.05440	0.35331	0.011700	0.25589
10/26/2001 13:00	0.2579	0.0000	0.0483	0.28774	0.05440	0.32072	0.011700	0.26473
10/26/2001 14:00	0.2903	0.0000	0.0542	0.26005	0.05440	0.29567	0.011700	0.27964
10/26/2001 15:00	0.2875	0.0000	0.0542	0.26404	0.05726	0.30433	0.011700	0.29518
10/26/2001 16:00	0.2812	0.0000	0.0535	0.29793	0.07158	0.35098	0.011700	0.34915
10/26/2001 17:00	0.2807	0.0000	0.0539	0.37149	0.11739	0.43555	0.011700	0.42416
10/26/2001 18:00	0.2218	0.0000	0.0433	0.44036	0.21474	0.39348	0.041700	0.46051
10/26/2001 19:00	0.2260	0.0000	0.0445	0.45236	0.33786	0.31774	0.011700	0.47534
10/26/2001 20:00	0.2045	0.0000	0.0405	0.41157	0.37222	0.28125	0.011700	0.49168
10/26/2001 21:00	0.1795	0.0000	0.0356	0.36218	0.31209	0.26494	0.011700	0.48020
10/26/2001 22:00	0.1213	0.0000	0.0244	0.28553	0.23478	0.21327	0.011700	0.41555
10/26/2001 23:00	0.0718	0.0000	0.0146	0.20299	0.16320	0.14336	0.011700	0.36111
10/27/2001 00:00	0.0114	0.0000	0.0023	0.11443	0.08303	0.09397	0.011700	0.29869
10/27/2001 01:00	0.0000	0.0000	0.0000	0.07403	0.05154	0.07966	0.011700	0.27502
10/27/2001 02:00	0.0000	0.0000	0.0000	0.06362	0.03436	0.06742	0.011700	0.27183
10/27/2001 03:00	0.0000	0.0000	0.0000	0.06825	0.03436	0.06007	0.011700	0.26800
10/27/2001 04:00	0.0000	0.0000	0.0000	0.10162	0.03436	0.07002	0.011700	0.25788
10/27/2001 05:00	0.0000	0.0000	0.0000	0.24272	0.03722	0.08238	0.011700	0.28777
10/27/2001 06:00	0.0000	0.0000	0.0000	0.50582	0.07731	0.13459	0.011700	0.33249
10/27/2001 07:00	0.0000	0.0000	0.0000	0.57580	0.15748	0.21032	0.041700	0.35330
10/27/2001 08:00	0.0000	0.0000	0.0000	0.55568	0.14030	0.27132	0.011700	0.29869
10/27/2001 09:00	0.0000	0.0000	0.0000	0.49564	0.06872	0.33250	0.011700	0.25421
10/27/2001 10:00	0.0827	0.0000	0.0160	0.42535	0.05440	0.34779	0.011700	0.26019
10/27/2001 11:00	0.4541	0.0000	0.0840	0.36388	0.05440	0.36309	0.011700	0.26027
10/27/2001 12:00	0.6869	0.0000	0.1266	0.31642	0.05440	0.35331	0.011700	0.25589
10/27/2001 13:00	0.8774	0.0000	0.1598	0.28902	0.05440	0.32072	0.011700	0.26473
10/27/2001 14:00	0.9601	0.0000	0.1766	0.26120	0.05440	0.29567	0.011700	0.27964
10/27/2001 15:00	1.0210	0.0000	0.1861	0.26520	0.05726	0.30433	0.011700	0.29518
10/27/2001 16:00	0.9815	0.0000	0.1792	0.29925	0.07158	0.35098	0.011700	0.34915
10/27/2001 17:00	0.8337	0.0000	0.1568	0.37314	0.11739	0.43555	0.011700	0.42416
10/27/2001 18:00	0.3659	0.0000	0.0702	0.44231	0.21474	0.39348	0.041700	0.46051
10/27/2001 19:00	0.1780	0.0000	0.0347	0.45434	0.33786	0.31774	0.011700	0.47534
10/27/2001 20:00	0.1075	0.0000	0.0209	0.41338	0.37222	0.28125	0.011700	0.49168
10/27/2001 21:00	0.0745	0.0000	0.0146	0.36376	0.31209	0.26494	0.011700	0.48020
10/27/2001 22:00	0.0593	0.0000	0.0115	0.28673	0.23478	0.21327	0.011700	0.41555
10/27/2001 23:00	0.0000	0.0000	0.0000	0.20379	0.16320	0.14336	0.011700	0.36111
10/28/2001 00:00	0.0000	0.0000	0.0000	0.11524	0.08303	0.09397	0.011700	0.29869
10/28/2001 01:00	0.0000	0.0000	0.0000	0.07895	0.05154	0.08360	0.011700	0.27502
10/28/2001 02:00	0.0000	0.0000	0.0000	0.06660	0.03436	0.07003	0.011700	0.27183
10/28/2001 03:00	0.0000	0.0000	0.0000	0.06993	0.03436	0.06144	0.011700	0.26800
10/28/2001 04:00	0.0000	0.0000	0.0000	0.10548	0.03436	0.07269	0.011700	0.25788
10/28/2001 05:00	0.0000	0.0000	0.0000	0.26035	0.03722	0.08648	0.011700	0.28777
10/28/2001 06:00	0.0159	0.0000	0.0032	0.54998	0.07731	0.14521	0.011700	0.33249
10/28/2001 07:00	0.0000	0.0000	0.0000	0.62941	0.15748	0.23148	0.041700	0.35330
10/28/2001 08:00	0.1331	0.0000	0.0262	0.61072	0.14030	0.30375	0.011700	0.29869
10/28/2001 09:00	0.3757	0.0000	0.0722	0.54604	0.06872	0.37753	0.011700	0.25421
10/28/2001 10:00	0.6282	0.0000	0.1170	0.46930	0.05440	0.39871	0.011700	0.26019
10/28/2001 11:00	0.8849	0.0000	0.1605	0.40079	0.05440	0.41558	0.011700	0.26027
10/28/2001 12:00	1.0007	0.0000	0.1783	0.34835	0.05440	0.40112	0.011700	0.25589
10/28/2001 13:00	0.9849	0.0000	0.1757	0.31677	0.05440	0.36431	0.011700	0.26473
10/28/2001 14:00	0.9697	0.0000	0.1699	0.28632	0.05440	0.33480	0.011700	0.27964
10/28/2001 15:00	0.9774	0.0000	0.1715	0.29029	0.05726	0.34138	0.011700	0.29518
10/28/2001 16:00	1.0933	0.0000	0.1921	0.33012	0.07158	0.38690	0.011700	0.34915
10/28/2001 17:00	1.0102	0.0000	0.1812	0.41067	0.11739	0.47090	0.011700	0.42416
10/28/2001 18:00	0.7080	0.0000	0.1333	0.49118	0.21474	0.42779	0.041700	0.46051
10/28/2001 19:00	0.4964	0.0000	0.0952	0.50898	0.33786	0.35199	0.011700	0.47534
10/28/2001 20:00	0.3608	0.0000	0.0704	0.46521	0.37222	0.31611	0.011700	0.49168
10/28/2001 21:00	0.2785	0.0000	0.0544	0.40715	0.31209	0.30055	0.011700	0.48020
10/28/2001 22:00	0.2064	0.0000	0.0403	0.32090	0.23478	0.24157	0.011700	0.41555
10/28/2001 23:00	0.1556	0.0000	0.0302	0.22521	0.16320	0.15890	0.011700	0.36111
10/29/2001 00:00	0.1020	0.0000	0.0199	0.12285	0.08303	0.10055	0.011700	0.29869
10/29/2001 01:00	0.0221	0.0000	0.0044	0.07842	0.05154	0.08360	0.011700	0.27502
10/29/2001 02:00	0.0000	0.0000	0.0000	0.06659	0.03436	0.07003	0.011700	0.27183
10/29/2001 03:00	0.0000	0.0000	0.0000	0.06995	0.03436	0.06144	0.011700	0.26800
10/29/2001 04:00	0.0000	0.0000	0.0000	0.10572	0.03436	0.07269	0.011700	0.25788
10/29/2001 05:00	0.0000	0.0000	0.0000	0.26145	0.03722	0.08648	0.011700	0.28777
10/29/2001 06:00	0.0000	0.0000	0.0000	0.55264	0.07731	0.14521	0.011700	0.33249
10/29/2001 07:00	0.0122	0.0000	0.0024	0.63249	0.15748	0.23148	0.041700	0.35330
10/29/2001 08:00	0.2904	0.0000	0.0566	0.61329	0.14030	0.30375	0.011700	0.29869
10/29/2001 09:00	0.5910	0.0000	0.1100	0.54857	0.06872	0.37753	0.011700	0.25421
10/29/2001 10:00	0.8270	0.0000	0.1509	0.47149	0.05440	0.39871	0.011700	0.26019
10/29/2001 11:00	1.0463	0.0000	0.1874	0.40264	0.05440	0.41558	0.011700	0.26027
10/29/2001 12:00	0.9969	0.0000	0.1788	0.34995	0.05440	0.40112	0.011700	0.25589
10/29/2001 13:00	0.9636	0.0000	0.1730	0.31819	0.05440	0.36431	0.011700	0.26473
10/29/2001 14:00	0.9429	0.0000	0.1713	0.28759	0.05440	0.33480	0.011700	0.27964
10/29/2001 15:00	0.7344	0.0000	0.1361	0.29157	0.05726	0.34138	0.011700	0.29518
10/29/2001 16:00	0.6014	0.0000	0.1148	0.33159	0.07158	0.38690	0.011700	0.34915
10/29/2001 17:00	0.4334	0.0000	0.0843	0.41250	0.11739	0.47090	0.011700	0.42416
10/29/2001 18:00	0.2956	0.0000	0.0580	0.49335	0.21474	0.42779	0.041700	0.46051
10/29/2001 19:00	0.2493	0.0000	0.0497	0.51122	0.33786	0.35199	0.011700	0.47534
10/29/2001 20:00	0.2116	0.0000	0.0422	0.46727	0.37222	0.31611	0.011700	0.49168
10/29/2001 21:00	0.1660	0.0000	0.0333	0.40895	0.31209	0.30055	0.011700	0.48020
10/29/2001 22:00	0.1116	0.0000	0.0226	0.32228	0.23478	0.24157	0.011700	0.41555
10/29/2001 23:00	0.0603	0.0000	0.0123	0.22611	0.16320	0.15890	0.011700	0.36111
10/30/2001 00:00	0.0129	0.0000	0.0026	0.11595	0.08303	0.09397	0.011700	0.29869
10/30/2001 01:00	0.0000	0.0000	0.0000	0.07460	0.05154	0.07966	0.011700	0.27502
10/30/2001 02:00	0.0000	0.0000	0.0000	0.06515	0.03436	0.06742	0.011700	0.27183
10/30/2001 03:00	0.0000	0.0000	0.0000	0.06888	0.03436	0.06007	0.011700	0.26800
10/30/2001 04:00	0.0000	0.0000	0.0000	0.10110	0.03436	0.07002	0.011700	0.25788
10/30/2001 05:00	0.0000	0.0000	0.0000	0.24435	0.03722	0.08238	0.011700	0.28777
10/30/2001 06:00	0.0000	0.0000	0.0000	0.51189	0.07731	0.13459	0.011700	0.33249
10/30/2001 07:00	0.0000	0.0000	0.0000	0.58385	0.15748	0.21032	0.041700	0.35330
10/30/2001 08:00	0.2402	0.0000	0.0459	0.56212	0.14030	0.27132	0.011700	0.29869
10/30/2001 09:00	0.6694	0.0000	0.1218	0.50078	0.06872	0.33250	0.011700	0.25421
10/30/2001 10:00	0.9378	0.0000	0.1670	0.43064	0.05440	0.34779	0.011700	0.26019
10/30/2001 11:00	1.1908	0.0000	0.2104	0.36886	0.05440	0.36309	0.011700	0.26027
10/30/2001 12:00	1.2189	0.0000	0.2134	0.32070	0.05440	0.35331	0.011700	0.25589
10/30/2001 13:00	1.2104	0.0000	0.2146	0.29286	0.05440	0.32072	0.011700	0.26473
10/30/2001 14:00	1.1961	0.0000	0.2143	0.26461	0.05440	0.29567	0.011700	0.27964
10/30/2001 15:00	1.0024	0.0000	0.1818	0.26865	0.05726	0.30433	0.011700	0.29518
10/30/2001 16:00	0.8235	0.0000	0.1524	0.30319	0.07158	0.35098	0.011700	0.34915
10/30/2001 17:00	0.5599	0.0000	0.1067	0.37808	0.11739	0.43555	0.011700	0.42416
10/30/2001 18:00	0.0656	0.0000	0.0126	0.44814	0.21474	0.39348	0.041700	0.46051
10/30/2001 19:00	0.0000	0.0000	0.0000	0.46029	0.33786	0.31774	0.011700	0.47534
10/30/2001 20:00	0.0000	0.0000	0.0000	0.41919	0.37222	0.28125	0.011700	0.49168
10/30/2001 21:00	0.0000	0.0000	0.0000	0.36904	0.31209	0.26494	0.011700	0.48020
10/30/2001 22:00	0.1135	0.0000	0.0224	0.29090	0.23478	0.21327	0.011700	0.41555
10/30/2001 23:00	0.1348	0.0000	0.0263	0.20623	0.16320	0.14336	0.011700	0.36111
10/31/2001 00:00	0.0695	0.0000	0.0136	0.11634	0.08303	0.09397	0.011700	0.29869
10/31/2001 01:00	0.0285	0.0000	0.0056	0.07480	0.05154	0.07966	0.011700	0.27502
10/31/2001 02:00	0.0000	0.0000	0.0000	0.06388	0.03436	0.06742	0.011700	0.27183
10/31/2001 03:00	0.0000	0.0000	0.0000	0.06710	0.03436	0.06007	0.011700	0.26800
10/31/2001 04:00	0.0000	0.0000	0.0000	0.09981	0.03436	0.07002	0.011700	0.25788
10/31/2001 05:00	0.0000	0.0000	0.0000	0.24429	0.03722	0.08238	0.011700	0.28777
10/31/2001 06:00	0.0000	0.0000	0.0000	0.51319	0.07731	0.13459	0.011700	0.33249
10/31/2001 07:00	0.0000	0.0000	0.0000	0.58475	0.15748	0.21032	0.041700	0.35330
10/31/2001 08:00	0.1936	0.0000	0.0384	0.56415	0.14030	0.27132	0.011700	0.29869
10/31/2001 09:00	0.5722	0.0000	0.1094	0.50301	0.06872	0.33250	0.011700	0.25421
10/31/2001 10:00	0.8314	0.0000	0.1549	0.43258	0.05440	0.34779	0.011700	0.26019
10/31/2001 11:00	1.0382	0.0000	0.1903	0.37052	0.05440	0.36309	0.011700	0.26027
10/31/2001 12:00	1.1272	0.0000	0.2050	0.32213	0.05440	0.35331	0.011700	0.25589
10/31/2001 13:00	1.1875	0.0000	0.2146	0.29414	0.05440	0.32072	0.011700	0.26473
10/31/2001 14:00	1.2089	0.0000	0.2189	0.26575	0.05440	0.29567	0.011700	0.27964
10/31/2001 15:00	1.0558	0.0000	0.1972	0.26980	0.05726	0.30433	0.011700	0.29518
10/31/2001 16:00	0.7907	0.0000	0.1544	0.30450	0.07158	0.35098	0.011700	0.34915
10/31/2001 17:00	0.4585	0.0000	0.0933	0.37973	0.11739	0.43555	0.011700	0.42416
10/31/2001 18:00	0.2075	0.0000	0.0427	0.45009	0.21474	0.39348	0.041700	0.46051
10/31/2001 19:00	0.1754	0.0000	0.0368	0.46227	0.33786	0.31774	0.011700	0.47534
10/31/2001 20:00	0.1155	0.0000	0.0244	0.42060	0.37222	0.28125	0.011700	0.49168
10/31/2001 21:00	0.0642	0.0000	0.0136	0.37012	0.31209	0.26494	0.011700	0.48020
10/31/2001 22:00	0.0096	0.0000	0.0020	0.29158	0.23478	0.21327	0.011700	0.41555
10/31/2001 23:00	0.0000	0.0000	0.0000	0.20699	0.16320	0.14336	0.011700	0.36111
11/1/2001 00:00	0.0000	0.0000	0.0000	0.11706	0.08498	0.09397	0.011700	0.29869
11/1/2001 01:00	0.0000	0.0000	0.0000	0.07589	0.05099	0.07966	0.011700	0.27502
11/1/2001 02:00	0.0000	0.1618	0.0100	0.06696	0.03399	0.06742	0.011700	0.27183
11/1/2001 03:00	0.0000	0.0000	0.0000	0.07045	0.03399	0.06007	0.011700	0.26800
11/1/2001 04:00	0.0000	0.0000	0.0000	0.10257	0.03399	0.07002	0.011700	0.25788
11/1/2001 05:00	0.0000	0.0000	0.0000	0.24753	0.03739	0.08238	0.011700	0.28777
11/1/2001 06:00	0.0000	0.0000	0.0000	0.51758	0.06459	0.13459	0.011700	0.33249
11/1/2001 07:00	0.0000	0.0000	0.0000	0.58955	0.12577	0.21032	0.041700	0.35330
11/1/2001 08:00	0.0000	0.0000	0.0000	0.56890	0.12237	0.27132	0.011700	0.29869
11/1/2001 09:00	0.0000	0.0000	0.0000	0.50713	0.06799	0.33250	0.011700	0.25421
11/1/2001 10:00	0.0000	0.0000	0.0000	0.43497	0.05779	0.34779	0.011700	0.26019
11/1/2001 11:00	0.0000	0.0000	0.0000	0.37156	0.05779	0.36309	0.011700	0.26027
11/1/2001 12:00	0.0000	0.0000	0.0000	0.32236	0.05779	0.35331	0.011700	0.25589
11/1/2001 13:00	0.0000	0.0000	0.0000	0.29252	0.05779	0.32072	0.011700	0.26473
11/1/2001 14:00	0.0000	0.0000	0.0000	0.26210	0.06459	0.29567	0.011700	0.27964
11/1/2001 15:00	0.0000	0.0000	0.0000	0.26801	0.09178	0.30433	0.011700	0.29518
11/1/2001 16:00	0.0000	0.0000	0.0000	0.30432	0.16657	0.35098	0.011700	0.34915
11/1/2001 17:00	0.0000	0.0000	0.0000	0.38043	0.29574	0.43555	0.011700	0.42416
11/1/2001 18:00	0.0000	0.0000	0.0000	0.45237	0.40452	0.39348	0.041700	0.46051
11/1/2001 19:00	0.0000	0.0000	0.0000	0.46527	0.40452	0.31774	0.011700	0.47534
11/1/2001 20:00	0.0000	0.0000	0.0000	0.42392	0.37392	0.28125	0.011700	0.49168
11/1/2001 21:00	0.0000	0.0000	0.0000	0.37319	0.31613	0.26494	0.011700	0.48020
11/1/2001 22:00	0.0000	0.0000	0.0000	0.29435	0.23455	0.21327	0.011700	0.41555
11/1/2001 23:00	0.0000	0.0000	0.0000	0.21004	0.16317	0.14336	0.011700	0.36111
11/2/2001 00:00	0.0000	0.0000	0.0000	0.11971	0.08498	0.09397	0.011700	0.29869
11/2/2001 01:00	0.0000	0.0000	0.0000	0.07781	0.05099	0.07966	0.011700	0.27502
11/2/2001 02:00	0.0000	0.0000	0.0000	0.06682	0.03399	0.06742	0.011700	0.27183
11/2/2001 03:00	0.0000	0.0537	0.0033	0.07032	0.03399	0.06007	0.011700	0.26800
11/2/2001 04:00	0.0000	0.1567	0.0096	0.10349	0.03399	0.07002	0.011700	0.25788
11/2/2001 05:00	0.0000	0.1872	0.0115	0.24914	0.03739	0.08238	0.011700	0.28777
11/2/2001 06:00	0.0000	0.1315	0.0081	0.52046	0.06459	0.13459	0.011700	0.33249
11/2/2001 07:00	0.0000	0.0525	0.0032	0.59297	0.12577	0.21032	0.041700	0.35330
11/2/2001 08:00	0.0000	0.0000	0.0000	0.57179	0.12237	0.27132	0.011700	0.29869
11/2/2001 09:00	0.0000	0.0000	0.0000	0.50896	0.06799	0.33250	0.011700	0.25421
11/2/2001 10:00	0.0000	0.0000	0.0000	0.43593	0.05779	0.34779	0.011700	0.26019
11/2/2001 11:00	0.0000	0.0000	0.0000	0.37143	0.05779	0.36309	0.011700	0.26027
11/2/2001 12:00	0.0000	0.0000	0.0000	0.32110	0.05779	0.35331	0.011700	0.25589
11/2/2001 13:00	0.0000	0.0000	0.0000	0.29114	0.05779	0.32072	0.011700	0.26473
11/2/2001 14:00	0.0000	0.0000	0.0000	0.26107	0.06459	0.29567	0.011700	0.27964
11/2/2001 15:00	0.0000	0.0000	0.0000	0.26442	0.09178	0.30433	0.011700	0.29518
11/2/2001 16:00	0.0000	0.0000	0.0000	0.29936	0.16657	0.35098	0.011700	0.34915
11/2/2001 17:00	0.0000	0.0000	0.0000	0.37521	0.29574	0.43555	0.011700	0.42416
11/2/2001 18:00	0.0000	0.0000	0.0000	0.44670	0.40452	0.39348	0.041700	0.46051
11/2/2001 19:00	0.0000	0.0000	0.0000	0.46052	0.40452	0.31774	0.011700	0.47534
11/2/2001 20:00	0.0000	0.0000	0.0000	0.41876	0.37392	0.28125	0.011700	0.49168
11/2/2001 21:00	0.0000	0.0000	0.0000	0.36832	0.31613	0.26494	0.011700	0.48020
11/2/2001 22:00	0.0000	0.0000	0.0000	0.28968	0.23455	0.21327	0.011700	0.41555
11/2/2001 23:00	0.0000	0.0000	0.0000	0.20505	0.16317	0.14336	0.011700	0.36111
11/3/2001 00:00	0.0000	0.0000	0.0000	0.11470	0.08498	0.09397	0.011700	0.29869
11/3/2001 01:00	0.0000	0.0000	0.0000	0.07343	0.05099	0.07966	0.011700	0.27502
11/3/2001 02:00	0.0000	0.1513	0.0093	0.06665	0.03399	0.06742	0.011700	0.27183
11/3/2001 03:00	0.0000	0.0000	0.0000	0.07075	0.03399	0.06007	0.011700	0.26800
11/3/2001 04:00	0.0000	0.0000	0.0000	0.10265	0.03399	0.07002	0.011700	0.25788
11/3/2001 05:00	0.0000	0.0000	0.0000	0.24849	0.03739	0.08238	0.011700	0.28777
11/3/2001 06:00	0.0000	0.0000	0.0000	0.52189	0.06459	0.13459	0.011700	0.33249
11/3/2001 07:00	0.0000	0.0000	0.0000	0.59538	0.12577	0.21032	0.041700	0.35330
11/3/2001 08:00	0.0000	0.0000	0.0000	0.57347	0.12237	0.27132	0.011700	0.29869
11/3/2001 09:00	0.0000	0.0000	0.0000	0.51048	0.06799	0.33250	0.011700	0.25421
11/3/2001 10:00	0.0000	0.0000	0.0000	0.43746	0.05779	0.34779	0.011700	0.26019
11/3/2001 11:00	0.0000	0.0000	0.0000	0.37386	0.05779	0.36309	0.011700	0.26027
11/3/2001 12:00	0.0000	0.0000	0.0000	0.32420	0.05779	0.35331	0.011700	0.25589
11/3/2001 13:00	0.0000	0.0000	0.0000	0.29590	0.05779	0.32072	0.011700	0.26473
11/3/2001 14:00	0.0000	0.0000	0.0000	0.26656	0.06459	0.29567	0.011700	0.27964
11/3/2001 15:00	0.0000	0.0000	0.0000	0.27058	0.09178	0.30433	0.011700	0.29518
11/3/2001 16:00	0.0000	0.0000	0.0000	0.30575	0.16657	0.35098	0.011700	0.34915
11/3/2001 17:00	0.0000	0.0000	0.0000	0.38361	0.29574	0.43555	0.011700	0.42416
11/3/2001 18:00	0.0000	0.0000	0.0000	0.45567	0.40452	0.39348	0.041700	0.46051
11/3/2001 19:00	0.0000	0.0000	0.0000	0.46849	0.40452	0.31774	0.011700	0.47534
11/3/2001 20:00	0.0000	0.0000	0.0000	0.42645	0.37392	0.28125	0.011700	0.49168
11/3/2001 21:00	0.0000	0.0000	0.0000	0.37579	0.31613	0.26494	0.011700	0.48020
11/3/2001 22:00	0.0000	0.0000	0.0000	0.29656	0.23455	0.21327	0.011700	0.41555
11/3/2001 23:00	0.0000	0.0000	0.0000	0.21125	0.16317	0.14336	0.011700	0.36111
11/4/2001 00:00	0.0000	0.0000	0.0000	0.12787	0.08498	0.10055	0.011700	0.29869
11/4/2001 01:00	0.0000	0.0000	0.0000	0.08106	0.05099	0.08360	0.011700	0.27502
11/4/2001 02:00	0.0000	0.0000	0.0000	0.06884	0.03399	0.07003	0.011700	0.27183
11/4/2001 03:00	0.0000	0.0000	0.0000	0.07262	0.03399	0.06144	0.011700	0.26800
11/4/2001 04:00	0.0000	0.0000	0.0000	0.10950	0.03399	0.07269	0.011700	0.25788
11/4/2001 05:00	0.0000	0.0000	0.0000	0.26958	0.03739	0.08648	0.011700	0.28777
11/4/2001 06:00	0.0000	0.0000	0.0000	0.56889	0.06459	0.14521	0.011700	0.33249
11/4/2001 07:00	0.0000	0.0000	0.0000	0.65124	0.12577	0.23148	0.041700	0.35330
11/4/2001 08:00	0.0000	0.0000	0.0000	0.63166	0.12237	0.30375	0.011700	0.29869
11/4/2001 09:00	0.0000	0.0000	0.0000	0.56376	0.06799	0.37753	0.011700	0.25421
11/4/2001 10:00	0.0000	0.0000	0.0000	0.48269	0.05779	0.39871	0.011700	0.26019
11/4/2001 11:00	0.0000	0.0000	0.0000	0.41035	0.05779	0.41558	0.011700	0.26027
11/4/2001 12:00	0.0000	0.0000	0.0000	0.35561	0.05779	0.40112	0.011700	0.25589
11/4/2001 13:00	0.0000	0.0000	0.0000	0.32253	0.05779	0.36431	0.011700	0.26473
11/4/2001 14:00	0.0000	0.0000	0.0000	0.29101	0.06459	0.33480	0.011700	0.27964
11/4/2001 15:00	0.0000	0.0000	0.0000	0.29523	0.09178	0.34138	0.011700	0.29518
11/4/2001 16:00	0.0000	0.0000	0.0000	0.33675	0.16657	0.38690	0.011700	0.34915
11/4/2001 17:00	0.0000	0.0000	0.0000	0.41983	0.29574	0.47090	0.011700	0.42416
11/4/2001 18:00	0.0000	0.0000	0.0000	0.50271	0.40452	0.42779	0.041700	0.46051
11/4/2001 19:00	0.0000	0.0000	0.0000	0.52181	0.40452	0.35199	0.011700	0.47534
11/4/2001 20:00	0.0000	0.0000	0.0000	0.47633	0.37392	0.31611	0.011700	0.49168
11/4/2001 21:00	0.0000	0.0000	0.0000	0.41659	0.31613	0.30055	0.011700	0.48020
11/4/2001 22:00	0.0000	0.0000	0.0000	0.32773	0.23455	0.24157	0.011700	0.41555
11/4/2001 23:00	0.0000	0.0000	0.0000	0.22918	0.16317	0.15890	0.011700	0.36111
11/5/2001 00:00	0.0000	0.0000	0.0000	0.12416	0.08498	0.10055	0.011700	0.29869
11/5/2001 01:00	0.0000	0.0000	0.0000	0.07843	0.05099	0.08360	0.011700	0.27502
11/5/2001 02:00	0.0000	0.0000	0.0000	0.06665	0.03399	0.07003	0.011700	0.27183
11/5/2001 03:00	0.0000	0.0000	0.0000	0.07052	0.03399	0.06144	0.011700	0.26800
11/5/2001 04:00	0.0000	0.0000	0.0000	0.10759	0.03399	0.07269	0.011700	0.25788
11/5/2001 05:00	0.0000	0.0000	0.0000	0.26855	0.03739	0.08648	0.011700	0.28777
11/5/2001 06:00	0.0000	0.0000	0.0000	0.56940	0.06459	0.14521	0.011700	0.33249
11/5/2001 07:00	0.0000	0.0000	0.0000	0.65226	0.12577	0.23148	0.041700	0.35330
11/5/2001 08:00	0.0000	0.0000	0.0000	0.63328	0.12237	0.30375	0.011700	0.29869
11/5/2001 09:00	0.0000	0.0000	0.0000	0.56594	0.06799	0.37753	0.011700	0.25421
11/5/2001 10:00	0.0000	0.0000	0.0000	0.48533	0.05779	0.39871	0.011700	0.26019
11/5/2001 11:00	0.0000	0.0000	0.0000	0.41260	0.05779	0.41558	0.011700	0.26027
11/5/2001 12:00	0.0000	0.0000	0.0000	0.35671	0.05779	0.40112	0.011700	0.25589
11/5/2001 13:00	0.0000	0.0000	0.0000	0.32214	0.05779	0.36431	0.011700	0.26473
11/5/2001 14:00	0.0000	0.0000	0.0000	0.28947	0.06459	0.33480	0.011700	0.27964
11/5/2001 15:00	0.0000	0.0000	0.0000	0.29253	0.09178	0.34138	0.011700	0.29518
11/5/2001 16:00	0.0000	0.0000	0.0000	0.33293	0.16657	0.38690	0.011700	0.34915
11/5/2001 17:00	0.0000	0.0000	0.0000	0.41609	0.29574	0.47090	0.011700	0.42416
11/5/2001 18:00	0.0000	0.0000	0.0000	0.49982	0.40452	0.42779	0.041700	0.46051
11/5/2001 19:00	0.0000	0.0000	0.0000	0.51982	0.40452	0.35199	0.011700	0.47534
11/5/2001 20:00	0.0000	0.0000	0.0000	0.47497	0.37392	0.31611	0.011700	0.49168
11/5/2001 21:00	0.0000	0.0000	0.0000	0.41519	0.31613	0.30055	0.011700	0.48020
11/5/2001 22:00	0.0000	0.0000	0.0000	0.32621	0.23455	0.24157	0.011700	0.41555
11/5/2001 23:00	0.0000	0.0000	0.0000	0.22770	0.16317	0.15890	0.011700	0.36111
11/6/2001 00:00	0.0000	0.0000	0.0000	0.11499	0.08498	0.09397	0.011700	0.29869
11/6/2001 01:00	0.0000	0.2315	0.0142	0.07346	0.05099	0.07966	0.011700	0.27502
11/6/2001 02:00	0.0000	1.1835	0.0728	0.06781	0.03399	0.06742	0.011700	0.27183
11/6/2001 03:00	0.0000	0.0000	0.0000	0.07120	0.03399	0.06007	0.011700	0.26800
11/6/2001 04:00	0.0000	0.0000	0.0000	0.10392	0.03399	0.07002	0.011700	0.25788
11/6/2001 05:00	0.0000	0.2941	0.0181	0.25256	0.03739	0.08238	0.011700	0.28777
11/6/2001 06:00	0.0000	0.3037	0.0187	0.52932	0.06459	0.13459	0.011700	0.33249
11/6/2001 07:00	0.0000	0.6761	0.0416	0.60335	0.12577	0.21032	0.041700	0.35330
11/6/2001 08:00	0.0000	0.0000	0.0000	0.58190	0.12237	0.27132	0.011700	0.29869
11/6/2001 09:00	0.0000	0.0000	0.0000	0.51929	0.06799	0.33250	0.011700	0.25421
11/6/2001 10:00	0.0000	0.0000	0.0000	0.44580	0.05779	0.34779	0.011700	0.26019
11/6/2001 11:00	0.0000	0.0000	0.0000	0.38080	0.05779	0.36309	0.011700	0.26027
11/6/2001 12:00	0.0000	0.0000	0.0000	0.33115	0.05779	0.35331	0.011700	0.25589
11/6/2001 13:00	0.0000	0.0000	0.0000	0.30293	0.05779	0.32072	0.011700	0.26473
11/6/2001 14:00	0.0000	0.0000	0.0000	0.27376	0.06459	0.29567	0.011700	0.27964
11/6/2001 15:00	0.0000	0.0000	0.0000	0.27674	0.09178	0.30433	0.011700	0.29518
11/6/2001 16:00	0.0000	0.0000	0.0000	0.31208	0.16657	0.35098	0.011700	0.34915
11/6/2001 17:00	0.0000	0.0000	0.0000	0.39104	0.29574	0.43555	0.011700	0.42416
11/6/2001 18:00	0.0000	0.0000	0.0000	0.46392	0.40452	0.39348	0.041700	0.46051
11/6/2001 19:00	0.0000	0.0000	0.0000	0.47712	0.40452	0.31774	0.011700	0.47534
11/6/2001 20:00	0.0000	0.0000	0.0000	0.43386	0.37392	0.28125	0.011700	0.49168
11/6/2001 21:00	0.0000	0.0000	0.0000	0.38198	0.31613	0.26494	0.011700	0.48020
11/6/2001 22:00	0.0000	0.4220	0.0260	0.30196	0.23455	0.21327	0.011700	0.41555
11/6/2001 23:00	0.0000	0.5958	0.0367	0.21505	0.16317	0.14336	0.011700	0.36111
