Date/Time	Cooling (E)	Heating (E)	HVAC Fan/Pump (E)	Hot Water (E)	Lights (E)	Lg. Appl. (E)	Vent Fan (E)	Misc. (E)
	kWh	kWh	kWh	kWh	kWh	kWh	kWh	kWh
6/5/2001 00:00	0.1753	0.0000	0.0329	0.10967	0.08309	0.10055	0.011700	0.29869
6/5/2001 01:00	0.1356	0.0000	0.0257	0.06804	0.05020	0.07966	0.011700	0.27502
6/5/2001 02:00	0.1244	0.0000	0.0233	0.05911	0.03289	0.06742	0.011700	0.27183
6/5/2001 03:00	0.1160	0.0000	0.0217	0.06172	0.03289	0.06007	0.011700	0.26800
6/5/2001 04:00	0.1017	0.0000	0.0192	0.08874	0.03289	0.07002	0.011700	0.25788
6/5/2001 05:00	0.1069	0.0000	0.0203	0.20952	0.03462	0.08238	0.011700	0.28777
6/5/2001 06:00	0.1187	0.0000	0.0229	0.43415	0.04674	0.13459	0.011700	0.33249
6/5/2001 07:00	0.1537	0.0000	0.0292	0.49272	0.07444	0.21032	0.041700	0.35330
6/5/2001 08:00	0.0000	0.0000	0.0000	0.47414	0.05540	0.27132	0.011700	0.29869
6/5/2001 09:00	0.3763	0.0000	0.0691	0.42290	0.03116	0.33250	0.011700	0.25421
6/5/2001 10:00	0.5311	0.0000	0.0947	0.36370	0.02770	0.34779	0.011700	0.26019
6/5/2001 11:00	0.7248	0.0000	0.1268	0.31214	0.02597	0.36309	0.011700	0.26027
6/5/2001 12:00	0.7511	0.0000	0.1289	0.27194	0.02597	0.35331	0.011700	0.25589
6/5/2001 13:00	0.7915	0.0000	0.1359	0.24916	0.02597	0.32072	0.011700	0.26473
6/5/2001 14:00	0.8367	0.0000	0.1425	0.22567	0.02597	0.29567	0.011700	0.27964
6/5/2001 15:00	0.9442	0.0000	0.1591	0.22928	0.02770	0.30433	0.011700	0.29518
6/5/2001 16:00	1.0523	0.0000	0.1774	0.25826	0.02770	0.35098	0.011700	0.34915
6/5/2001 17:00	1.1324	0.0000	0.1911	0.32172	0.03462	0.43555	0.011700	0.42416
6/5/2001 18:00	1.2057	0.0000	0.2060	0.38163	0.05540	0.39348	0.041700	0.46051
6/5/2001 19:00	0.9086	0.0000	0.1633	0.39247	0.10733	0.31774	0.011700	0.47534
6/5/2001 20:00	0.6216	0.0000	0.1151	0.35703	0.19215	0.28125	0.011700	0.49168
6/5/2001 21:00	0.4467	0.0000	0.0843	0.31424	0.27871	0.26494	0.011700	0.48020
6/5/2001 22:00	0.3120	0.0000	0.0595	0.24892	0.23370	0.21327	0.011700	0.41555
6/5/2001 23:00	0.2208	0.0000	0.0422	0.17875	0.16273	0.14336	0.011700	0.36111
6/6/2001 00:00	0.1520	0.0000	0.0290	0.10292	0.08309	0.09397	0.011700	0.29869
6/6/2001 01:00	0.1303	0.0000	0.0244	0.06788	0.05020	0.07966	0.011700	0.27502
6/6/2001 02:00	0.1185	0.0000	0.0222	0.05900	0.03289	0.06742	0.011700	0.27183
6/6/2001 03:00	0.1103	0.0000	0.0208	0.06160	0.03289	0.06007	0.011700	0.26800
6/6/2001 04:00	0.0963	0.0000	0.0185	0.08849	0.03289	0.07002	0.011700	0.25788
6/6/2001 05:00	0.0983	0.0000	0.0190	0.20873	0.03462	0.08238	0.011700	0.28777
6/6/2001 06:00	0.1330	0.0000	0.0255	0.43235	0.04674	0.13459	0.011700	0.33249
6/6/2001 07:00	0.1633	0.0000	0.0310	0.49061	0.07444	0.21032	0.041700	0.35330
6/6/2001 08:00	0.2844	0.0000	0.0525	0.47209	0.05540	0.27132	0.011700	0.29869
6/6/2001 09:00	0.4052	0.0000	0.0726	0.42090	0.03116	0.33250	0.011700	0.25421
6/6/2001 10:00	0.5770	0.0000	0.1024	0.36210	0.02770	0.34779	0.011700	0.26019
6/6/2001 11:00	0.7323	0.0000	0.1285	0.31079	0.02597	0.36309	0.011700	0.26027
6/6/2001 12:00	0.6996	0.0000	0.1217	0.27079	0.02597	0.35331	0.011700	0.25589
6/6/2001 13:00	0.6899	0.0000	0.1224	0.24812	0.02597	0.32072	0.011700	0.26473
6/6/2001 14:00	0.6035	0.0000	0.1081	0.22475	0.02597	0.29567	0.011700	0.27964
6/6/2001 15:00	0.5733	0.0000	0.1018	0.22835	0.02770	0.30433	0.011700	0.29518
6/6/2001 16:00	0.5415	0.0000	0.0971	0.25719	0.02770	0.35098	0.011700	0.34915
6/6/2001 17:00	0.5082	0.0000	0.0921	0.32038	0.03462	0.43555	0.011700	0.42416
6/6/2001 18:00	0.5194	0.0000	0.0942	0.38006	0.05540	0.39348	0.041700	0.46051
6/6/2001 19:00	0.4485	0.0000	0.0820	0.39086	0.10733	0.31774	0.011700	0.47534
6/6/2001 20:00	0.4024	0.0000	0.0736	0.35557	0.19215	0.28125	0.011700	0.49168
6/6/2001 21:00	0.3646	0.0000	0.0673	0.31296	0.27871	0.26494	0.011700	0.48020
6/6/2001 22:00	0.2974	0.0000	0.0554	0.24794	0.23370	0.21327	0.011700	0.41555
6/6/2001 23:00	0.2495	0.0000	0.0461	0.17810	0.16273	0.14336	0.011700	0.36111
6/7/2001 00:00	0.1994	0.0000	0.0368	0.10262	0.08309	0.09397	0.011700	0.29869
6/7/2001 01:00	0.1626	0.0000	0.0303	0.06773	0.05020	0.07966	0.011700	0.27502
6/7/2001 02:00	0.1272	0.0000	0.0241	0.05889	0.03289	0.06742	0.011700	0.27183
6/7/2001 03:00	0.1267	0.0000	0.0236	0.06147	0.03289	0.06007	0.011700	0.26800
6/7/2001 04:00	0.1333	0.0000	0.0246	0.08824	0.03289	0.07002	0.011700	0.25788
6/7/2001 05:00	0.1413	0.0000	0.0265	0.20795	0.03462	0.08238	0.011700	0.28777
6/7/2001 06:00	0.1723	0.0000	0.0326	0.43056	0.04674	0.13459	0.011700	0.33249
6/7/2001 07:00	0.1982	0.0000	0.0371	0.48853	0.07444	0.21032	0.041700	0.35330
6/7/2001 08:00	0.2146	0.0000	0.0395	0.47006	0.05540	0.27132	0.011700	0.29869
6/7/2001 09:00	0.2623	0.0000	0.0473	0.41908	0.03116	0.33250	0.011700	0.25421
6/7/2001 10:00	0.3384	0.0000	0.0604	0.36054	0.02770	0.34779	0.011700	0.26019
6/7/2001 11:00	0.5360	0.0000	0.0938	0.30946	0.02597	0.36309	0.011700	0.26027
6/7/2001 12:00	0.6150	0.0000	0.1067	0.26965	0.02597	0.35331	0.011700	0.25589
6/7/2001 13:00	0.7518	0.0000	0.1289	0.24710	0.02597	0.32072	0.011700	0.26473
6/7/2001 14:00	0.8390	0.0000	0.1439	0.22384	0.02597	0.29567	0.011700	0.27964
6/7/2001 15:00	0.7803	0.0000	0.1354	0.22743	0.02770	0.30433	0.011700	0.29518
6/7/2001 16:00	0.7520	0.0000	0.1317	0.25615	0.02770	0.35098	0.011700	0.34915
6/7/2001 17:00	0.6898	0.0000	0.1246	0.31907	0.03462	0.43555	0.011700	0.42416
6/7/2001 18:00	0.5917	0.0000	0.1079	0.37851	0.05540	0.39348	0.041700	0.46051
6/7/2001 19:00	0.4529	0.0000	0.0834	0.38928	0.10733	0.31774	0.011700	0.47534
6/7/2001 20:00	0.3389	0.0000	0.0641	0.35412	0.19215	0.28125	0.011700	0.49168
6/7/2001 21:00	0.2870	0.0000	0.0547	0.31169	0.27871	0.26494	0.011700	0.48020
6/7/2001 22:00	0.2367	0.0000	0.0451	0.24697	0.23370	0.21327	0.011700	0.41555
6/7/2001 23:00	0.1845	0.0000	0.0352	0.17746	0.16273	0.14336	0.011700	0.36111
6/8/2001 00:00	0.1440	0.0000	0.0273	0.10231	0.08309	0.09397	0.011700	0.29869
6/8/2001 01:00	0.1205	0.0000	0.0228	0.06758	0.05020	0.07966	0.011700	0.27502
6/8/2001 02:00	0.1100	0.0000	0.0208	0.05879	0.03289	0.06742	0.011700	0.27183
6/8/2001 03:00	0.1055	0.0000	0.0199	0.06136	0.03289	0.06007	0.011700	0.26800
6/8/2001 04:00	0.1052	0.0000	0.0199	0.08800	0.03289	0.07002	0.011700	0.25788
6/8/2001 05:00	0.1233	0.0000	0.0233	0.20718	0.03462	0.08238	0.011700	0.28777
6/8/2001 06:00	0.1653	0.0000	0.0312	0.42880	0.04674	0.13459	0.011700	0.33249
6/8/2001 07:00	0.2001	0.0000	0.0374	0.48647	0.07444	0.21032	0.041700	0.35330
6/8/2001 08:00	0.3656	0.0000	0.0671	0.46806	0.05540	0.27132	0.011700	0.29869
6/8/2001 09:00	0.4052	0.0000	0.0730	0.41728	0.03116	0.33250	0.011700	0.25421
6/8/2001 10:00	0.5023	0.0000	0.0895	0.35900	0.02770	0.34779	0.011700	0.26019
6/8/2001 11:00	0.7257	0.0000	0.1258	0.30816	0.02597	0.36309	0.011700	0.26027
6/8/2001 12:00	0.6074	0.0000	0.1083	0.26853	0.02597	0.35331	0.011700	0.25589
6/8/2001 13:00	0.6078	0.0000	0.1054	0.24609	0.02597	0.32072	0.011700	0.26473
6/8/2001 14:00	0.7138	0.0000	0.1225	0.22294	0.02597	0.29567	0.011700	0.27964
6/8/2001 15:00	0.7894	0.0000	0.1370	0.22652	0.02770	0.30433	0.011700	0.29518
6/8/2001 16:00	0.8166	0.0000	0.1431	0.25511	0.02770	0.35098	0.011700	0.34915
6/8/2001 17:00	0.9695	0.0000	0.1684	0.31777	0.03462	0.43555	0.011700	0.42416
6/8/2001 18:00	1.0064	0.0000	0.1784	0.37697	0.05540	0.39348	0.041700	0.46051
6/8/2001 19:00	0.7739	0.0000	0.1385	0.38772	0.10733	0.31774	0.011700	0.47534
6/8/2001 20:00	0.5878	0.0000	0.1072	0.35270	0.19215	0.28125	0.011700	0.49168
6/8/2001 21:00	0.4569	0.0000	0.0842	0.31044	0.27871	0.26494	0.011700	0.48020
6/8/2001 22:00	0.3439	0.0000	0.0640	0.24602	0.23370	0.21327	0.011700	0.41555
6/8/2001 23:00	0.2636	0.0000	0.0491	0.17682	0.16273	0.14336	0.011700	0.36111
6/9/2001 00:00	0.1857	0.0000	0.0349	0.10201	0.08309	0.09397	0.011700	0.29869
6/9/2001 01:00	0.1539	0.0000	0.0287	0.06743	0.05020	0.07966	0.011700	0.27502
6/9/2001 02:00	0.1273	0.0000	0.0239	0.05868	0.03289	0.06742	0.011700	0.27183
6/9/2001 03:00	0.1152	0.0000	0.0216	0.06124	0.03289	0.06007	0.011700	0.26800
6/9/2001 04:00	0.1001	0.0000	0.0189	0.08775	0.03289	0.07002	0.011700	0.25788
6/9/2001 05:00	0.1122	0.0000	0.0212	0.20642	0.03462	0.08238	0.011700	0.28777
6/9/2001 06:00	0.1474	0.0000	0.0279	0.42707	0.04674	0.13459	0.011700	0.33249
6/9/2001 07:00	0.2441	0.0000	0.0453	0.48444	0.07444	0.21032	0.041700	0.35330
6/9/2001 08:00	0.4449	0.0000	0.0803	0.46608	0.05540	0.27132	0.011700	0.29869
6/9/2001 09:00	0.6475	0.0000	0.1134	0.41551	0.03116	0.33250	0.011700	0.25421
6/9/2001 10:00	0.8266	0.0000	0.1405	0.35748	0.02770	0.34779	0.011700	0.26019
6/9/2001 11:00	1.0372	0.0000	0.1724	0.30687	0.02597	0.36309	0.011700	0.26027
6/9/2001 12:00	0.9551	0.0000	0.1574	0.26742	0.02597	0.35331	0.011700	0.25589
6/9/2001 13:00	0.9948	0.0000	0.1621	0.24510	0.02597	0.32072	0.011700	0.26473
6/9/2001 14:00	1.0367	0.0000	0.1690	0.22206	0.02597	0.29567	0.011700	0.27964
6/9/2001 15:00	1.1067	0.0000	0.1806	0.22562	0.02770	0.30433	0.011700	0.29518
6/9/2001 16:00	1.1868	0.0000	0.1938	0.25409	0.02770	0.35098	0.011700	0.34915
6/9/2001 17:00	1.2526	0.0000	0.2071	0.31648	0.03462	0.43555	0.011700	0.42416
6/9/2001 18:00	1.3278	0.0000	0.2218	0.37546	0.05540	0.39348	0.041700	0.46051
6/9/2001 19:00	1.0369	0.0000	0.1791	0.38617	0.10733	0.31774	0.011700	0.47534
6/9/2001 20:00	0.7011	0.0000	0.1275	0.35130	0.19215	0.28125	0.011700	0.49168
6/9/2001 21:00	0.5138	0.0000	0.0953	0.30920	0.27871	0.26494	0.011700	0.48020
6/9/2001 22:00	0.3802	0.0000	0.0706	0.24507	0.23370	0.21327	0.011700	0.41555
6/9/2001 23:00	0.2874	0.0000	0.0534	0.17620	0.16273	0.14336	0.011700	0.36111
6/10/2001 00:00	0.2048	0.0000	0.0384	0.10171	0.08309	0.09397	0.011700	0.29869
6/10/2001 01:00	0.1533	0.0000	0.0290	0.07048	0.05020	0.08360	0.011700	0.27502
6/10/2001 02:00	0.1280	0.0000	0.0242	0.06099	0.03289	0.07003	0.011700	0.27183
6/10/2001 03:00	0.1153	0.0000	0.0218	0.06372	0.03289	0.06144	0.011700	0.26800
6/10/2001 04:00	0.0994	0.0000	0.0189	0.09282	0.03289	0.07269	0.011700	0.25788
6/10/2001 05:00	0.1072	0.0000	0.0204	0.22134	0.03462	0.08648	0.011700	0.28777
6/10/2001 06:00	0.1379	0.0000	0.0262	0.46141	0.04674	0.14521	0.011700	0.33249
6/10/2001 07:00	0.2212	0.0000	0.0413	0.52553	0.07444	0.23148	0.041700	0.35330
6/10/2001 08:00	0.4259	0.0000	0.0764	0.50846	0.05540	0.30375	0.011700	0.29869
6/10/2001 09:00	0.6226	0.0000	0.1093	0.45396	0.03116	0.37753	0.011700	0.25421
6/10/2001 10:00	0.7953	0.0000	0.1355	0.39013	0.02770	0.39871	0.011700	0.26019
6/10/2001 11:00	1.0781	0.0000	0.1778	0.33378	0.02597	0.41558	0.011700	0.26027
6/10/2001 12:00	0.9880	0.0000	0.1611	0.29067	0.02597	0.40112	0.011700	0.25589
6/10/2001 13:00	0.9972	0.0000	0.1626	0.26524	0.02597	0.36431	0.011700	0.26473
6/10/2001 14:00	1.0303	0.0000	0.1665	0.24035	0.02597	0.33480	0.011700	0.27964
6/10/2001 15:00	1.0990	0.0000	0.1778	0.24392	0.02770	0.34138	0.011700	0.29518
6/10/2001 16:00	1.1851	0.0000	0.1937	0.27691	0.02770	0.38690	0.011700	0.34915
6/10/2001 17:00	1.2282	0.0000	0.2032	0.34434	0.03462	0.47090	0.011700	0.42416
6/10/2001 18:00	1.2439	0.0000	0.2104	0.41233	0.05540	0.42779	0.041700	0.46051
6/10/2001 19:00	0.9484	0.0000	0.1673	0.42783	0.10733	0.35199	0.011700	0.47534
6/10/2001 20:00	0.6824	0.0000	0.1229	0.39087	0.19215	0.31611	0.011700	0.49168
6/10/2001 21:00	0.5283	0.0000	0.0962	0.34209	0.27871	0.30055	0.011700	0.48020
6/10/2001 22:00	0.4103	0.0000	0.0748	0.27109	0.23370	0.24157	0.011700	0.41555
6/10/2001 23:00	0.3128	0.0000	0.0575	0.19251	0.16273	0.15890	0.011700	0.36111
6/11/2001 00:00	0.2173	0.0000	0.0408	0.10767	0.08309	0.10055	0.011700	0.29869
6/11/2001 01:00	0.1700	0.0000	0.0319	0.07032	0.05020	0.08360	0.011700	0.27502
6/11/2001 02:00	0.1431	0.0000	0.0268	0.06088	0.03289	0.07003	0.011700	0.27183
6/11/2001 03:00	0.1273	0.0000	0.0238	0.06359	0.03289	0.06144	0.011700	0.26800
6/11/2001 04:00	0.1039	0.0000	0.0198	0.09256	0.03289	0.07269	0.011700	0.25788
6/11/2001 05:00	0.1121	0.0000	0.0213	0.22053	0.03462	0.08648	0.011700	0.28777
6/11/2001 06:00	0.1493	0.0000	0.0281	0.45956	0.04674	0.14521	0.011700	0.33249
6/11/2001 07:00	0.2911	0.0000	0.0528	0.52336	0.07444	0.23148	0.041700	0.35330
6/11/2001 08:00	0.4293	0.0000	0.0770	0.50633	0.05540	0.30375	0.011700	0.29869
6/11/2001 09:00	0.6531	0.0000	0.1124	0.45203	0.03116	0.37753	0.011700	0.25421
6/11/2001 10:00	0.8259	0.0000	0.1391	0.38848	0.02770	0.39871	0.011700	0.26019
6/11/2001 11:00	1.0617	0.0000	0.1751	0.33238	0.02597	0.41558	0.011700	0.26027
6/11/2001 12:00	1.0210	0.0000	0.1649	0.28946	0.02597	0.40112	0.011700	0.25589
6/11/2001 13:00	1.0567	0.0000	0.1706	0.26416	0.02597	0.36431	0.011700	0.26473
6/11/2001 14:00	1.0916	0.0000	0.1763	0.23939	0.02597	0.33480	0.011700	0.27964
6/11/2001 15:00	1.1274	0.0000	0.1840	0.24295	0.02770	0.34138	0.011700	0.29518
6/11/2001 16:00	1.2027	0.0000	0.1964	0.27579	0.02770	0.38690	0.011700	0.34915
6/11/2001 17:00	1.1802	0.0000	0.1993	0.34295	0.03462	0.47090	0.011700	0.42416
6/11/2001 18:00	1.1614	0.0000	0.2026	0.41069	0.05540	0.42779	0.041700	0.46051
6/11/2001 19:00	0.9253	0.0000	0.1648	0.42614	0.10733	0.35199	0.011700	0.47534
6/11/2001 20:00	0.6757	0.0000	0.1227	0.38931	0.19215	0.31611	0.011700	0.49168
6/11/2001 21:00	0.5282	0.0000	0.0968	0.34073	0.27871	0.30055	0.011700	0.48020
6/11/2001 22:00	0.4094	0.0000	0.0751	0.27005	0.23370	0.24157	0.011700	0.41555
6/11/2001 23:00	0.3229	0.0000	0.0592	0.19182	0.16273	0.15890	0.011700	0.36111
6/12/2001 00:00	0.2425	0.0000	0.0449	0.10735	0.08309	0.10055	0.011700	0.29869
6/12/2001 01:00	0.2005	0.0000	0.0371	0.06699	0.05020	0.07966	0.011700	0.27502
6/12/2001 02:00	0.1774	0.0000	0.0328	0.05837	0.03289	0.06742	0.011700	0.27183
6/12/2001 03:00	0.1532	0.0000	0.0286	0.06089	0.03289	0.06007	0.011700	0.26800
6/12/2001 04:00	0.1451	0.0000	0.0271	0.08705	0.03289	0.07002	0.011700	0.25788
6/12/2001 05:00	0.1568	0.0000	0.0293	0.20420	0.03462	0.08238	0.011700	0.28777
6/12/2001 06:00	0.2094	0.0000	0.0383	0.42200	0.04674	0.13459	0.011700	0.33249
6/12/2001 07:00	0.3418	0.0000	0.0613	0.47853	0.07444	0.21032	0.041700	0.35330
6/12/2001 08:00	0.3772	0.0000	0.0670	0.46033	0.05540	0.27132	0.011700	0.29869
6/12/2001 09:00	0.5089	0.0000	0.0875	0.41034	0.03116	0.33250	0.011700	0.25421
6/12/2001 10:00	0.4978	0.0000	0.0873	0.35304	0.02770	0.34779	0.011700	0.26019
6/12/2001 11:00	0.8371	0.0000	0.1393	0.30311	0.02597	0.36309	0.011700	0.26027
6/12/2001 12:00	0.8529	0.0000	0.1406	0.26419	0.02597	0.35331	0.011700	0.25589
6/12/2001 13:00	0.9760	0.0000	0.1590	0.24220	0.02597	0.32072	0.011700	0.26473
6/12/2001 14:00	1.0252	0.0000	0.1690	0.21948	0.02597	0.29567	0.011700	0.27964
6/12/2001 15:00	1.0513	0.0000	0.1750	0.22302	0.02770	0.30433	0.011700	0.29518
6/12/2001 16:00	0.9569	0.0000	0.1664	0.25111	0.02770	0.35098	0.011700	0.34915
6/12/2001 17:00	0.9094	0.0000	0.1582	0.31275	0.03462	0.43555	0.011700	0.42416
6/12/2001 18:00	0.9115	0.0000	0.1602	0.37105	0.05540	0.39348	0.041700	0.46051
6/12/2001 19:00	0.7790	0.0000	0.1384	0.38168	0.10733	0.31774	0.011700	0.47534
6/12/2001 20:00	0.6261	0.0000	0.1122	0.34720	0.19215	0.28125	0.011700	0.49168
6/12/2001 21:00	0.5234	0.0000	0.0948	0.30561	0.27871	0.26494	0.011700	0.48020
6/12/2001 22:00	0.4274	0.0000	0.0775	0.24232	0.23370	0.21327	0.011700	0.41555
6/12/2001 23:00	0.3655	0.0000	0.0656	0.17438	0.16273	0.14336	0.011700	0.36111
6/13/2001 00:00	0.2037	0.0000	0.0390	0.10085	0.08309	0.09397	0.011700	0.29869
6/13/2001 01:00	0.1314	0.0000	0.0254	0.06685	0.05020	0.07966	0.011700	0.27502
6/13/2001 02:00	0.1019	0.0000	0.0197	0.05827	0.03289	0.06742	0.011700	0.27183
6/13/2001 03:00	0.0804	0.0000	0.0156	0.06078	0.03289	0.06007	0.011700	0.26800
6/13/2001 04:00	0.0746	0.0000	0.0144	0.08683	0.03289	0.07002	0.011700	0.25788
6/13/2001 05:00	0.0920	0.0000	0.0176	0.20348	0.03462	0.08238	0.011700	0.28777
6/13/2001 06:00	0.1281	0.0000	0.0244	0.42037	0.04674	0.13459	0.011700	0.33249
6/13/2001 07:00	0.2604	0.0000	0.0480	0.47662	0.07444	0.21032	0.041700	0.35330
6/13/2001 08:00	0.4673	0.0000	0.0836	0.45847	0.05540	0.27132	0.011700	0.29869
6/13/2001 09:00	0.6383	0.0000	0.1119	0.40867	0.03116	0.33250	0.011700	0.25421
6/13/2001 10:00	0.7904	0.0000	0.1357	0.35161	0.02770	0.34779	0.011700	0.26019
6/13/2001 11:00	0.9923	0.0000	0.1670	0.30190	0.02597	0.36309	0.011700	0.26027
6/13/2001 12:00	0.8005	0.0000	0.1403	0.26314	0.02597	0.35331	0.011700	0.25589
6/13/2001 13:00	0.6645	0.0000	0.1188	0.24127	0.02597	0.32072	0.011700	0.26473
6/13/2001 14:00	0.4965	0.0000	0.0947	0.21864	0.02597	0.29567	0.011700	0.27964
6/13/2001 15:00	0.6873	0.0000	0.1196	0.22217	0.02770	0.30433	0.011700	0.29518
6/13/2001 16:00	0.8169	0.0000	0.1422	0.25015	0.02770	0.35098	0.011700	0.34915
6/13/2001 17:00	0.7543	0.0000	0.1405	0.31154	0.03462	0.43555	0.011700	0.42416
6/13/2001 18:00	0.7725	0.0000	0.1411	0.36962	0.05540	0.39348	0.041700	0.46051
6/13/2001 19:00	0.7039	0.0000	0.1287	0.38022	0.10733	0.31774	0.011700	0.47534
6/13/2001 20:00	0.5607	0.0000	0.1036	0.34588	0.19215	0.28125	0.011700	0.49168
6/13/2001 21:00	0.4565	0.0000	0.0852	0.30444	0.27871	0.26494	0.011700	0.48020
6/13/2001 22:00	0.3212	0.0000	0.0616	0.24143	0.23370	0.21327	0.011700	0.41555
6/13/2001 23:00	0.2315	0.0000	0.0444	0.17379	0.16273	0.14336	0.011700	0.36111
6/14/2001 00:00	0.1624	0.0000	0.0311	0.10057	0.08309	0.09397	0.011700	0.29869
6/14/2001 01:00	0.1117	0.0000	0.0216	0.06671	0.05020	0.07966	0.011700	0.27502
6/14/2001 02:00	0.0770	0.0000	0.0150	0.05818	0.03289	0.06742	0.011700	0.27183
6/14/2001 03:00	0.0599	0.0000	0.0116	0.06067	0.03289	0.06007	0.011700	0.26800
6/14/2001 04:00	0.0421	0.0000	0.0082	0.08660	0.03289	0.07002	0.011700	0.25788
6/14/2001 05:00	0.0478	0.0000	0.0093	0.20278	0.03462	0.08238	0.011700	0.28777
6/14/2001 06:00	0.0830	0.0000	0.0160	0.41875	0.04674	0.13459	0.011700	0.33249
6/14/2001 07:00	0.2131	0.0000	0.0397	0.47473	0.07444	0.21032	0.041700	0.35330
6/14/2001 08:00	0.4084	0.0000	0.0739	0.45664	0.05540	0.27132	0.011700	0.29869
6/14/2001 09:00	0.6196	0.0000	0.1087	0.40703	0.03116	0.33250	0.011700	0.25421
6/14/2001 10:00	0.7128	0.0000	0.1250	0.35020	0.02770	0.34779	0.011700	0.26019
6/14/2001 11:00	0.7992	0.0000	0.1389	0.30070	0.02597	0.36309	0.011700	0.26027
6/14/2001 12:00	0.7465	0.0000	0.1243	0.26211	0.02597	0.35331	0.011700	0.25589
6/14/2001 13:00	0.8010	0.0000	0.1321	0.24034	0.02597	0.32072	0.011700	0.26473
6/14/2001 14:00	0.8424	0.0000	0.1419	0.21782	0.02597	0.29567	0.011700	0.27964
6/14/2001 15:00	0.9956	0.0000	0.1642	0.22134	0.02770	0.30433	0.011700	0.29518
6/14/2001 16:00	1.1151	0.0000	0.1858	0.24920	0.02770	0.35098	0.011700	0.34915
6/14/2001 17:00	1.1564	0.0000	0.1972	0.31035	0.03462	0.43555	0.011700	0.42416
6/14/2001 18:00	1.1974	0.0000	0.2063	0.36822	0.05540	0.39348	0.041700	0.46051
6/14/2001 19:00	0.9382	0.0000	0.1668	0.37879	0.10733	0.31774	0.011700	0.47534
6/14/2001 20:00	0.7040	0.0000	0.1264	0.34458	0.19215	0.28125	0.011700	0.49168
6/14/2001 21:00	0.5375	0.0000	0.0984	0.30330	0.27871	0.26494	0.011700	0.48020
6/14/2001 22:00	0.3751	0.0000	0.0707	0.24056	0.23370	0.21327	0.011700	0.41555
6/14/2001 23:00	0.1458	0.0000	0.0278	0.17321	0.16273	0.14336	0.011700	0.36111
6/15/2001 00:00	0.0824	0.0000	0.0157	0.10029	0.08309	0.09397	0.011700	0.29869
6/15/2001 01:00	0.1368	0.0000	0.0260	0.06658	0.05020	0.07966	0.011700	0.27502
6/15/2001 02:00	0.1289	0.0000	0.0244	0.05808	0.03289	0.06742	0.011700	0.27183
6/15/2001 03:00	0.1215	0.0000	0.0229	0.06057	0.03289	0.06007	0.011700	0.26800
6/15/2001 04:00	0.1236	0.0000	0.0231	0.08639	0.03289	0.07002	0.011700	0.25788
6/15/2001 05:00	0.1294	0.0000	0.0244	0.20209	0.03462	0.08238	0.011700	0.28777
6/15/2001 06:00	0.1804	0.0000	0.0334	0.41718	0.04674	0.13459	0.011700	0.33249
6/15/2001 07:00	0.2811	0.0000	0.0507	0.47289	0.07444	0.21032	0.041700	0.35330
6/15/2001 08:00	0.3726	0.0000	0.0664	0.45484	0.05540	0.27132	0.011700	0.29869
6/15/2001 09:00	0.5607	0.0000	0.0971	0.40541	0.03116	0.33250	0.011700	0.25421
6/15/2001 10:00	0.8074	0.0000	0.1355	0.34881	0.02770	0.34779	0.011700	0.26019
6/15/2001 11:00	1.0426	0.0000	0.1750	0.29952	0.02597	0.36309	0.011700	0.26027
6/15/2001 12:00	1.0069	0.0000	0.1656	0.26111	0.02597	0.35331	0.011700	0.25589
6/15/2001 13:00	1.1189	0.0000	0.1802	0.23944	0.02597	0.32072	0.011700	0.26473
6/15/2001 14:00	1.1510	0.0000	0.1855	0.21702	0.02597	0.29567	0.011700	0.27964
6/15/2001 15:00	1.2448	0.0000	0.1984	0.22053	0.02770	0.30433	0.011700	0.29518
6/15/2001 16:00	1.3099	0.0000	0.2114	0.24827	0.02770	0.35098	0.011700	0.34915
6/15/2001 17:00	1.3755	0.0000	0.2243	0.30918	0.03462	0.43555	0.011700	0.42416
6/15/2001 18:00	1.3839	0.0000	0.2333	0.36684	0.05540	0.39348	0.041700	0.46051
6/15/2001 19:00	1.0865	0.0000	0.1893	0.37739	0.10733	0.31774	0.011700	0.47534
6/15/2001 20:00	0.7587	0.0000	0.1361	0.34330	0.19215	0.28125	0.011700	0.49168
6/15/2001 21:00	0.5815	0.0000	0.1055	0.30217	0.27871	0.26494	0.011700	0.48020
6/15/2001 22:00	0.4464	0.0000	0.0810	0.23970	0.23370	0.21327	0.011700	0.41555
6/15/2001 23:00	0.3373	0.0000	0.0618	0.17264	0.16273	0.14336	0.011700	0.36111
6/16/2001 00:00	0.2596	0.0000	0.0475	0.10003	0.08309	0.09397	0.011700	0.29869
6/16/2001 01:00	0.2160	0.0000	0.0395	0.06645	0.05020	0.07966	0.011700	0.27502
6/16/2001 02:00	0.1917	0.0000	0.0351	0.05799	0.03289	0.06742	0.011700	0.27183
6/16/2001 03:00	0.1658	0.0000	0.0306	0.06046	0.03289	0.06007	0.011700	0.26800
6/16/2001 04:00	0.1641	0.0000	0.0300	0.08617	0.03289	0.07002	0.011700	0.25788
6/16/2001 05:00	0.1814	0.0000	0.0331	0.20141	0.03462	0.08238	0.011700	0.28777
6/16/2001 06:00	0.2056	0.0000	0.0383	0.41562	0.04674	0.13459	0.011700	0.33249
6/16/2001 07:00	0.3375	0.0000	0.0611	0.47107	0.07444	0.21032	0.041700	0.35330
6/16/2001 08:00	0.4320	0.0000	0.0751	0.45308	0.05540	0.27132	0.011700	0.29869
6/16/2001 09:00	0.6604	0.0000	0.1125	0.40383	0.03116	0.33250	0.011700	0.25421
6/16/2001 10:00	0.8480	0.0000	0.1411	0.34745	0.02770	0.34779	0.011700	0.26019
6/16/2001 11:00	1.0589	0.0000	0.1763	0.29837	0.02597	0.36309	0.011700	0.26027
6/16/2001 12:00	0.9842	0.0000	0.1623	0.26011	0.02597	0.35331	0.011700	0.25589
6/16/2001 13:00	1.0767	0.0000	0.1718	0.23855	0.02597	0.32072	0.011700	0.26473
6/16/2001 14:00	1.1700	0.0000	0.1848	0.21622	0.02597	0.29567	0.011700	0.27964
6/16/2001 15:00	1.0652	0.0000	0.1833	0.21972	0.02770	0.30433	0.011700	0.29518
6/16/2001 16:00	0.9880	0.0000	0.1701	0.24735	0.02770	0.35098	0.011700	0.34915
6/16/2001 17:00	0.7487	0.0000	0.1407	0.30803	0.03462	0.43555	0.011700	0.42416
6/16/2001 18:00	0.0655	0.0000	0.0125	0.36549	0.05540	0.39348	0.041700	0.46051
6/16/2001 19:00	0.0245	0.0000	0.0047	0.37599	0.10733	0.31774	0.011700	0.47534
6/16/2001 20:00	0.3463	0.0000	0.0660	0.34202	0.19215	0.28125	0.011700	0.49168
6/16/2001 21:00	0.3845	0.0000	0.0727	0.30107	0.27871	0.26494	0.011700	0.48020
6/16/2001 22:00	0.3215	0.0000	0.0607	0.23886	0.23370	0.21327	0.011700	0.41555
6/16/2001 23:00	0.2602	0.0000	0.0484	0.17209	0.16273	0.14336	0.011700	0.36111
6/17/2001 00:00	0.1729	0.0000	0.0327	0.09976	0.08309	0.09397	0.011700	0.29869
6/17/2001 01:00	0.1234	0.0000	0.0236	0.06941	0.05020	0.08360	0.011700	0.27502
6/17/2001 02:00	0.0984	0.0000	0.0188	0.06023	0.03289	0.07003	0.011700	0.27183
6/17/2001 03:00	0.0874	0.0000	0.0167	0.06287	0.03289	0.06144	0.011700	0.26800
6/17/2001 04:00	0.0816	0.0000	0.0156	0.09109	0.03289	0.07269	0.011700	0.25788
6/17/2001 05:00	0.0986	0.0000	0.0188	0.21594	0.03462	0.08648	0.011700	0.28777
6/17/2001 06:00	0.1525	0.0000	0.0288	0.44907	0.04674	0.14521	0.011700	0.33249
6/17/2001 07:00	0.1897	0.0000	0.0356	0.51104	0.07444	0.23148	0.041700	0.35330
6/17/2001 08:00	0.2671	0.0000	0.0493	0.49423	0.05540	0.30375	0.011700	0.29869
6/17/2001 09:00	0.3680	0.0000	0.0666	0.44111	0.03116	0.37753	0.011700	0.25421
6/17/2001 10:00	0.6174	0.0000	0.1077	0.37908	0.02770	0.39871	0.011700	0.26019
6/17/2001 11:00	0.4744	0.0000	0.0904	0.32443	0.02597	0.41558	0.011700	0.26027
6/17/2001 12:00	0.4484	0.0000	0.0834	0.28262	0.02597	0.40112	0.011700	0.25589
6/17/2001 13:00	0.4051	0.0000	0.0728	0.25804	0.02597	0.36431	0.011700	0.26473
6/17/2001 14:00	0.4269	0.0000	0.0760	0.23393	0.02597	0.33480	0.011700	0.27964
6/17/2001 15:00	0.5227	0.0000	0.0924	0.23745	0.02770	0.34138	0.011700	0.29518
6/17/2001 16:00	0.6527	0.0000	0.1131	0.26948	0.02770	0.38690	0.011700	0.34915
6/17/2001 17:00	0.9248	0.0000	0.1585	0.33509	0.03462	0.47090	0.011700	0.42416
6/17/2001 18:00	1.0869	0.0000	0.1885	0.40134	0.05540	0.42779	0.041700	0.46051
6/17/2001 19:00	0.9296	0.0000	0.1660	0.41652	0.10733	0.35199	0.011700	0.47534
6/17/2001 20:00	0.6900	0.0000	0.1256	0.38050	0.19215	0.31611	0.011700	0.49168
6/17/2001 21:00	0.5417	0.0000	0.0997	0.33301	0.27871	0.30055	0.011700	0.48020
6/17/2001 22:00	0.3819	0.0000	0.0717	0.26414	0.23370	0.24157	0.011700	0.41555
6/17/2001 23:00	0.2789	0.0000	0.0524	0.18794	0.16273	0.15890	0.011700	0.36111
6/18/2001 00:00	0.1997	0.0000	0.0375	0.10555	0.08309	0.10055	0.011700	0.29869
6/18/2001 01:00	0.1449	0.0000	0.0275	0.06926	0.05020	0.08360	0.011700	0.27502
6/18/2001 02:00	0.1199	0.0000	0.0227	0.06013	0.03289	0.07003	0.011700	0.27183
6/18/2001 03:00	0.1049	0.0000	0.0199	0.06276	0.03289	0.06144	0.011700	0.26800
6/18/2001 04:00	0.0973	0.0000	0.0184	0.09086	0.03289	0.07269	0.011700	0.25788
6/18/2001 05:00	0.1036	0.0000	0.0198	0.21522	0.03462	0.08648	0.011700	0.28777
6/18/2001 06:00	0.1583	0.0000	0.0294	0.44743	0.04674	0.14521	0.011700	0.33249
6/18/2001 07:00	0.2491	0.0000	0.0454	0.50911	0.07444	0.23148	0.041700	0.35330
6/18/2001 08:00	0.3251	0.0000	0.0576	0.49233	0.05540	0.30375	0.011700	0.29869
6/18/2001 09:00	0.4779	0.0000	0.0862	0.43940	0.03116	0.37753	0.011700	0.25421
6/18/2001 10:00	0.4971	0.0000	0.0887	0.37761	0.02770	0.39871	0.011700	0.26019
6/18/2001 11:00	0.5128	0.0000	0.0932	0.32318	0.02597	0.41558	0.011700	0.26027
6/18/2001 12:00	0.4690	0.0000	0.0846	0.28154	0.02597	0.40112	0.011700	0.25589
6/18/2001 13:00	0.5085	0.0000	0.0908	0.25708	0.02597	0.36431	0.011700	0.26473
6/18/2001 14:00	0.5936	0.0000	0.1060	0.23307	0.02597	0.33480	0.011700	0.27964
6/18/2001 15:00	0.7184	0.0000	0.1272	0.23659	0.02770	0.34138	0.011700	0.29518
6/18/2001 16:00	0.6375	0.0000	0.1151	0.26849	0.02770	0.38690	0.011700	0.34915
6/18/2001 17:00	0.6250	0.0000	0.1117	0.33386	0.03462	0.47090	0.011700	0.42416
6/18/2001 18:00	0.5819	0.0000	0.1052	0.39987	0.05540	0.42779	0.041700	0.46051
6/18/2001 19:00	0.5173	0.0000	0.0936	0.41500	0.10733	0.35199	0.011700	0.47534
6/18/2001 20:00	0.4592	0.0000	0.0837	0.37911	0.19215	0.31611	0.011700	0.49168
6/18/2001 21:00	0.4119	0.0000	0.0759	0.33180	0.27871	0.30055	0.011700	0.48020
6/18/2001 22:00	0.3618	0.0000	0.0660	0.26322	0.23370	0.24157	0.011700	0.41555
6/18/2001 23:00	0.2849	0.0000	0.0525	0.18733	0.16273	0.15890	0.011700	0.36111
6/19/2001 00:00	0.1801	0.0000	0.0344	0.10527	0.08309	0.10055	0.011700	0.29869
6/19/2001 01:00	0.1365	0.0000	0.0258	0.06606	0.05020	0.07966	0.011700	0.27502
6/19/2001 02:00	0.1128	0.0000	0.0215	0.05771	0.03289	0.06742	0.011700	0.27183
6/19/2001 03:00	0.1015	0.0000	0.0193	0.06016	0.03289	0.06007	0.011700	0.26800
6/19/2001 04:00	0.1017	0.0000	0.0192	0.08555	0.03289	0.07002	0.011700	0.25788
6/19/2001 05:00	0.1125	0.0000	0.0214	0.19944	0.03462	0.08238	0.011700	0.28777
6/19/2001 06:00	0.1572	0.0000	0.0297	0.41112	0.04674	0.13459	0.011700	0.33249
6/19/2001 07:00	0.2007	0.0000	0.0379	0.46582	0.07444	0.21032	0.041700	0.35330
6/19/2001 08:00	0.2974	0.0000	0.0552	0.44796	0.05540	0.27132	0.011700	0.29869
6/19/2001 09:00	0.4713	0.0000	0.0850	0.39923	0.03116	0.33250	0.011700	0.25421
6/19/2001 10:00	0.6468	0.0000	0.1132	0.34350	0.02770	0.34779	0.011700	0.26019
6/19/2001 11:00	0.8572	0.0000	0.1470	0.29503	0.02597	0.36309	0.011700	0.26027
6/19/2001 12:00	0.8161	0.0000	0.1400	0.25724	0.02597	0.35331	0.011700	0.25589
6/19/2001 13:00	0.9249	0.0000	0.1537	0.23597	0.02597	0.32072	0.011700	0.26473
6/19/2001 14:00	0.9784	0.0000	0.1627	0.21393	0.02597	0.29567	0.011700	0.27964
6/19/2001 15:00	1.0429	0.0000	0.1755	0.21741	0.02770	0.30433	0.011700	0.29518
6/19/2001 16:00	1.1251	0.0000	0.1895	0.24471	0.02770	0.35098	0.011700	0.34915
6/19/2001 17:00	1.2083	0.0000	0.2013	0.30471	0.03462	0.43555	0.011700	0.42416
6/19/2001 18:00	1.1877	0.0000	0.2045	0.36157	0.05540	0.39348	0.041700	0.46051
6/19/2001 19:00	0.8779	0.0000	0.1560	0.37201	0.10733	0.31774	0.011700	0.47534
6/19/2001 20:00	0.6840	0.0000	0.1226	0.33840	0.19215	0.28125	0.011700	0.49168
6/19/2001 21:00	0.5651	0.0000	0.1014	0.29787	0.27871	0.26494	0.011700	0.48020
6/19/2001 22:00	0.4522	0.0000	0.0812	0.23642	0.23370	0.21327	0.011700	0.41555
6/19/2001 23:00	0.3755	0.0000	0.0674	0.17047	0.16273	0.14336	0.011700	0.36111
6/20/2001 00:00	0.3115	0.0000	0.0559	0.09899	0.08309	0.09397	0.011700	0.29869
6/20/2001 01:00	0.2637	0.0000	0.0478	0.06594	0.05020	0.07966	0.011700	0.27502
6/20/2001 02:00	0.2234	0.0000	0.0408	0.05763	0.03289	0.06742	0.011700	0.27183
6/20/2001 03:00	0.1800	0.0000	0.0335	0.06006	0.03289	0.06007	0.011700	0.26800
6/20/2001 04:00	0.1635	0.0000	0.0305	0.08535	0.03289	0.07002	0.011700	0.25788
6/20/2001 05:00	0.1606	0.0000	0.0302	0.19881	0.03462	0.08238	0.011700	0.28777
6/20/2001 06:00	0.1899	0.0000	0.0357	0.40968	0.04674	0.13459	0.011700	0.33249
6/20/2001 07:00	0.2475	0.0000	0.0461	0.46414	0.07444	0.21032	0.041700	0.35330
6/20/2001 08:00	0.4062	0.0000	0.0735	0.44632	0.05540	0.27132	0.011700	0.29869
6/20/2001 09:00	0.5925	0.0000	0.1039	0.39776	0.03116	0.33250	0.011700	0.25421
6/20/2001 10:00	0.7565	0.0000	0.1300	0.34224	0.02770	0.34779	0.011700	0.26019
6/20/2001 11:00	0.9299	0.0000	0.1583	0.29396	0.02597	0.36309	0.011700	0.26027
6/20/2001 12:00	0.9348	0.0000	0.1542	0.25632	0.02597	0.35331	0.011700	0.25589
6/20/2001 13:00	0.9599	0.0000	0.1598	0.23515	0.02597	0.32072	0.011700	0.26473
6/20/2001 14:00	1.0998	0.0000	0.1754	0.21319	0.02597	0.29567	0.011700	0.27964
6/20/2001 15:00	1.1519	0.0000	0.1860	0.21666	0.02770	0.30433	0.011700	0.29518
6/20/2001 16:00	1.0966	0.0000	0.1828	0.24386	0.02770	0.35098	0.011700	0.34915
6/20/2001 17:00	1.1230	0.0000	0.1917	0.30365	0.03462	0.43555	0.011700	0.42416
6/20/2001 18:00	0.8463	0.0000	0.1548	0.36032	0.05540	0.39348	0.041700	0.46051
6/20/2001 19:00	0.6680	0.0000	0.1222	0.37073	0.10733	0.31774	0.011700	0.47534
6/20/2001 20:00	0.5023	0.0000	0.0938	0.33723	0.19215	0.28125	0.011700	0.49168
6/20/2001 21:00	0.4086	0.0000	0.0770	0.29684	0.27871	0.26494	0.011700	0.48020
6/20/2001 22:00	0.3244	0.0000	0.0611	0.23563	0.23370	0.21327	0.011700	0.41555
6/20/2001 23:00	0.2408	0.0000	0.0458	0.16995	0.16273	0.14336	0.011700	0.36111
6/21/2001 00:00	0.1793	0.0000	0.0341	0.09875	0.08309	0.09397	0.011700	0.29869
6/21/2001 01:00	0.1327	0.0000	0.0254	0.06581	0.05020	0.07966	0.011700	0.27502
6/21/2001 02:00	0.1099	0.0000	0.0211	0.05754	0.03289	0.06742	0.011700	0.27183
6/21/2001 03:00	0.1033	0.0000	0.0196	0.05996	0.03289	0.06007	0.011700	0.26800
6/21/2001 04:00	0.0952	0.0000	0.0182	0.08515	0.03289	0.07002	0.011700	0.25788
6/21/2001 05:00	0.0727	0.0000	0.0144	0.19819	0.03462	0.08238	0.011700	0.28777
6/21/2001 06:00	0.0000	0.0000	0.0000	0.40827	0.04674	0.13459	0.011700	0.33249
6/21/2001 07:00	0.0000	0.0000	0.0000	0.46589	0.07444	0.21032	0.041700	0.35330
6/21/2001 08:00	0.0000	0.0000	0.0000	0.44771	0.05540	0.27132	0.011700	0.29869
6/21/2001 09:00	0.1978	0.0000	0.0378	0.39691	0.03116	0.33250	0.011700	0.25421
6/21/2001 10:00	0.2839	0.0000	0.0532	0.34104	0.02770	0.34779	0.011700	0.26019
6/21/2001 11:00	0.5177	0.0000	0.0961	0.29290	0.02597	0.36309	0.011700	0.26027
6/21/2001 12:00	0.4673	0.0000	0.0843	0.25541	0.02597	0.35331	0.011700	0.25589
6/21/2001 13:00	0.4921	0.0000	0.0881	0.23433	0.02597	0.32072	0.011700	0.26473
6/21/2001 14:00	0.5217	0.0000	0.0943	0.21247	0.02597	0.29567	0.011700	0.27964
6/21/2001 15:00	0.6329	0.0000	0.1121	0.21593	0.02770	0.30433	0.011700	0.29518
6/21/2001 16:00	0.7419	0.0000	0.1315	0.24302	0.02770	0.35098	0.011700	0.34915
6/21/2001 17:00	0.8234	0.0000	0.1476	0.30260	0.03462	0.43555	0.011700	0.42416
6/21/2001 18:00	0.8928	0.0000	0.1601	0.35908	0.05540	0.39348	0.041700	0.46051
6/21/2001 19:00	0.7204	0.0000	0.1345	0.36947	0.10733	0.31774	0.011700	0.47534
6/21/2001 20:00	0.5118	0.0000	0.0974	0.33608	0.19215	0.28125	0.011700	0.49168
6/21/2001 21:00	0.1019	0.0000	0.0201	0.29583	0.27871	0.26494	0.011700	0.48020
6/21/2001 22:00	0.0000	0.0000	0.0000	0.23486	0.23370	0.21327	0.011700	0.41555
6/21/2001 23:00	0.0000	0.0000	0.0000	0.16970	0.16273	0.14336	0.011700	0.36111
6/22/2001 00:00	0.0000	0.0000	0.0000	0.09925	0.08309	0.09397	0.011700	0.29869
6/22/2001 01:00	0.0000	0.0000	0.0000	0.06748	0.05020	0.07966	0.011700	0.27502
6/22/2001 02:00	0.0000	0.0000	0.0000	0.05944	0.03289	0.06742	0.011700	0.27183
6/22/2001 03:00	0.0000	0.0000	0.0000	0.06119	0.03289	0.06007	0.011700	0.26800
6/22/2001 04:00	0.0000	0.0000	0.0000	0.08638	0.03289	0.07002	0.011700	0.25788
6/22/2001 05:00	0.0000	0.0000	0.0000	0.19932	0.03462	0.08238	0.011700	0.28777
6/22/2001 06:00	0.0000	0.0000	0.0000	0.40888	0.04674	0.13459	0.011700	0.33249
6/22/2001 07:00	0.0000	0.0000	0.0000	0.46276	0.07444	0.21032	0.041700	0.35330
6/22/2001 08:00	0.0428	0.0000	0.0082	0.44435	0.05540	0.27132	0.011700	0.29869
6/22/2001 09:00	0.2487	0.0000	0.0463	0.39493	0.03116	0.33250	0.011700	0.25421
6/22/2001 10:00	0.3886	0.0000	0.0712	0.33979	0.02770	0.34779	0.011700	0.26019
6/22/2001 11:00	0.5292	0.0000	0.0951	0.29188	0.02597	0.36309	0.011700	0.26027
6/22/2001 12:00	0.5431	0.0000	0.0967	0.25453	0.02597	0.35331	0.011700	0.25589
6/22/2001 13:00	0.5944	0.0000	0.1047	0.23354	0.02597	0.32072	0.011700	0.26473
6/22/2001 14:00	0.6669	0.0000	0.1165	0.21176	0.02597	0.29567	0.011700	0.27964
6/22/2001 15:00	0.6966	0.0000	0.1217	0.21522	0.02770	0.30433	0.011700	0.29518
6/22/2001 16:00	0.7581	0.0000	0.1310	0.24221	0.02770	0.35098	0.011700	0.34915
6/22/2001 17:00	0.8748	0.0000	0.1531	0.30158	0.03462	0.43555	0.011700	0.42416
6/22/2001 18:00	0.9592	0.0000	0.1695	0.35788	0.05540	0.39348	0.041700	0.46051
6/22/2001 19:00	0.7921	0.0000	0.1445	0.36825	0.10733	0.31774	0.011700	0.47534
6/22/2001 20:00	0.5527	0.0000	0.1039	0.33497	0.19215	0.28125	0.011700	0.49168
6/22/2001 21:00	0.3951	0.0000	0.0757	0.29485	0.27871	0.26494	0.011700	0.48020
6/22/2001 22:00	0.2807	0.0000	0.0539	0.23411	0.23370	0.21327	0.011700	0.41555
6/22/2001 23:00	0.1800	0.0000	0.0352	0.16894	0.16273	0.14336	0.011700	0.36111
6/23/2001 00:00	0.1164	0.0000	0.0227	0.09827	0.08309	0.09397	0.011700	0.29869
6/23/2001 01:00	0.0455	0.0000	0.0093	0.06558	0.05020	0.07966	0.011700	0.27502
6/23/2001 02:00	0.0000	0.0000	0.0000	0.05737	0.03289	0.06742	0.011700	0.27183
6/23/2001 03:00	0.0000	0.0000	0.0000	0.06051	0.03289	0.06007	0.011700	0.26800
6/23/2001 04:00	0.0000	0.0000	0.0000	0.08733	0.03289	0.07002	0.011700	0.25788
6/23/2001 05:00	0.0000	0.0000	0.0000	0.19941	0.03462	0.08238	0.011700	0.28777
6/23/2001 06:00	0.0000	0.0000	0.0000	0.40701	0.04674	0.13459	0.011700	0.33249
6/23/2001 07:00	0.0000	0.0000	0.0000	0.46034	0.07444	0.21032	0.041700	0.35330
6/23/2001 08:00	0.2448	0.0000	0.0456	0.44234	0.05540	0.27132	0.011700	0.29869
6/23/2001 09:00	0.3740	0.0000	0.0672	0.39356	0.03116	0.33250	0.011700	0.25421
6/23/2001 10:00	0.5389	0.0000	0.0947	0.33861	0.02770	0.34779	0.011700	0.26019
6/23/2001 11:00	0.7755	0.0000	0.1323	0.29087	0.02597	0.36309	0.011700	0.26027
6/23/2001 12:00	0.7468	0.0000	0.1274	0.25367	0.02597	0.35331	0.011700	0.25589
6/23/2001 13:00	0.8119	0.0000	0.1354	0.23277	0.02597	0.32072	0.011700	0.26473
6/23/2001 14:00	0.8778	0.0000	0.1465	0.21108	0.02597	0.29567	0.011700	0.27964
6/23/2001 15:00	0.9740	0.0000	0.1611	0.21452	0.02770	0.30433	0.011700	0.29518
6/23/2001 16:00	0.9866	0.0000	0.1703	0.24142	0.02770	0.35098	0.011700	0.34915
6/23/2001 17:00	1.0494	0.0000	0.1813	0.30058	0.03462	0.43555	0.011700	0.42416
6/23/2001 18:00	1.0781	0.0000	0.1885	0.35670	0.05540	0.39348	0.041700	0.46051
6/23/2001 19:00	0.8581	0.0000	0.1546	0.36704	0.10733	0.31774	0.011700	0.47534
6/23/2001 20:00	0.5708	0.0000	0.1080	0.33387	0.19215	0.28125	0.011700	0.49168
6/23/2001 21:00	0.3675	0.0000	0.0696	0.29389	0.27871	0.26494	0.011700	0.48020
6/23/2001 22:00	0.2183	0.0000	0.0418	0.23338	0.23370	0.21327	0.011700	0.41555
6/23/2001 23:00	0.0000	0.0000	0.0000	0.16845	0.16273	0.14336	0.011700	0.36111
6/24/2001 00:00	0.0000	0.0000	0.0000	0.09848	0.08309	0.09397	0.011700	0.29869
6/24/2001 01:00	0.0000	0.0000	0.0000	0.06924	0.05020	0.08360	0.011700	0.27502
6/24/2001 02:00	0.0641	0.0000	0.0124	0.05978	0.03289	0.07003	0.011700	0.27183
6/24/2001 03:00	0.0535	0.0000	0.0103	0.06214	0.03289	0.06144	0.011700	0.26800
6/24/2001 04:00	0.0171	0.0000	0.0033	0.08957	0.03289	0.07269	0.011700	0.25788
6/24/2001 05:00	0.0226	0.0000	0.0044	0.21120	0.03462	0.08648	0.011700	0.28777
6/24/2001 06:00	0.0675	0.0000	0.0129	0.43825	0.04674	0.14521	0.011700	0.33249
6/24/2001 07:00	0.1509	0.0000	0.0285	0.49832	0.07444	0.23148	0.041700	0.35330
6/24/2001 08:00	0.3178	0.0000	0.0589	0.48174	0.05540	0.30375	0.011700	0.29869
6/24/2001 09:00	0.5485	0.0000	0.0970	0.42984	0.03116	0.37753	0.011700	0.25421
6/24/2001 10:00	0.7123	0.0000	0.1235	0.36939	0.02770	0.39871	0.011700	0.26019
6/24/2001 11:00	0.9592	0.0000	0.1613	0.31622	0.02597	0.41558	0.011700	0.26027
6/24/2001 12:00	0.9327	0.0000	0.1536	0.27556	0.02597	0.40112	0.011700	0.25589
6/24/2001 13:00	0.9833	0.0000	0.1620	0.25174	0.02597	0.36431	0.011700	0.26473
6/24/2001 14:00	1.0356	0.0000	0.1688	0.22830	0.02597	0.33480	0.011700	0.27964
6/24/2001 15:00	1.0719	0.0000	0.1786	0.23177	0.02770	0.34138	0.011700	0.29518
6/24/2001 16:00	1.0371	0.0000	0.1770	0.26296	0.02770	0.38690	0.011700	0.34915
6/24/2001 17:00	1.0462	0.0000	0.1767	0.32697	0.03462	0.47090	0.011700	0.42416
6/24/2001 18:00	1.0833	0.0000	0.1870	0.39168	0.05540	0.42779	0.041700	0.46051
6/24/2001 19:00	0.8672	0.0000	0.1546	0.40658	0.10733	0.35199	0.011700	0.47534
6/24/2001 20:00	0.5900	0.0000	0.1105	0.37139	0.19215	0.31611	0.011700	0.49168
6/24/2001 21:00	0.4388	0.0000	0.0830	0.32504	0.27871	0.30055	0.011700	0.48020
6/24/2001 22:00	0.3274	0.0000	0.0614	0.25804	0.23370	0.24157	0.011700	0.41555
6/24/2001 23:00	0.2176	0.0000	0.0416	0.18393	0.16273	0.15890	0.011700	0.36111
6/25/2001 00:00	0.1381	0.0000	0.0266	0.10369	0.08309	0.10055	0.011700	0.29869
6/25/2001 01:00	0.0896	0.0000	0.0174	0.06834	0.05020	0.08360	0.011700	0.27502
6/25/2001 02:00	0.0561	0.0000	0.0110	0.05947	0.03289	0.07003	0.011700	0.27183
6/25/2001 03:00	0.0355	0.0000	0.0070	0.06203	0.03289	0.06144	0.011700	0.26800
6/25/2001 04:00	0.0238	0.0000	0.0047	0.08937	0.03289	0.07269	0.011700	0.25788
6/25/2001 05:00	0.0236	0.0000	0.0047	0.21058	0.03462	0.08648	0.011700	0.28777
6/25/2001 06:00	0.0515	0.0000	0.0102	0.43683	0.04674	0.14521	0.011700	0.33249
6/25/2001 07:00	0.1297	0.0000	0.0249	0.49666	0.07444	0.23148	0.041700	0.35330
6/25/2001 08:00	0.3062	0.0000	0.0561	0.48010	0.05540	0.30375	0.011700	0.29869
6/25/2001 09:00	0.5093	0.0000	0.0897	0.42836	0.03116	0.37753	0.011700	0.25421
6/25/2001 10:00	0.6775	0.0000	0.1157	0.36812	0.02770	0.39871	0.011700	0.26019
6/25/2001 11:00	0.9311	0.0000	0.1539	0.31515	0.02597	0.41558	0.011700	0.26027
6/25/2001 12:00	0.8877	0.0000	0.1451	0.27463	0.02597	0.40112	0.011700	0.25589
6/25/2001 13:00	0.9468	0.0000	0.1532	0.25091	0.02597	0.36431	0.011700	0.26473
6/25/2001 14:00	0.9651	0.0000	0.1596	0.22757	0.02597	0.33480	0.011700	0.27964
6/25/2001 15:00	1.0761	0.0000	0.1760	0.23103	0.02770	0.34138	0.011700	0.29518
6/25/2001 16:00	1.1890	0.0000	0.1926	0.26211	0.02770	0.38690	0.011700	0.34915
6/25/2001 17:00	1.2266	0.0000	0.2032	0.32590	0.03462	0.47090	0.011700	0.42416
6/25/2001 18:00	1.2531	0.0000	0.2122	0.39042	0.05540	0.42779	0.041700	0.46051
6/25/2001 19:00	0.9501	0.0000	0.1679	0.40527	0.10733	0.35199	0.011700	0.47534
6/25/2001 20:00	0.6348	0.0000	0.1180	0.37020	0.19215	0.31611	0.011700	0.49168
6/25/2001 21:00	0.4671	0.0000	0.0878	0.32400	0.27871	0.30055	0.011700	0.48020
6/25/2001 22:00	0.3299	0.0000	0.0626	0.25724	0.23370	0.24157	0.011700	0.41555
6/25/2001 23:00	0.2373	0.0000	0.0450	0.18341	0.16273	0.15890	0.011700	0.36111
6/26/2001 00:00	0.1573	0.0000	0.0302	0.10344	0.08309	0.10055	0.011700	0.29869
6/26/2001 01:00	0.1158	0.0000	0.0222	0.06524	0.05020	0.07966	0.011700	0.27502
6/26/2001 02:00	0.0000	0.0000	0.0000	0.05714	0.03289	0.06742	0.011700	0.27183
6/26/2001 03:00	0.0000	0.0000	0.0000	0.06006	0.03289	0.06007	0.011700	0.26800
6/26/2001 04:00	0.0000	0.0000	0.0000	0.08535	0.03289	0.07002	0.011700	0.25788
6/26/2001 05:00	0.0000	0.0000	0.0000	0.19639	0.03462	0.08238	0.011700	0.28777
6/26/2001 06:00	0.0000	0.0000	0.0000	0.40291	0.04674	0.13459	0.011700	0.33249
6/26/2001 07:00	0.0198	0.0000	0.0038	0.45597	0.07444	0.21032	0.041700	0.35330
6/26/2001 08:00	0.2756	0.0000	0.0505	0.43722	0.05540	0.27132	0.011700	0.29869
6/26/2001 09:00	0.5091	0.0000	0.0901	0.38958	0.03116	0.33250	0.011700	0.25421
6/26/2001 10:00	0.7179	0.0000	0.1231	0.33521	0.02770	0.34779	0.011700	0.26019
6/26/2001 11:00	0.9935	0.0000	0.1651	0.28800	0.02597	0.36309	0.011700	0.26027
6/26/2001 12:00	0.9610	0.0000	0.1564	0.25120	0.02597	0.35331	0.011700	0.25589
6/26/2001 13:00	1.0245	0.0000	0.1652	0.23056	0.02597	0.32072	0.011700	0.26473
6/26/2001 14:00	1.0910	0.0000	0.1739	0.20911	0.02597	0.29567	0.011700	0.27964
6/26/2001 15:00	1.1625	0.0000	0.1877	0.21253	0.02770	0.30433	0.011700	0.29518
6/26/2001 16:00	1.2546	0.0000	0.2027	0.23914	0.02770	0.35098	0.011700	0.34915
6/26/2001 17:00	1.3083	0.0000	0.2136	0.29773	0.03462	0.43555	0.011700	0.42416
6/26/2001 18:00	1.3184	0.0000	0.2227	0.35333	0.05540	0.39348	0.041700	0.46051
6/26/2001 19:00	1.0149	0.0000	0.1772	0.36361	0.10733	0.31774	0.011700	0.47534
6/26/2001 20:00	0.6997	0.0000	0.1271	0.33075	0.19215	0.28125	0.011700	0.49168
6/26/2001 21:00	0.5108	0.0000	0.0947	0.29114	0.27871	0.26494	0.011700	0.48020
6/26/2001 22:00	0.3800	0.0000	0.0705	0.23128	0.23370	0.21327	0.011700	0.41555
6/26/2001 23:00	0.2873	0.0000	0.0533	0.16707	0.16273	0.14336	0.011700	0.36111
6/27/2001 00:00	0.2036	0.0000	0.0382	0.09738	0.08309	0.09397	0.011700	0.29869
6/27/2001 01:00	0.1611	0.0000	0.0302	0.06514	0.05020	0.07966	0.011700	0.27502
6/27/2001 02:00	0.1285	0.0000	0.0243	0.05706	0.03289	0.06742	0.011700	0.27183
6/27/2001 03:00	0.1040	0.0000	0.0198	0.05943	0.03289	0.06007	0.011700	0.26800
6/27/2001 04:00	0.0870	0.0000	0.0167	0.08407	0.03289	0.07002	0.011700	0.25788
6/27/2001 05:00	0.0843	0.0000	0.0163	0.19476	0.03462	0.08238	0.011700	0.28777
6/27/2001 06:00	0.1295	0.0000	0.0248	0.40044	0.04674	0.13459	0.011700	0.33249
6/27/2001 07:00	0.2023	0.0000	0.0381	0.45334	0.07444	0.21032	0.041700	0.35330
6/27/2001 08:00	0.3452	0.0000	0.0631	0.43582	0.05540	0.27132	0.011700	0.29869
6/27/2001 09:00	0.5411	0.0000	0.0951	0.38833	0.03116	0.33250	0.011700	0.25421
6/27/2001 10:00	0.6901	0.0000	0.1188	0.33414	0.02770	0.34779	0.011700	0.26019
6/27/2001 11:00	0.8968	0.0000	0.1512	0.28709	0.02597	0.36309	0.011700	0.26027
6/27/2001 12:00	0.8687	0.0000	0.1449	0.25042	0.02597	0.35331	0.011700	0.25589
6/27/2001 13:00	0.9758	0.0000	0.1592	0.22986	0.02597	0.32072	0.011700	0.26473
6/27/2001 14:00	1.0814	0.0000	0.1727	0.20848	0.02597	0.29567	0.011700	0.27964
6/27/2001 15:00	1.1386	0.0000	0.1841	0.21190	0.02770	0.30433	0.011700	0.29518
6/27/2001 16:00	1.1592	0.0000	0.1935	0.23842	0.02770	0.35098	0.011700	0.34915
6/27/2001 17:00	1.2080	0.0000	0.2018	0.29682	0.03462	0.43555	0.011700	0.42416
6/27/2001 18:00	1.1914	0.0000	0.2057	0.35226	0.05540	0.39348	0.041700	0.46051
6/27/2001 19:00	0.9205	0.0000	0.1642	0.36252	0.10733	0.31774	0.011700	0.47534
6/27/2001 20:00	0.6524	0.0000	0.1197	0.32975	0.19215	0.28125	0.011700	0.49168
6/27/2001 21:00	0.4967	0.0000	0.0922	0.29027	0.27871	0.26494	0.011700	0.48020
6/27/2001 22:00	0.3614	0.0000	0.0678	0.23061	0.23370	0.21327	0.011700	0.41555
6/27/2001 23:00	0.2447	0.0000	0.0467	0.16663	0.16273	0.14336	0.011700	0.36111
6/28/2001 00:00	0.1694	0.0000	0.0324	0.09717	0.08309	0.09397	0.011700	0.29869
6/28/2001 01:00	0.1179	0.0000	0.0227	0.06504	0.05020	0.07966	0.011700	0.27502
6/28/2001 02:00	0.0926	0.0000	0.0178	0.05699	0.03289	0.06742	0.011700	0.27183
6/28/2001 03:00	0.0815	0.0000	0.0155	0.05935	0.03289	0.06007	0.011700	0.26800
6/28/2001 04:00	0.0000	0.0000	0.0000	0.08390	0.03289	0.07002	0.011700	0.25788
6/28/2001 05:00	0.0000	0.0000	0.0000	0.19488	0.03462	0.08238	0.011700	0.28777
6/28/2001 06:00	0.0078	0.0000	0.0015	0.39987	0.04674	0.13459	0.011700	0.33249
6/28/2001 07:00	0.2638	0.0000	0.0479	0.45195	0.07444	0.21032	0.041700	0.35330
6/28/2001 08:00	0.3090	0.0000	0.0552	0.43446	0.05540	0.27132	0.011700	0.29869
6/28/2001 09:00	0.5765	0.0000	0.0999	0.38711	0.03116	0.33250	0.011700	0.25421
6/28/2001 10:00	0.7819	0.0000	0.1327	0.33309	0.02770	0.34779	0.011700	0.26019
6/28/2001 11:00	1.0648	0.0000	0.1768	0.28621	0.02597	0.36309	0.011700	0.26027
6/28/2001 12:00	1.0431	0.0000	0.1716	0.24966	0.02597	0.35331	0.011700	0.25589
6/28/2001 13:00	1.0687	0.0000	0.1759	0.22918	0.02597	0.32072	0.011700	0.26473
6/28/2001 14:00	1.0547	0.0000	0.1754	0.20787	0.02597	0.29567	0.011700	0.27964
6/28/2001 15:00	1.0348	0.0000	0.1762	0.21128	0.02770	0.30433	0.011700	0.29518
6/28/2001 16:00	1.0406	0.0000	0.1754	0.23772	0.02770	0.35098	0.011700	0.34915
6/28/2001 17:00	0.9033	0.0000	0.1573	0.29594	0.03462	0.43555	0.011700	0.42416
6/28/2001 18:00	0.9322	0.0000	0.1639	0.35122	0.05540	0.39348	0.041700	0.46051
6/28/2001 19:00	0.7561	0.0000	0.1358	0.36146	0.10733	0.31774	0.011700	0.47534
6/28/2001 20:00	0.6382	0.0000	0.1136	0.32879	0.19215	0.28125	0.011700	0.49168
6/28/2001 21:00	0.4308	0.0000	0.0819	0.28942	0.27871	0.26494	0.011700	0.48020
6/28/2001 22:00	0.2818	0.0000	0.0545	0.22997	0.23370	0.21327	0.011700	0.41555
6/28/2001 23:00	0.2001	0.0000	0.0387	0.16620	0.16273	0.14336	0.011700	0.36111
6/29/2001 00:00	0.1461	0.0000	0.0280	0.09697	0.08309	0.09397	0.011700	0.29869
6/29/2001 01:00	0.1227	0.0000	0.0233	0.06494	0.05020	0.07966	0.011700	0.27502
6/29/2001 02:00	0.1087	0.0000	0.0207	0.05692	0.03289	0.06742	0.011700	0.27183
6/29/2001 03:00	0.1093	0.0000	0.0206	0.05927	0.03289	0.06007	0.011700	0.26800
6/29/2001 04:00	0.1106	0.0000	0.0208	0.08374	0.03289	0.07002	0.011700	0.25788
6/29/2001 05:00	0.1228	0.0000	0.0233	0.19373	0.03462	0.08238	0.011700	0.28777
6/29/2001 06:00	0.1678	0.0000	0.0315	0.39809	0.04674	0.13459	0.011700	0.33249
6/29/2001 07:00	0.2025	0.0000	0.0377	0.45059	0.07444	0.21032	0.041700	0.35330
6/29/2001 08:00	0.2509	0.0000	0.0454	0.43314	0.05540	0.27132	0.011700	0.29869
6/29/2001 09:00	0.4151	0.0000	0.0736	0.38592	0.03116	0.33250	0.011700	0.25421
6/29/2001 10:00	0.5120	0.0000	0.0907	0.33207	0.02770	0.34779	0.011700	0.26019
6/29/2001 11:00	0.7078	0.0000	0.1240	0.28534	0.02597	0.36309	0.011700	0.26027
6/29/2001 12:00	0.7153	0.0000	0.1242	0.24891	0.02597	0.35331	0.011700	0.25589
6/29/2001 13:00	0.8098	0.0000	0.1391	0.22851	0.02597	0.32072	0.011700	0.26473
6/29/2001 14:00	0.7672	0.0000	0.1360	0.20728	0.02597	0.29567	0.011700	0.27964
6/29/2001 15:00	0.7640	0.0000	0.1366	0.21068	0.02770	0.30433	0.011700	0.29518
6/29/2001 16:00	0.9044	0.0000	0.1573	0.23704	0.02770	0.35098	0.011700	0.34915
6/29/2001 17:00	0.9163	0.0000	0.1595	0.29509	0.03462	0.43555	0.011700	0.42416
6/29/2001 18:00	0.9081	0.0000	0.1595	0.35021	0.05540	0.39348	0.041700	0.46051
6/29/2001 19:00	0.7042	0.0000	0.1276	0.36043	0.10733	0.31774	0.011700	0.47534
6/29/2001 20:00	0.5601	0.0000	0.1024	0.32785	0.19215	0.28125	0.011700	0.49168
6/29/2001 21:00	0.4216	0.0000	0.0793	0.28860	0.27871	0.26494	0.011700	0.48020
6/29/2001 22:00	0.3009	0.0000	0.0576	0.22933	0.23370	0.21327	0.011700	0.41555
6/29/2001 23:00	0.2251	0.0000	0.0431	0.16578	0.16273	0.14336	0.011700	0.36111
6/30/2001 00:00	0.1429	0.0000	0.0278	0.09677	0.08309	0.09397	0.011700	0.29869
6/30/2001 01:00	0.1011	0.0000	0.0197	0.06484	0.05020	0.07966	0.011700	0.27502
6/30/2001 02:00	0.0000	0.0000	0.0000	0.05685	0.03289	0.06742	0.011700	0.27183
6/30/2001 03:00	0.0000	0.0000	0.0000	0.05971	0.03289	0.06007	0.011700	0.26800
6/30/2001 04:00	0.0000	0.0000	0.0000	0.08453	0.03289	0.07002	0.011700	0.25788
6/30/2001 05:00	0.0088	0.0000	0.0017	0.19423	0.03462	0.08238	0.011700	0.28777
6/30/2001 06:00	0.1244	0.0000	0.0240	0.39696	0.04674	0.13459	0.011700	0.33249
6/30/2001 07:00	0.2334	0.0000	0.0434	0.44928	0.07444	0.21032	0.041700	0.35330
6/30/2001 08:00	0.4668	0.0000	0.0837	0.43186	0.05540	0.27132	0.011700	0.29869
6/30/2001 09:00	0.6133	0.0000	0.1090	0.38477	0.03116	0.33250	0.011700	0.25421
6/30/2001 10:00	0.7924	0.0000	0.1382	0.33109	0.02770	0.34779	0.011700	0.26019
6/30/2001 11:00	0.9956	0.0000	0.1704	0.28451	0.02597	0.36309	0.011700	0.26027
6/30/2001 12:00	1.0256	0.0000	0.1701	0.24820	0.02597	0.35331	0.011700	0.25589
6/30/2001 13:00	1.0625	0.0000	0.1747	0.22787	0.02597	0.32072	0.011700	0.26473
6/30/2001 14:00	1.0631	0.0000	0.1766	0.20671	0.02597	0.29567	0.011700	0.27964
6/30/2001 15:00	1.1577	0.0000	0.1884	0.21010	0.02770	0.30433	0.011700	0.29518
6/30/2001 16:00	1.1819	0.0000	0.1947	0.23637	0.02770	0.35098	0.011700	0.34915
6/30/2001 17:00	1.2474	0.0000	0.2057	0.29426	0.03462	0.43555	0.011700	0.42416
6/30/2001 18:00	1.3009	0.0000	0.2193	0.34923	0.05540	0.39348	0.041700	0.46051
6/30/2001 19:00	1.0113	0.0000	0.1761	0.35943	0.10733	0.31774	0.011700	0.47534
6/30/2001 20:00	0.7580	0.0000	0.1347	0.32694	0.19215	0.28125	0.011700	0.49168
6/30/2001 21:00	0.6010	0.0000	0.1078	0.28780	0.27871	0.26494	0.011700	0.48020
6/30/2001 22:00	0.4629	0.0000	0.0839	0.22872	0.23370	0.21327	0.011700	0.41555
6/30/2001 23:00	0.3561	0.0000	0.0651	0.16538	0.16273	0.14336	0.011700	0.36111
7/1/2001 00:00	0.2707	0.0000	0.0499	0.09658	0.08309	0.09397	0.011700	0.29869
7/1/2001 01:00	0.2131	0.0000	0.0395	0.06766	0.05123	0.08360	0.011700	0.27502
7/1/2001 02:00	0.1716	0.0000	0.0321	0.05900	0.03357	0.07003	0.011700	0.27183
7/1/2001 03:00	0.1416	0.0000	0.0267	0.06150	0.03357	0.06144	0.011700	0.26800
7/1/2001 04:00	0.1208	0.0000	0.0230	0.08829	0.03357	0.07269	0.011700	0.25788
7/1/2001 05:00	0.1179	0.0000	0.0226	0.20719	0.03533	0.08648	0.011700	0.28777
7/1/2001 06:00	0.1465	0.0000	0.0283	0.42910	0.04947	0.14521	0.011700	0.33249
7/1/2001 07:00	0.1629	0.0000	0.0312	0.48757	0.08127	0.23148	0.041700	0.35330
7/1/2001 08:00	0.2605	0.0000	0.0486	0.47118	0.06183	0.30375	0.011700	0.29869
7/1/2001 09:00	0.4711	0.0000	0.0845	0.42031	0.03357	0.37753	0.011700	0.25421
7/1/2001 10:00	0.6470	0.0000	0.1128	0.36119	0.02827	0.39871	0.011700	0.26019
7/1/2001 11:00	0.8399	0.0000	0.1434	0.30928	0.02827	0.41558	0.011700	0.26027
7/1/2001 12:00	0.8353	0.0000	0.1395	0.26958	0.02827	0.40112	0.011700	0.25589
7/1/2001 13:00	0.9206	0.0000	0.1504	0.24640	0.02827	0.36431	0.011700	0.26473
7/1/2001 14:00	0.9931	0.0000	0.1607	0.22354	0.02827	0.33480	0.011700	0.27964
7/1/2001 15:00	1.1543	0.0000	0.1847	0.22697	0.02827	0.34138	0.011700	0.29518
7/1/2001 16:00	1.0669	0.0000	0.1783	0.25745	0.03003	0.38690	0.011700	0.34915
7/1/2001 17:00	1.1216	0.0000	0.1897	0.32010	0.03533	0.47090	0.011700	0.42416
7/1/2001 18:00	1.1140	0.0000	0.1925	0.38352	0.05653	0.42779	0.041700	0.46051
7/1/2001 19:00	0.9063	0.0000	0.1585	0.39817	0.10777	0.35199	0.011700	0.47534
7/1/2001 20:00	0.6957	0.0000	0.1241	0.36369	0.19433	0.31611	0.011700	0.49168
7/1/2001 21:00	0.5614	0.0000	0.1011	0.31831	0.28090	0.30055	0.011700	0.48020
7/1/2001 22:00	0.4333	0.0000	0.0789	0.25289	0.23497	0.24157	0.011700	0.41555
7/1/2001 23:00	0.3337	0.0000	0.0613	0.18055	0.16253	0.15890	0.011700	0.36111
7/2/2001 00:00	0.2469	0.0000	0.0458	0.10212	0.08480	0.10055	0.011700	0.29869
7/2/2001 01:00	0.2013	0.0000	0.0373	0.06756	0.05123	0.08360	0.011700	0.27502
7/2/2001 02:00	0.1594	0.0000	0.0299	0.05893	0.03357	0.07003	0.011700	0.27183
7/2/2001 03:00	0.1320	0.0000	0.0249	0.06142	0.03357	0.06144	0.011700	0.26800
7/2/2001 04:00	0.1098	0.0000	0.0209	0.08813	0.03357	0.07269	0.011700	0.25788
7/2/2001 05:00	0.1174	0.0000	0.0223	0.20669	0.03533	0.08648	0.011700	0.28777
7/2/2001 06:00	0.1591	0.0000	0.0300	0.42794	0.04947	0.14521	0.011700	0.33249
7/2/2001 07:00	0.2621	0.0000	0.0475	0.48620	0.08127	0.23148	0.041700	0.35330
7/2/2001 08:00	0.3788	0.0000	0.0674	0.46984	0.06183	0.30375	0.011700	0.29869
7/2/2001 09:00	0.6010	0.0000	0.1035	0.41910	0.03357	0.37753	0.011700	0.25421
7/2/2001 10:00	0.8396	0.0000	0.1399	0.36015	0.02827	0.39871	0.011700	0.26019
7/2/2001 11:00	1.1427	0.0000	0.1863	0.30841	0.02827	0.41558	0.011700	0.26027
7/2/2001 12:00	1.0914	0.0000	0.1763	0.26883	0.02827	0.40112	0.011700	0.25589
7/2/2001 13:00	1.1333	0.0000	0.1831	0.24572	0.02827	0.36431	0.011700	0.26473
7/2/2001 14:00	1.1394	0.0000	0.1842	0.22294	0.02827	0.33480	0.011700	0.27964
7/2/2001 15:00	1.1426	0.0000	0.1888	0.22637	0.02827	0.34138	0.011700	0.29518
7/2/2001 16:00	1.1897	0.0000	0.1968	0.25675	0.03003	0.38690	0.011700	0.34915
7/2/2001 17:00	1.2022	0.0000	0.2009	0.31923	0.03533	0.47090	0.011700	0.42416
7/2/2001 18:00	1.1911	0.0000	0.2038	0.38248	0.05653	0.42779	0.041700	0.46051
7/2/2001 19:00	0.9401	0.0000	0.1643	0.39711	0.10777	0.35199	0.011700	0.47534
7/2/2001 20:00	0.7079	0.0000	0.1263	0.36272	0.19433	0.31611	0.011700	0.49168
7/2/2001 21:00	0.5468	0.0000	0.0995	0.31745	0.28090	0.30055	0.011700	0.48020
7/2/2001 22:00	0.4310	0.0000	0.0785	0.25223	0.23497	0.24157	0.011700	0.41555
7/2/2001 23:00	0.3437	0.0000	0.0626	0.18012	0.16253	0.15890	0.011700	0.36111
7/3/2001 00:00	0.2608	0.0000	0.0479	0.10192	0.08480	0.10055	0.011700	0.29869
7/3/2001 01:00	0.1935	0.0000	0.0363	0.06457	0.05123	0.07966	0.011700	0.27502
7/3/2001 02:00	0.1710	0.0000	0.0317	0.05666	0.03357	0.06742	0.011700	0.27183
7/3/2001 03:00	0.1414	0.0000	0.0267	0.05898	0.03357	0.06007	0.011700	0.26800
7/3/2001 04:00	0.1298	0.0000	0.0245	0.08314	0.03357	0.07002	0.011700	0.25788
7/3/2001 05:00	0.1393	0.0000	0.0263	0.19184	0.03533	0.08238	0.011700	0.28777
7/3/2001 06:00	0.1768	0.0000	0.0333	0.39377	0.04947	0.13459	0.011700	0.33249
7/3/2001 07:00	0.3094	0.0000	0.0561	0.44556	0.08127	0.21032	0.041700	0.35330
7/3/2001 08:00	0.4525	0.0000	0.0796	0.42824	0.06183	0.27132	0.011700	0.29869
7/3/2001 09:00	0.6799	0.0000	0.1160	0.38152	0.03357	0.33250	0.011700	0.25421
7/3/2001 10:00	0.8397	0.0000	0.1415	0.32830	0.02827	0.34779	0.011700	0.26019
7/3/2001 11:00	1.0699	0.0000	0.1765	0.28214	0.02827	0.36309	0.011700	0.26027
7/3/2001 12:00	1.0233	0.0000	0.1653	0.24616	0.02827	0.35331	0.011700	0.25589
7/3/2001 13:00	1.0096	0.0000	0.1666	0.22604	0.02827	0.32072	0.011700	0.26473
7/3/2001 14:00	1.0448	0.0000	0.1688	0.20508	0.02827	0.29567	0.011700	0.27964
7/3/2001 15:00	1.1575	0.0000	0.1849	0.20846	0.02827	0.30433	0.011700	0.29518
7/3/2001 16:00	1.2358	0.0000	0.1998	0.23450	0.03003	0.35098	0.011700	0.34915
7/3/2001 17:00	1.2375	0.0000	0.2046	0.29190	0.03533	0.43555	0.011700	0.42416
7/3/2001 18:00	1.1851	0.0000	0.2025	0.34645	0.05653	0.39348	0.041700	0.46051
7/3/2001 19:00	0.8865	0.0000	0.1547	0.35660	0.10777	0.31774	0.011700	0.47534
7/3/2001 20:00	0.6885	0.0000	0.1227	0.32436	0.19433	0.28125	0.011700	0.49168
7/3/2001 21:00	0.5719	0.0000	0.1029	0.28553	0.28090	0.26494	0.011700	0.48020
7/3/2001 22:00	0.4732	0.0000	0.0851	0.22699	0.23497	0.21327	0.011700	0.41555
7/3/2001 23:00	0.3952	0.0000	0.0711	0.16423	0.16253	0.14336	0.011700	0.36111
7/4/2001 00:00	0.3319	0.0000	0.0597	0.09603	0.08480	0.09397	0.011700	0.29869
7/4/2001 01:00	0.2985	0.0000	0.0537	0.06448	0.05123	0.07966	0.011700	0.27502
7/4/2001 02:00	0.2836	0.0000	0.0510	0.05660	0.03357	0.06742	0.011700	0.27183
7/4/2001 03:00	0.2695	0.0000	0.0484	0.05891	0.03357	0.06007	0.011700	0.26800
7/4/2001 04:00	0.2453	0.0000	0.0445	0.08301	0.03357	0.07002	0.011700	0.25788
7/4/2001 05:00	0.2287	0.0000	0.0423	0.19141	0.03533	0.08238	0.011700	0.28777
7/4/2001 06:00	0.2587	0.0000	0.0478	0.39278	0.04947	0.13459	0.011700	0.33249
7/4/2001 07:00	0.3928	0.0000	0.0705	0.44440	0.08127	0.21032	0.041700	0.35330
7/4/2001 08:00	0.5433	0.0000	0.0936	0.42711	0.06183	0.27132	0.011700	0.29869
7/4/2001 09:00	0.7500	0.0000	0.1265	0.38051	0.03357	0.33250	0.011700	0.25421
7/4/2001 10:00	0.9369	0.0000	0.1546	0.32743	0.02827	0.34779	0.011700	0.26019
7/4/2001 11:00	1.1357	0.0000	0.1874	0.28140	0.02827	0.36309	0.011700	0.26027
7/4/2001 12:00	1.0651	0.0000	0.1758	0.24553	0.02827	0.35331	0.011700	0.25589
7/4/2001 13:00	1.1023	0.0000	0.1781	0.22548	0.02827	0.32072	0.011700	0.26473
7/4/2001 14:00	1.1319	0.0000	0.1830	0.20458	0.02827	0.29567	0.011700	0.27964
7/4/2001 15:00	1.2243	0.0000	0.1956	0.20795	0.02827	0.30433	0.011700	0.29518
7/4/2001 16:00	0.8734	0.0000	0.1566	0.23391	0.03003	0.35098	0.011700	0.34915
7/4/2001 17:00	0.6997	0.0000	0.1292	0.29117	0.03533	0.43555	0.011700	0.42416
7/4/2001 18:00	0.5025	0.0000	0.0956	0.34559	0.05653	0.39348	0.041700	0.46051
7/4/2001 19:00	0.4202	0.0000	0.0800	0.35571	0.10777	0.31774	0.011700	0.47534
7/4/2001 20:00	0.3593	0.0000	0.0684	0.32355	0.19433	0.28125	0.011700	0.49168
7/4/2001 21:00	0.3469	0.0000	0.0648	0.28482	0.28090	0.26494	0.011700	0.48020
7/4/2001 22:00	0.2928	0.0000	0.0552	0.22645	0.23497	0.21327	0.011700	0.41555
7/4/2001 23:00	0.2315	0.0000	0.0440	0.16387	0.16253	0.14336	0.011700	0.36111
7/5/2001 00:00	0.1738	0.0000	0.0333	0.09586	0.08480	0.09397	0.011700	0.29869
7/5/2001 01:00	0.1420	0.0000	0.0272	0.06440	0.05123	0.07966	0.011700	0.27502
7/5/2001 02:00	0.0000	0.0000	0.0000	0.05654	0.03357	0.06742	0.011700	0.27183
7/5/2001 03:00	0.0651	0.0000	0.0125	0.05935	0.03357	0.06007	0.011700	0.26800
7/5/2001 04:00	0.1236	0.0000	0.0234	0.08289	0.03357	0.07002	0.011700	0.25788
7/5/2001 05:00	0.1376	0.0000	0.0260	0.19099	0.03533	0.08238	0.011700	0.28777
7/5/2001 06:00	0.1978	0.0000	0.0369	0.39183	0.04947	0.13459	0.011700	0.33249
7/5/2001 07:00	0.3600	0.0000	0.0648	0.44328	0.08127	0.21032	0.041700	0.35330
7/5/2001 08:00	0.5432	0.0000	0.0950	0.42603	0.06183	0.27132	0.011700	0.29869
7/5/2001 09:00	0.7528	0.0000	0.1290	0.37953	0.03357	0.33250	0.011700	0.25421
7/5/2001 10:00	0.9468	0.0000	0.1590	0.32659	0.02827	0.34779	0.011700	0.26019
7/5/2001 11:00	1.2312	0.0000	0.1982	0.28069	0.02827	0.36309	0.011700	0.26027
7/5/2001 12:00	1.1357	0.0000	0.1808	0.24492	0.02827	0.35331	0.011700	0.25589
7/5/2001 13:00	1.2167	0.0000	0.1896	0.22493	0.02827	0.32072	0.011700	0.26473
7/5/2001 14:00	1.3231	0.0000	0.2042	0.20409	0.02827	0.29567	0.011700	0.27964
7/5/2001 15:00	1.3829	0.0000	0.2157	0.20746	0.02827	0.30433	0.011700	0.29518
7/5/2001 16:00	1.2530	0.0000	0.1978	0.23335	0.03003	0.35098	0.011700	0.34915
7/5/2001 17:00	0.8635	0.0000	0.1618	0.29046	0.03533	0.43555	0.011700	0.42416
7/5/2001 18:00	0.7588	0.0000	0.1413	0.34476	0.05653	0.39348	0.041700	0.46051
7/5/2001 19:00	0.7606	0.0000	0.1364	0.35487	0.10777	0.31774	0.011700	0.47534
7/5/2001 20:00	0.6333	0.0000	0.1136	0.32278	0.19433	0.28125	0.011700	0.49168
7/5/2001 21:00	0.5512	0.0000	0.0989	0.28414	0.28090	0.26494	0.011700	0.48020
7/5/2001 22:00	0.4619	0.0000	0.0829	0.22594	0.23497	0.21327	0.011700	0.41555
7/5/2001 23:00	0.3883	0.0000	0.0697	0.16353	0.16253	0.14336	0.011700	0.36111
