Date/Time	Cooling (E)	Heating (E)	HVAC Fan/Pump (E)	Hot Water (E)	Lights (E)	Lg. Appl. (E)	Vent Fan (E)	Misc. (E)
	kWh	kWh	kWh	kWh	kWh	kWh	kWh	kWh
3/4/2001 00:00	0.0000	0.3396	0.0209	0.14705	0.08382	0.10055	0.011700	0.29869
3/4/2001 01:00	0.0000	0.1710	0.0105	0.09212	0.04977	0.08360	0.011700	0.27502
3/4/2001 02:00	0.0000	0.2593	0.0160	0.07723	0.03405	0.07003	0.011700	0.27183
3/4/2001 03:00	0.0000	0.2968	0.0183	0.08142	0.03405	0.06144	0.011700	0.26800
3/4/2001 04:00	0.0000	0.3001	0.0185	0.12556	0.03405	0.07269	0.011700	0.25788
3/4/2001 05:00	0.0000	0.2530	0.0156	0.31671	0.03667	0.08648	0.011700	0.28777
3/4/2001 06:00	0.0000	0.1291	0.0079	0.67504	0.05763	0.14521	0.011700	0.33249
3/4/2001 07:00	0.0000	0.1756	0.0108	0.77597	0.10216	0.23148	0.041700	0.35330
3/4/2001 08:00	0.0000	0.0000	0.0000	0.75446	0.08121	0.30375	0.011700	0.29869
3/4/2001 09:00	0.0000	0.0000	0.0000	0.67614	0.04191	0.37753	0.011700	0.25421
3/4/2001 10:00	0.0000	0.0000	0.0000	0.58152	0.03405	0.39871	0.011700	0.26019
3/4/2001 11:00	0.0000	0.0000	0.0000	0.49549	0.03405	0.41558	0.011700	0.26027
3/4/2001 12:00	0.0000	0.0000	0.0000	0.42959	0.03405	0.40112	0.011700	0.25589
3/4/2001 13:00	0.0000	0.0000	0.0000	0.38869	0.03405	0.36431	0.011700	0.26473
3/4/2001 14:00	0.0000	0.0000	0.0000	0.35037	0.03405	0.33480	0.011700	0.27964
3/4/2001 15:00	0.0000	0.0000	0.0000	0.35497	0.03929	0.34138	0.011700	0.29518
3/4/2001 16:00	0.0000	0.0000	0.0000	0.40470	0.06025	0.38690	0.011700	0.34915
3/4/2001 17:00	0.0000	0.0000	0.0000	0.50316	0.12050	0.47090	0.011700	0.42416
3/4/2001 18:00	0.0000	0.0000	0.0000	0.60044	0.23314	0.42779	0.041700	0.46051
3/4/2001 19:00	0.0000	0.0000	0.0000	0.62194	0.34840	0.35199	0.011700	0.47534
3/4/2001 20:00	0.0000	0.0000	0.0000	0.56861	0.37459	0.31611	0.011700	0.49168
3/4/2001 21:00	0.0000	0.0000	0.0000	0.49778	0.31434	0.30055	0.011700	0.48020
3/4/2001 22:00	0.0000	0.0000	0.0000	0.39069	0.23576	0.24157	0.011700	0.41555
3/4/2001 23:00	0.0000	0.0000	0.0000	0.27169	0.16503	0.15890	0.011700	0.36111
3/5/2001 00:00	0.0000	0.0000	0.0000	0.14530	0.08382	0.10055	0.011700	0.29869
3/5/2001 01:00	0.0000	0.0000	0.0000	0.09091	0.04977	0.08360	0.011700	0.27502
3/5/2001 02:00	0.0000	0.0000	0.0000	0.07643	0.03405	0.07003	0.011700	0.27183
3/5/2001 03:00	0.0000	0.0000	0.0000	0.08092	0.03405	0.06144	0.011700	0.26800
3/5/2001 04:00	0.0000	0.0142	0.0009	0.12521	0.03405	0.07269	0.011700	0.25788
3/5/2001 05:00	0.0000	0.0346	0.0021	0.31611	0.03667	0.08648	0.011700	0.28777
3/5/2001 06:00	0.0000	0.0000	0.0000	0.67366	0.05763	0.14521	0.011700	0.33249
3/5/2001 07:00	0.0000	0.1392	0.0086	0.77427	0.10216	0.23148	0.041700	0.35330
3/5/2001 08:00	0.0000	0.0000	0.0000	0.75287	0.08121	0.30375	0.011700	0.29869
3/5/2001 09:00	0.0000	0.0000	0.0000	0.67462	0.04191	0.37753	0.011700	0.25421
3/5/2001 10:00	0.0000	0.0000	0.0000	0.58028	0.03405	0.39871	0.011700	0.26019
3/5/2001 11:00	0.0000	0.0000	0.0000	0.49475	0.03405	0.41558	0.011700	0.26027
3/5/2001 12:00	0.0000	0.0000	0.0000	0.43000	0.03405	0.40112	0.011700	0.25589
3/5/2001 13:00	0.0000	0.0000	0.0000	0.38926	0.03405	0.36431	0.011700	0.26473
3/5/2001 14:00	0.0000	0.0000	0.0000	0.35052	0.03405	0.33480	0.011700	0.27964
3/5/2001 15:00	0.0000	0.0000	0.0000	0.35463	0.03929	0.34138	0.011700	0.29518
3/5/2001 16:00	0.0000	0.0000	0.0000	0.40353	0.06025	0.38690	0.011700	0.34915
3/5/2001 17:00	0.0000	0.0000	0.0000	0.50182	0.12050	0.47090	0.011700	0.42416
3/5/2001 18:00	0.0000	0.0000	0.0000	0.59924	0.23314	0.42779	0.041700	0.46051
3/5/2001 19:00	0.0000	0.0000	0.0000	0.62131	0.34840	0.35199	0.011700	0.47534
3/5/2001 20:00	0.0000	0.0000	0.0000	0.56811	0.37459	0.31611	0.011700	0.49168
3/5/2001 21:00	0.0000	0.0000	0.0000	0.49742	0.31434	0.30055	0.011700	0.48020
3/5/2001 22:00	0.0000	0.0000	0.0000	0.39080	0.23576	0.24157	0.011700	0.41555
3/5/2001 23:00	0.0000	0.0000	0.0000	0.27237	0.16503	0.15890	0.011700	0.36111
3/6/2001 00:00	0.0000	0.2058	0.0127	0.13689	0.08382	0.09397	0.011700	0.29869
3/6/2001 01:00	0.0000	0.4025	0.0248	0.08683	0.04977	0.07966	0.011700	0.27502
3/6/2001 02:00	0.0000	0.5742	0.0353	0.07334	0.03405	0.06742	0.011700	0.27183
3/6/2001 03:00	0.0000	0.7097	0.0437	0.07724	0.03405	0.06007	0.011700	0.26800
3/6/2001 04:00	0.0000	0.8117	0.0499	0.11701	0.03405	0.07002	0.011700	0.25788
3/6/2001 05:00	0.0000	0.8357	0.0514	0.29187	0.03667	0.08238	0.011700	0.28777
3/6/2001 06:00	0.0000	0.7798	0.0480	0.61805	0.05763	0.13459	0.011700	0.33249
3/6/2001 07:00	0.0000	1.2288	0.0756	0.70695	0.10216	0.21032	0.041700	0.35330
3/6/2001 08:00	0.0000	0.6110	0.0376	0.68273	0.08121	0.27132	0.011700	0.29869
3/6/2001 09:00	0.0000	0.3931	0.0242	0.61041	0.04191	0.33250	0.011700	0.25421
3/6/2001 10:00	0.0000	0.1562	0.0096	0.52528	0.03405	0.34779	0.011700	0.26019
3/6/2001 11:00	0.0000	0.4784	0.0294	0.44958	0.03405	0.36309	0.011700	0.26027
3/6/2001 12:00	0.0000	0.0213	0.0013	0.39054	0.03405	0.35331	0.011700	0.25589
3/6/2001 13:00	0.0000	0.0000	0.0000	0.35580	0.03405	0.32072	0.011700	0.26473
3/6/2001 14:00	0.0000	0.0000	0.0000	0.32075	0.03405	0.29567	0.011700	0.27964
3/6/2001 15:00	0.0000	0.0000	0.0000	0.32514	0.03929	0.30433	0.011700	0.29518
3/6/2001 16:00	0.0000	0.0000	0.0000	0.36720	0.06025	0.35098	0.011700	0.34915
3/6/2001 17:00	0.0000	0.0000	0.0000	0.45774	0.12050	0.43555	0.011700	0.42416
3/6/2001 18:00	0.0000	0.2089	0.0128	0.54149	0.23314	0.39348	0.041700	0.46051
3/6/2001 19:00	0.0000	0.0262	0.0016	0.55617	0.34840	0.31774	0.011700	0.47534
3/6/2001 20:00	0.0000	0.0262	0.0016	0.50644	0.37459	0.28125	0.011700	0.49168
3/6/2001 21:00	0.0000	0.1944	0.0120	0.44595	0.31434	0.26494	0.011700	0.48020
3/6/2001 22:00	0.0000	0.3811	0.0234	0.35026	0.23576	0.21327	0.011700	0.41555
3/6/2001 23:00	0.0000	0.5623	0.0346	0.24695	0.16503	0.14336	0.011700	0.36111
3/7/2001 00:00	0.0000	0.7406	0.0456	0.13679	0.08382	0.09397	0.011700	0.29869
3/7/2001 01:00	0.0000	0.8616	0.0530	0.08672	0.04977	0.07966	0.011700	0.27502
3/7/2001 02:00	0.0000	0.9475	0.0583	0.07326	0.03405	0.06742	0.011700	0.27183
3/7/2001 03:00	0.0000	1.0091	0.0621	0.07715	0.03405	0.06007	0.011700	0.26800
3/7/2001 04:00	0.0000	1.0655	0.0655	0.11683	0.03405	0.07002	0.011700	0.25788
3/7/2001 05:00	0.0000	1.0468	0.0644	0.29129	0.03667	0.08238	0.011700	0.28777
3/7/2001 06:00	0.0000	0.9546	0.0587	0.61673	0.05763	0.13459	0.011700	0.33249
3/7/2001 07:00	0.0000	1.4654	0.0901	0.70541	0.10216	0.21032	0.041700	0.35330
3/7/2001 08:00	0.0000	0.9348	0.0575	0.68123	0.08121	0.27132	0.011700	0.29869
3/7/2001 09:00	0.0000	1.0043	0.0618	0.60906	0.04191	0.33250	0.011700	0.25421
3/7/2001 10:00	0.0000	0.7442	0.0458	0.52412	0.03405	0.34779	0.011700	0.26019
3/7/2001 11:00	0.0000	0.6725	0.0414	0.44860	0.03405	0.36309	0.011700	0.26027
3/7/2001 12:00	0.0000	0.0000	0.0000	0.38970	0.03405	0.35331	0.011700	0.25589
3/7/2001 13:00	0.0000	0.0000	0.0000	0.35486	0.03405	0.32072	0.011700	0.26473
3/7/2001 14:00	0.0000	0.0000	0.0000	0.31944	0.03405	0.29567	0.011700	0.27964
3/7/2001 15:00	0.0000	0.0000	0.0000	0.32337	0.03929	0.30433	0.011700	0.29518
3/7/2001 16:00	0.0000	0.0000	0.0000	0.36491	0.06025	0.35098	0.011700	0.34915
3/7/2001 17:00	0.0000	0.0000	0.0000	0.45505	0.12050	0.43555	0.011700	0.42416
3/7/2001 18:00	0.0000	0.0000	0.0000	0.53886	0.23314	0.39348	0.041700	0.46051
3/7/2001 19:00	0.0000	0.0000	0.0000	0.55449	0.34840	0.31774	0.011700	0.47534
3/7/2001 20:00	0.0000	0.0926	0.0057	0.50505	0.37459	0.28125	0.011700	0.49168
3/7/2001 21:00	0.0000	0.5385	0.0331	0.44500	0.31434	0.26494	0.011700	0.48020
3/7/2001 22:00	0.0000	0.9443	0.0581	0.34955	0.23576	0.21327	0.011700	0.41555
3/7/2001 23:00	0.0000	1.3839	0.0851	0.24648	0.16503	0.14336	0.011700	0.36111
3/8/2001 00:00	0.0000	1.8214	0.1120	0.13656	0.08382	0.09397	0.011700	0.29869
3/8/2001 01:00	0.0000	2.1248	0.1307	0.08661	0.04977	0.07966	0.011700	0.27502
3/8/2001 02:00	0.0000	2.3236	0.1429	0.07318	0.03405	0.06742	0.011700	0.27183
3/8/2001 03:00	0.0000	2.4794	0.1525	0.07705	0.03405	0.06007	0.011700	0.26800
3/8/2001 04:00	0.0000	2.6152	0.1609	0.11664	0.03405	0.07002	0.011700	0.25788
3/8/2001 05:00	0.0000	2.6715	0.1643	0.29070	0.03667	0.08238	0.011700	0.28777
3/8/2001 06:00	0.0000	2.6312	0.1619	0.61538	0.05763	0.13459	0.011700	0.33249
3/8/2001 07:00	0.0000	3.0141	0.1854	0.70383	0.10216	0.21032	0.041700	0.35330
3/8/2001 08:00	0.0000	1.2246	0.0753	0.67969	0.08121	0.27132	0.011700	0.29869
3/8/2001 09:00	0.0000	0.3898	0.0240	0.60768	0.04191	0.33250	0.011700	0.25421
3/8/2001 10:00	0.0000	0.0000	0.0000	0.52294	0.03405	0.34779	0.011700	0.26019
3/8/2001 11:00	0.0000	0.0000	0.0000	0.44733	0.03405	0.36309	0.011700	0.26027
3/8/2001 12:00	0.0000	0.0000	0.0000	0.38846	0.03405	0.35331	0.011700	0.25589
3/8/2001 13:00	0.0000	0.0000	0.0000	0.35257	0.03405	0.32072	0.011700	0.26473
3/8/2001 14:00	0.0000	0.0000	0.0000	0.31696	0.03405	0.29567	0.011700	0.27964
3/8/2001 15:00	0.0000	0.0000	0.0000	0.32217	0.03929	0.30433	0.011700	0.29518
3/8/2001 16:00	0.0000	0.0000	0.0000	0.36524	0.06025	0.35098	0.011700	0.34915
3/8/2001 17:00	0.0000	0.0000	0.0000	0.45581	0.12050	0.43555	0.011700	0.42416
3/8/2001 18:00	0.0000	0.1927	0.0119	0.53863	0.23314	0.39348	0.041700	0.46051
3/8/2001 19:00	0.0000	0.4621	0.0284	0.55378	0.34840	0.31774	0.011700	0.47534
3/8/2001 20:00	0.0000	0.3538	0.0218	0.50427	0.37459	0.28125	0.011700	0.49168
3/8/2001 21:00	0.0000	0.7433	0.0457	0.44405	0.31434	0.26494	0.011700	0.48020
3/8/2001 22:00	0.0000	1.1295	0.0695	0.34881	0.23576	0.21327	0.011700	0.41555
3/8/2001 23:00	0.0000	1.5163	0.0933	0.24599	0.16503	0.14336	0.011700	0.36111
3/9/2001 00:00	0.0000	1.9010	0.1169	0.13632	0.08382	0.09397	0.011700	0.29869
3/9/2001 01:00	0.0000	2.1893	0.1347	0.08649	0.04977	0.07966	0.011700	0.27502
3/9/2001 02:00	0.0000	2.4242	0.1491	0.07310	0.03405	0.06742	0.011700	0.27183
3/9/2001 03:00	0.0000	2.6015	0.1600	0.07696	0.03405	0.06007	0.011700	0.26800
3/9/2001 04:00	0.0000	2.7304	0.1680	0.11645	0.03405	0.07002	0.011700	0.25788
3/9/2001 05:00	0.0000	2.7614	0.1699	0.29009	0.03667	0.08238	0.011700	0.28777
3/9/2001 06:00	0.0000	2.6402	0.1624	0.61399	0.05763	0.13459	0.011700	0.33249
3/9/2001 07:00	0.0000	2.8699	0.1765	0.70222	0.10216	0.21032	0.041700	0.35330
3/9/2001 08:00	0.0000	1.0131	0.0623	0.67812	0.08121	0.27132	0.011700	0.29869
3/9/2001 09:00	0.0000	0.0692	0.0043	0.60627	0.04191	0.33250	0.011700	0.25421
3/9/2001 10:00	0.0000	0.0000	0.0000	0.52173	0.03405	0.34779	0.011700	0.26019
3/9/2001 11:00	0.0000	0.0000	0.0000	0.44570	0.03405	0.36309	0.011700	0.26027
3/9/2001 12:00	0.0000	0.0000	0.0000	0.38666	0.03405	0.35331	0.011700	0.25589
3/9/2001 13:00	0.0000	0.0000	0.0000	0.35088	0.03405	0.32072	0.011700	0.26473
3/9/2001 14:00	0.0000	0.0000	0.0000	0.31538	0.03405	0.29567	0.011700	0.27964
3/9/2001 15:00	0.0000	0.0000	0.0000	0.31911	0.03929	0.30433	0.011700	0.29518
3/9/2001 16:00	0.0000	0.0000	0.0000	0.36024	0.06025	0.35098	0.011700	0.34915
3/9/2001 17:00	0.0000	0.0000	0.0000	0.44984	0.12050	0.43555	0.011700	0.42416
3/9/2001 18:00	0.0000	0.0000	0.0000	0.53340	0.23314	0.39348	0.041700	0.46051
3/9/2001 19:00	0.0000	0.0000	0.0000	0.54931	0.34840	0.31774	0.011700	0.47534
3/9/2001 20:00	0.0000	0.0000	0.0000	0.50028	0.37459	0.28125	0.011700	0.49168
3/9/2001 21:00	0.0000	0.0000	0.0000	0.44070	0.31434	0.26494	0.011700	0.48020
3/9/2001 22:00	0.0000	0.0000	0.0000	0.34652	0.23576	0.21327	0.011700	0.41555
3/9/2001 23:00	0.0000	0.4463	0.0275	0.24499	0.16503	0.14336	0.011700	0.36111
3/10/2001 00:00	0.0000	0.8383	0.0516	0.13605	0.08382	0.09397	0.011700	0.29869
3/10/2001 01:00	0.0000	1.0693	0.0658	0.08636	0.04977	0.07966	0.011700	0.27502
3/10/2001 02:00	0.0000	1.2413	0.0764	0.07301	0.03405	0.06742	0.011700	0.27183
3/10/2001 03:00	0.0000	1.3196	0.0812	0.07686	0.03405	0.06007	0.011700	0.26800
3/10/2001 04:00	0.0000	1.3402	0.0824	0.11625	0.03405	0.07002	0.011700	0.25788
3/10/2001 05:00	0.0000	1.2790	0.0787	0.28947	0.03667	0.08238	0.011700	0.28777
3/10/2001 06:00	0.0000	1.1101	0.0683	0.61258	0.05763	0.13459	0.011700	0.33249
3/10/2001 07:00	0.0000	1.4267	0.0878	0.70057	0.10216	0.21032	0.041700	0.35330
3/10/2001 08:00	0.0000	0.6215	0.0382	0.67652	0.08121	0.27132	0.011700	0.29869
3/10/2001 09:00	0.0000	0.2236	0.0138	0.60483	0.04191	0.33250	0.011700	0.25421
3/10/2001 10:00	0.0000	0.0000	0.0000	0.52049	0.03405	0.34779	0.011700	0.26019
3/10/2001 11:00	0.0000	0.0000	0.0000	0.44530	0.03405	0.36309	0.011700	0.26027
3/10/2001 12:00	0.0000	0.0000	0.0000	0.38702	0.03405	0.35331	0.011700	0.25589
3/10/2001 13:00	0.0000	0.0000	0.0000	0.35178	0.03405	0.32072	0.011700	0.26473
3/10/2001 14:00	0.0000	0.0000	0.0000	0.31670	0.03405	0.29567	0.011700	0.27964
3/10/2001 15:00	0.0000	0.0000	0.0000	0.32145	0.03929	0.30433	0.011700	0.29518
3/10/2001 16:00	0.0000	0.0000	0.0000	0.36400	0.06025	0.35098	0.011700	0.34915
3/10/2001 17:00	0.0000	0.0000	0.0000	0.45380	0.12050	0.43555	0.011700	0.42416
3/10/2001 18:00	0.0000	0.0000	0.0000	0.53590	0.23314	0.39348	0.041700	0.46051
3/10/2001 19:00	0.0000	0.0000	0.0000	0.55039	0.34840	0.31774	0.011700	0.47534
3/10/2001 20:00	0.0000	0.0000	0.0000	0.50174	0.37459	0.28125	0.011700	0.49168
3/10/2001 21:00	0.0000	0.0000	0.0000	0.44154	0.31434	0.26494	0.011700	0.48020
3/10/2001 22:00	0.0000	0.0000	0.0000	0.34644	0.23576	0.21327	0.011700	0.41555
3/10/2001 23:00	0.0000	0.0453	0.0028	0.24446	0.16503	0.14336	0.011700	0.36111
3/11/2001 00:00	0.0000	0.1603	0.0099	0.14528	0.08382	0.10055	0.011700	0.29869
3/11/2001 01:00	0.0000	0.2788	0.0172	0.09121	0.04977	0.08360	0.011700	0.27502
3/11/2001 02:00	0.0000	0.3675	0.0226	0.07659	0.03405	0.07003	0.011700	0.27183
3/11/2001 03:00	0.0000	0.4123	0.0254	0.08071	0.03405	0.06144	0.011700	0.26800
3/11/2001 04:00	0.0000	0.4325	0.0266	0.12411	0.03405	0.07269	0.011700	0.25788
3/11/2001 05:00	0.0000	0.4015	0.0247	0.31218	0.03667	0.08648	0.011700	0.28777
3/11/2001 06:00	0.0000	0.2897	0.0178	0.66468	0.05763	0.14521	0.011700	0.33249
3/11/2001 07:00	0.0000	0.3988	0.0245	0.76379	0.10216	0.23148	0.041700	0.35330
3/11/2001 08:00	0.0000	0.0000	0.0000	0.74250	0.08121	0.30375	0.011700	0.29869
3/11/2001 09:00	0.0000	0.0000	0.0000	0.66535	0.04191	0.37753	0.011700	0.25421
3/11/2001 10:00	0.0000	0.0000	0.0000	0.57160	0.03405	0.39871	0.011700	0.26019
3/11/2001 11:00	0.0000	0.0000	0.0000	0.48681	0.03405	0.41558	0.011700	0.26027
3/11/2001 12:00	0.0000	0.0000	0.0000	0.42232	0.03405	0.40112	0.011700	0.25589
3/11/2001 13:00	0.0000	0.0000	0.0000	0.38228	0.03405	0.36431	0.011700	0.26473
3/11/2001 14:00	0.0000	0.0000	0.0000	0.34410	0.03405	0.33480	0.011700	0.27964
3/11/2001 15:00	0.0000	0.0000	0.0000	0.34803	0.03929	0.34138	0.011700	0.29518
3/11/2001 16:00	0.0000	0.0000	0.0000	0.39638	0.06025	0.38690	0.011700	0.34915
3/11/2001 17:00	0.0000	0.0000	0.0000	0.49345	0.12050	0.47090	0.011700	0.42416
3/11/2001 18:00	0.0000	0.0000	0.0000	0.58958	0.23314	0.42779	0.041700	0.46051
3/11/2001 19:00	0.0000	0.0000	0.0000	0.61111	0.34840	0.35199	0.011700	0.47534
3/11/2001 20:00	0.0000	0.0000	0.0000	0.55855	0.37459	0.31611	0.011700	0.49168
3/11/2001 21:00	0.0000	0.0000	0.0000	0.48890	0.31434	0.30055	0.011700	0.48020
3/11/2001 22:00	0.0000	0.0000	0.0000	0.38377	0.23576	0.24157	0.011700	0.41555
3/11/2001 23:00	0.0000	0.0000	0.0000	0.26696	0.16503	0.15890	0.011700	0.36111
3/12/2001 00:00	0.0000	0.0000	0.0000	0.14275	0.08382	0.10055	0.011700	0.29869
3/12/2001 01:00	0.0000	0.0000	0.0000	0.08943	0.04977	0.08360	0.011700	0.27502
3/12/2001 02:00	0.0000	0.0000	0.0000	0.07537	0.03405	0.07003	0.011700	0.27183
3/12/2001 03:00	0.0000	0.0000	0.0000	0.07988	0.03405	0.06144	0.011700	0.26800
3/12/2001 04:00	0.0000	0.0000	0.0000	0.12348	0.03405	0.07269	0.011700	0.25788
3/12/2001 05:00	0.0000	0.0000	0.0000	0.31129	0.03667	0.08648	0.011700	0.28777
3/12/2001 06:00	0.0000	0.0000	0.0000	0.66296	0.05763	0.14521	0.011700	0.33249
3/12/2001 07:00	0.0000	0.0000	0.0000	0.76163	0.10216	0.23148	0.041700	0.35330
3/12/2001 08:00	0.0000	0.0000	0.0000	0.74044	0.08121	0.30375	0.011700	0.29869
3/12/2001 09:00	0.0000	0.0000	0.0000	0.66281	0.04191	0.37753	0.011700	0.25421
3/12/2001 10:00	0.0000	0.0000	0.0000	0.56927	0.03405	0.39871	0.011700	0.26019
3/12/2001 11:00	0.0000	0.0000	0.0000	0.48484	0.03405	0.41558	0.011700	0.26027
3/12/2001 12:00	0.0000	0.0000	0.0000	0.42048	0.03405	0.40112	0.011700	0.25589
3/12/2001 13:00	0.0000	0.0000	0.0000	0.38045	0.03405	0.36431	0.011700	0.26473
3/12/2001 14:00	0.0000	0.0000	0.0000	0.34253	0.03405	0.33480	0.011700	0.27964
3/12/2001 15:00	0.0000	0.0000	0.0000	0.34667	0.03929	0.34138	0.011700	0.29518
3/12/2001 16:00	0.0000	0.0000	0.0000	0.39515	0.06025	0.38690	0.011700	0.34915
3/12/2001 17:00	0.0000	0.0000	0.0000	0.49193	0.12050	0.47090	0.011700	0.42416
3/12/2001 18:00	0.0000	0.0000	0.0000	0.58772	0.23314	0.42779	0.041700	0.46051
3/12/2001 19:00	0.0000	0.0000	0.0000	0.60913	0.34840	0.35199	0.011700	0.47534
3/12/2001 20:00	0.0000	0.0000	0.0000	0.55655	0.37459	0.31611	0.011700	0.49168
3/12/2001 21:00	0.0000	0.0000	0.0000	0.48706	0.31434	0.30055	0.011700	0.48020
3/12/2001 22:00	0.0000	0.0000	0.0000	0.38213	0.23576	0.24157	0.011700	0.41555
3/12/2001 23:00	0.0000	0.0000	0.0000	0.26556	0.16503	0.15890	0.011700	0.36111
3/13/2001 00:00	0.0000	0.0000	0.0000	0.13213	0.08382	0.09397	0.011700	0.29869
3/13/2001 01:00	0.0000	0.0000	0.0000	0.08326	0.04977	0.07966	0.011700	0.27502
3/13/2001 02:00	0.0000	0.0000	0.0000	0.07270	0.03405	0.06742	0.011700	0.27183
3/13/2001 03:00	0.0000	0.0000	0.0000	0.07580	0.03405	0.06007	0.011700	0.26800
3/13/2001 04:00	0.0000	0.0000	0.0000	0.11416	0.03405	0.07002	0.011700	0.25788
3/13/2001 05:00	0.0000	0.0000	0.0000	0.28627	0.03667	0.08238	0.011700	0.28777
3/13/2001 06:00	0.0000	0.0000	0.0000	0.60700	0.05763	0.13459	0.011700	0.33249
3/13/2001 07:00	0.0000	0.0000	0.0000	0.69404	0.10216	0.21032	0.041700	0.35330
3/13/2001 08:00	0.0000	0.0000	0.0000	0.67012	0.08121	0.27132	0.011700	0.29869
3/13/2001 09:00	0.0000	0.0000	0.0000	0.59796	0.04191	0.33250	0.011700	0.25421
3/13/2001 10:00	0.0000	0.0000	0.0000	0.51315	0.03405	0.34779	0.011700	0.26019
3/13/2001 11:00	0.0000	0.0000	0.0000	0.43751	0.03405	0.36309	0.011700	0.26027
3/13/2001 12:00	0.0000	0.0000	0.0000	0.37861	0.03405	0.35331	0.011700	0.25589
3/13/2001 13:00	0.0000	0.0000	0.0000	0.34596	0.03405	0.32072	0.011700	0.26473
3/13/2001 14:00	0.0000	0.0000	0.0000	0.31163	0.03405	0.29567	0.011700	0.27964
3/13/2001 15:00	0.0000	0.0000	0.0000	0.31547	0.03929	0.30433	0.011700	0.29518
3/13/2001 16:00	0.0000	0.0000	0.0000	0.35618	0.06025	0.35098	0.011700	0.34915
3/13/2001 17:00	0.0000	0.0000	0.0000	0.44670	0.12050	0.43555	0.011700	0.42416
3/13/2001 18:00	0.0000	0.0000	0.0000	0.53109	0.23314	0.39348	0.041700	0.46051
3/13/2001 19:00	0.0000	0.0000	0.0000	0.54638	0.34840	0.31774	0.011700	0.47534
3/13/2001 20:00	0.0000	0.0000	0.0000	0.49692	0.37459	0.28125	0.011700	0.49168
3/13/2001 21:00	0.0000	0.0000	0.0000	0.43657	0.31434	0.26494	0.011700	0.48020
3/13/2001 22:00	0.0000	0.1494	0.0092	0.34358	0.23576	0.21327	0.011700	0.41555
3/13/2001 23:00	0.0000	0.0532	0.0033	0.24337	0.16503	0.14336	0.011700	0.36111
3/14/2001 00:00	0.0000	0.0000	0.0000	0.13507	0.08382	0.09397	0.011700	0.29869
3/14/2001 01:00	0.0000	0.0111	0.0007	0.08554	0.04977	0.07966	0.011700	0.27502
3/14/2001 02:00	0.0000	0.2426	0.0149	0.07265	0.03405	0.06742	0.011700	0.27183
3/14/2001 03:00	0.0000	0.3576	0.0220	0.07646	0.03405	0.06007	0.011700	0.26800
3/14/2001 04:00	0.0000	0.5025	0.0309	0.11543	0.03405	0.07002	0.011700	0.25788
3/14/2001 05:00	0.0000	0.5914	0.0364	0.28687	0.03667	0.08238	0.011700	0.28777
3/14/2001 06:00	0.0000	0.5910	0.0364	0.60664	0.05763	0.13459	0.011700	0.33249
3/14/2001 07:00	0.0000	0.5545	0.0341	0.69363	0.10216	0.21032	0.041700	0.35330
3/14/2001 08:00	0.0000	0.0000	0.0000	0.66976	0.08121	0.27132	0.011700	0.29869
3/14/2001 09:00	0.0000	0.0000	0.0000	0.59800	0.04191	0.33250	0.011700	0.25421
3/14/2001 10:00	0.0000	0.0000	0.0000	0.51314	0.03405	0.34779	0.011700	0.26019
3/14/2001 11:00	0.0000	0.0000	0.0000	0.43755	0.03405	0.36309	0.011700	0.26027
3/14/2001 12:00	0.0000	0.0000	0.0000	0.37855	0.03405	0.35331	0.011700	0.25589
3/14/2001 13:00	0.0000	0.0000	0.0000	0.34299	0.03405	0.32072	0.011700	0.26473
3/14/2001 14:00	0.0000	0.0000	0.0000	0.30763	0.03405	0.29567	0.011700	0.27964
3/14/2001 15:00	0.0000	0.0000	0.0000	0.31099	0.03929	0.30433	0.011700	0.29518
3/14/2001 16:00	0.0000	0.0000	0.0000	0.35122	0.06025	0.35098	0.011700	0.34915
3/14/2001 17:00	0.0000	0.0000	0.0000	0.43944	0.12050	0.43555	0.011700	0.42416
3/14/2001 18:00	0.0000	0.0000	0.0000	0.52184	0.23314	0.39348	0.041700	0.46051
3/14/2001 19:00	0.0000	0.0000	0.0000	0.53727	0.34840	0.31774	0.011700	0.47534
3/14/2001 20:00	0.0000	0.0000	0.0000	0.48898	0.37459	0.28125	0.011700	0.49168
3/14/2001 21:00	0.0000	0.0000	0.0000	0.43030	0.31434	0.26494	0.011700	0.48020
3/14/2001 22:00	0.0000	0.0000	0.0000	0.33756	0.23576	0.21327	0.011700	0.41555
3/14/2001 23:00	0.0000	0.0000	0.0000	0.23751	0.16503	0.14336	0.011700	0.36111
3/15/2001 00:00	0.0000	0.0000	0.0000	0.13068	0.08382	0.09397	0.011700	0.29869
3/15/2001 01:00	0.0000	0.3989	0.0245	0.08286	0.04977	0.07966	0.011700	0.27502
3/15/2001 02:00	0.0000	0.7083	0.0436	0.07240	0.03405	0.06742	0.011700	0.27183
3/15/2001 03:00	0.0000	0.2588	0.0159	0.07634	0.03405	0.06007	0.011700	0.26800
3/15/2001 04:00	0.0000	0.5294	0.0326	0.11521	0.03405	0.07002	0.011700	0.25788
3/15/2001 05:00	0.0000	0.6673	0.0410	0.28619	0.03667	0.08238	0.011700	0.28777
3/15/2001 06:00	0.0000	0.6667	0.0410	0.60509	0.05763	0.13459	0.011700	0.33249
3/15/2001 07:00	0.0000	0.5432	0.0334	0.69182	0.10216	0.21032	0.041700	0.35330
3/15/2001 08:00	0.0000	0.0000	0.0000	0.66800	0.08121	0.27132	0.011700	0.29869
3/15/2001 09:00	0.0000	0.0000	0.0000	0.59608	0.04191	0.33250	0.011700	0.25421
3/15/2001 10:00	0.0000	0.0000	0.0000	0.51106	0.03405	0.34779	0.011700	0.26019
3/15/2001 11:00	0.0000	0.0000	0.0000	0.43536	0.03405	0.36309	0.011700	0.26027
3/15/2001 12:00	0.0000	0.0000	0.0000	0.37599	0.03405	0.35331	0.011700	0.25589
3/15/2001 13:00	0.0000	0.0000	0.0000	0.34037	0.03405	0.32072	0.011700	0.26473
3/15/2001 14:00	0.0000	0.0000	0.0000	0.30521	0.03405	0.29567	0.011700	0.27964
3/15/2001 15:00	0.0000	0.0000	0.0000	0.31069	0.03929	0.30433	0.011700	0.29518
3/15/2001 16:00	0.0000	0.0000	0.0000	0.35181	0.06025	0.35098	0.011700	0.34915
3/15/2001 17:00	0.0000	0.0000	0.0000	0.44138	0.12050	0.43555	0.011700	0.42416
3/15/2001 18:00	0.0000	0.0000	0.0000	0.52563	0.23314	0.39348	0.041700	0.46051
3/15/2001 19:00	0.0000	0.0000	0.0000	0.54204	0.34840	0.31774	0.011700	0.47534
3/15/2001 20:00	0.0000	0.0000	0.0000	0.49397	0.37459	0.28125	0.011700	0.49168
3/15/2001 21:00	0.0000	0.0000	0.0000	0.43496	0.31434	0.26494	0.011700	0.48020
3/15/2001 22:00	0.0000	0.0000	0.0000	0.34193	0.23576	0.21327	0.011700	0.41555
3/15/2001 23:00	0.0000	0.0000	0.0000	0.24144	0.16503	0.14336	0.011700	0.36111
3/16/2001 00:00	0.0000	0.0000	0.0000	0.13388	0.08382	0.09397	0.011700	0.29869
3/16/2001 01:00	0.0000	0.0000	0.0000	0.08486	0.04977	0.07966	0.011700	0.27502
3/16/2001 02:00	0.0000	0.0000	0.0000	0.07174	0.03405	0.06742	0.011700	0.27183
3/16/2001 03:00	0.0000	0.0000	0.0000	0.07577	0.03405	0.06007	0.011700	0.26800
3/16/2001 04:00	0.0000	0.0000	0.0000	0.11477	0.03405	0.07002	0.011700	0.25788
3/16/2001 05:00	0.0000	0.0636	0.0039	0.28550	0.03667	0.08238	0.011700	0.28777
3/16/2001 06:00	0.0000	0.0000	0.0000	0.60350	0.05763	0.13459	0.011700	0.33249
3/16/2001 07:00	0.0000	0.0000	0.0000	0.68984	0.10216	0.21032	0.041700	0.35330
3/16/2001 08:00	0.0000	0.0000	0.0000	0.66564	0.08121	0.27132	0.011700	0.29869
3/16/2001 09:00	0.0000	0.0000	0.0000	0.59348	0.04191	0.33250	0.011700	0.25421
3/16/2001 10:00	0.0000	0.0000	0.0000	0.50885	0.03405	0.34779	0.011700	0.26019
3/16/2001 11:00	0.0000	0.0000	0.0000	0.43345	0.03405	0.36309	0.011700	0.26027
3/16/2001 12:00	0.0000	0.0000	0.0000	0.37430	0.03405	0.35331	0.011700	0.25589
3/16/2001 13:00	0.0000	0.0000	0.0000	0.33897	0.03405	0.32072	0.011700	0.26473
3/16/2001 14:00	0.0000	0.0000	0.0000	0.30384	0.03405	0.29567	0.011700	0.27964
3/16/2001 15:00	0.0000	0.0000	0.0000	0.30723	0.03929	0.30433	0.011700	0.29518
3/16/2001 16:00	0.0000	0.0000	0.0000	0.34728	0.06025	0.35098	0.011700	0.34915
3/16/2001 17:00	0.0000	0.0000	0.0000	0.43496	0.12050	0.43555	0.011700	0.42416
3/16/2001 18:00	0.0000	0.0000	0.0000	0.51672	0.23314	0.39348	0.041700	0.46051
3/16/2001 19:00	0.0000	0.0000	0.0000	0.53169	0.34840	0.31774	0.011700	0.47534
3/16/2001 20:00	0.0000	0.0000	0.0000	0.48363	0.37459	0.28125	0.011700	0.49168
3/16/2001 21:00	0.0000	0.0000	0.0000	0.42533	0.31434	0.26494	0.011700	0.48020
3/16/2001 22:00	0.0000	0.0000	0.0000	0.33315	0.23576	0.21327	0.011700	0.41555
3/16/2001 23:00	0.0000	0.0000	0.0000	0.23377	0.16503	0.14336	0.011700	0.36111
3/17/2001 00:00	0.0000	0.0000	0.0000	0.12770	0.08382	0.09397	0.011700	0.29869
3/17/2001 01:00	0.0000	0.3387	0.0208	0.08042	0.04977	0.07966	0.011700	0.27502
3/17/2001 02:00	0.0000	1.0258	0.0631	0.07217	0.03405	0.06742	0.011700	0.27183
3/17/2001 03:00	0.0000	0.0000	0.0000	0.07612	0.03405	0.06007	0.011700	0.26800
3/17/2001 04:00	0.0000	0.0000	0.0000	0.11430	0.03405	0.07002	0.011700	0.25788
3/17/2001 05:00	0.0000	0.2278	0.0140	0.28472	0.03667	0.08238	0.011700	0.28777
3/17/2001 06:00	0.0000	0.2155	0.0133	0.60189	0.05763	0.13459	0.011700	0.33249
3/17/2001 07:00	0.0000	0.4234	0.0260	0.68809	0.10216	0.21032	0.041700	0.35330
3/17/2001 08:00	0.0000	0.0000	0.0000	0.66437	0.08121	0.27132	0.011700	0.29869
3/17/2001 09:00	0.0000	0.0000	0.0000	0.59333	0.04191	0.33250	0.011700	0.25421
3/17/2001 10:00	0.0000	0.0000	0.0000	0.50955	0.03405	0.34779	0.011700	0.26019
3/17/2001 11:00	0.0000	0.0000	0.0000	0.43494	0.03405	0.36309	0.011700	0.26027
3/17/2001 12:00	0.0000	0.0000	0.0000	0.37799	0.03405	0.35331	0.011700	0.25589
3/17/2001 13:00	0.0000	0.0000	0.0000	0.34409	0.03405	0.32072	0.011700	0.26473
3/17/2001 14:00	0.0000	0.0000	0.0000	0.30978	0.03405	0.29567	0.011700	0.27964
3/17/2001 15:00	0.0000	0.0000	0.0000	0.31385	0.03929	0.30433	0.011700	0.29518
3/17/2001 16:00	0.0000	0.0000	0.0000	0.35469	0.06025	0.35098	0.011700	0.34915
3/17/2001 17:00	0.0000	0.0000	0.0000	0.44395	0.12050	0.43555	0.011700	0.42416
3/17/2001 18:00	0.0000	0.0000	0.0000	0.52631	0.23314	0.39348	0.041700	0.46051
3/17/2001 19:00	0.0000	0.0000	0.0000	0.54079	0.34840	0.31774	0.011700	0.47534
3/17/2001 20:00	0.0000	0.0000	0.0000	0.49218	0.37459	0.28125	0.011700	0.49168
3/17/2001 21:00	0.0000	0.0000	0.0000	0.43283	0.31434	0.26494	0.011700	0.48020
3/17/2001 22:00	0.0000	0.0000	0.0000	0.34030	0.23576	0.21327	0.011700	0.41555
3/17/2001 23:00	0.0000	0.1901	0.0117	0.24100	0.16503	0.14336	0.011700	0.36111
3/18/2001 00:00	0.0000	0.1788	0.0110	0.14323	0.08382	0.10055	0.011700	0.29869
3/18/2001 01:00	0.0000	0.3656	0.0225	0.09017	0.04977	0.08360	0.011700	0.27502
3/18/2001 02:00	0.0000	0.4901	0.0301	0.07585	0.03405	0.07003	0.011700	0.27183
3/18/2001 03:00	0.0000	0.5844	0.0360	0.07989	0.03405	0.06144	0.011700	0.26800
3/18/2001 04:00	0.0000	0.6266	0.0385	0.12244	0.03405	0.07269	0.011700	0.25788
3/18/2001 05:00	0.0000	0.5984	0.0368	0.30695	0.03667	0.08648	0.011700	0.28777
3/18/2001 06:00	0.0000	0.4469	0.0275	0.65276	0.05763	0.14521	0.011700	0.33249
3/18/2001 07:00	0.0000	0.3130	0.0193	0.74978	0.10216	0.23148	0.041700	0.35330
3/18/2001 08:00	0.0000	0.0000	0.0000	0.72874	0.08121	0.30375	0.011700	0.29869
3/18/2001 09:00	0.0000	0.0000	0.0000	0.65208	0.04191	0.37753	0.011700	0.25421
3/18/2001 10:00	0.0000	0.0000	0.0000	0.55945	0.03405	0.39871	0.011700	0.26019
3/18/2001 11:00	0.0000	0.0000	0.0000	0.47592	0.03405	0.41558	0.011700	0.26027
3/18/2001 12:00	0.0000	0.0000	0.0000	0.41203	0.03405	0.40112	0.011700	0.25589
3/18/2001 13:00	0.0000	0.0000	0.0000	0.37258	0.03405	0.36431	0.011700	0.26473
3/18/2001 14:00	0.0000	0.0000	0.0000	0.33475	0.03405	0.33480	0.011700	0.27964
3/18/2001 15:00	0.0000	0.0000	0.0000	0.33842	0.03929	0.34138	0.011700	0.29518
3/18/2001 16:00	0.0000	0.0000	0.0000	0.38506	0.06025	0.38690	0.011700	0.34915
3/18/2001 17:00	0.0000	0.0000	0.0000	0.48004	0.12050	0.47090	0.011700	0.42416
3/18/2001 18:00	0.0000	0.0000	0.0000	0.57420	0.23314	0.42779	0.041700	0.46051
3/18/2001 19:00	0.0000	0.0000	0.0000	0.59477	0.34840	0.35199	0.011700	0.47534
3/18/2001 20:00	0.0000	0.0000	0.0000	0.54341	0.37459	0.31611	0.011700	0.49168
3/18/2001 21:00	0.0000	0.0000	0.0000	0.47510	0.31434	0.30055	0.011700	0.48020
3/18/2001 22:00	0.0000	0.0000	0.0000	0.37200	0.23576	0.24157	0.011700	0.41555
3/18/2001 23:00	0.0000	0.0000	0.0000	0.25755	0.16503	0.15890	0.011700	0.36111
3/19/2001 00:00	0.0000	0.0000	0.0000	0.13577	0.08382	0.10055	0.011700	0.29869
3/19/2001 01:00	0.0000	0.0000	0.0000	0.08359	0.04977	0.08360	0.011700	0.27502
3/19/2001 02:00	0.0000	0.0000	0.0000	0.07001	0.03405	0.07003	0.011700	0.27183
3/19/2001 03:00	0.0000	0.0000	0.0000	0.07464	0.03405	0.06144	0.011700	0.26800
3/19/2001 04:00	0.0000	0.0000	0.0000	0.11761	0.03405	0.07269	0.011700	0.25788
3/19/2001 05:00	0.0000	0.0000	0.0000	0.30214	0.03667	0.08648	0.011700	0.28777
3/19/2001 06:00	0.0000	0.0000	0.0000	0.64739	0.05763	0.14521	0.011700	0.33249
3/19/2001 07:00	0.0000	0.0000	0.0000	0.74432	0.10216	0.23148	0.041700	0.35330
3/19/2001 08:00	0.0000	0.0000	0.0000	0.72370	0.08121	0.30375	0.011700	0.29869
3/19/2001 09:00	0.0000	0.0000	0.0000	0.64729	0.04191	0.37753	0.011700	0.25421
3/19/2001 10:00	0.0000	0.0000	0.0000	0.55517	0.03405	0.39871	0.011700	0.26019
3/19/2001 11:00	0.0000	0.0000	0.0000	0.47218	0.03405	0.41558	0.011700	0.26027
3/19/2001 12:00	0.0000	0.0000	0.0000	0.40900	0.03405	0.40112	0.011700	0.25589
3/19/2001 13:00	0.0000	0.0000	0.0000	0.36963	0.03405	0.36431	0.011700	0.26473
3/19/2001 14:00	0.0000	0.0000	0.0000	0.33236	0.03405	0.33480	0.011700	0.27964
3/19/2001 15:00	0.0000	0.0000	0.0000	0.33673	0.03929	0.34138	0.011700	0.29518
3/19/2001 16:00	0.0000	0.0000	0.0000	0.38461	0.06025	0.38690	0.011700	0.34915
3/19/2001 17:00	0.0000	0.0000	0.0000	0.47965	0.12050	0.47090	0.011700	0.42416
3/19/2001 18:00	0.0000	0.0000	0.0000	0.57424	0.23314	0.42779	0.041700	0.46051
3/19/2001 19:00	0.0000	0.0000	0.0000	0.59627	0.34840	0.35199	0.011700	0.47534
3/19/2001 20:00	0.0000	0.0000	0.0000	0.54517	0.37459	0.31611	0.011700	0.49168
3/19/2001 21:00	0.0000	0.0000	0.0000	0.47712	0.31434	0.30055	0.011700	0.48020
3/19/2001 22:00	0.0000	0.0000	0.0000	0.37453	0.23576	0.24157	0.011700	0.41555
3/19/2001 23:00	0.0000	0.0000	0.0000	0.26053	0.16503	0.15890	0.011700	0.36111
3/20/2001 00:00	0.0000	0.0000	0.0000	0.12988	0.08382	0.09397	0.011700	0.29869
3/20/2001 01:00	0.0000	0.0000	0.0000	0.08209	0.04977	0.07966	0.011700	0.27502
3/20/2001 02:00	0.0000	0.5140	0.0316	0.07196	0.03405	0.06742	0.011700	0.27183
3/20/2001 03:00	0.0000	0.0000	0.0000	0.07580	0.03405	0.06007	0.011700	0.26800
3/20/2001 04:00	0.0000	0.0000	0.0000	0.11325	0.03405	0.07002	0.011700	0.25788
3/20/2001 05:00	0.0000	0.0000	0.0000	0.28152	0.03667	0.08238	0.011700	0.28777
3/20/2001 06:00	0.0000	0.0000	0.0000	0.59608	0.05763	0.13459	0.011700	0.33249
3/20/2001 07:00	0.0000	0.0000	0.0000	0.68154	0.10216	0.21032	0.041700	0.35330
3/20/2001 08:00	0.0000	0.0000	0.0000	0.65786	0.08121	0.27132	0.011700	0.29869
3/20/2001 09:00	0.0000	0.0000	0.0000	0.58718	0.04191	0.33250	0.011700	0.25421
3/20/2001 10:00	0.0000	0.0000	0.0000	0.50519	0.03405	0.34779	0.011700	0.26019
3/20/2001 11:00	0.0000	0.0000	0.0000	0.43255	0.03405	0.36309	0.011700	0.26027
3/20/2001 12:00	0.0000	0.0000	0.0000	0.37543	0.03405	0.35331	0.011700	0.25589
3/20/2001 13:00	0.0000	0.0000	0.0000	0.34124	0.03405	0.32072	0.011700	0.26473
3/20/2001 14:00	0.0000	0.0000	0.0000	0.30786	0.03405	0.29567	0.011700	0.27964
3/20/2001 15:00	0.0000	0.0000	0.0000	0.31264	0.03929	0.30433	0.011700	0.29518
3/20/2001 16:00	0.0000	0.0000	0.0000	0.35308	0.06025	0.35098	0.011700	0.34915
3/20/2001 17:00	0.0000	0.0000	0.0000	0.44140	0.12050	0.43555	0.011700	0.42416
3/20/2001 18:00	0.0000	0.0000	0.0000	0.52266	0.23314	0.39348	0.041700	0.46051
3/20/2001 19:00	0.0000	0.0000	0.0000	0.53609	0.34840	0.31774	0.011700	0.47534
3/20/2001 20:00	0.0000	0.0000	0.0000	0.48746	0.37459	0.28125	0.011700	0.49168
3/20/2001 21:00	0.0000	0.0000	0.0000	0.42951	0.31434	0.26494	0.011700	0.48020
3/20/2001 22:00	0.0000	0.0927	0.0057	0.33860	0.23576	0.21327	0.011700	0.41555
3/20/2001 23:00	0.0000	0.0000	0.0000	0.23935	0.16503	0.14336	0.011700	0.36111
3/21/2001 00:00	0.0000	0.2252	0.0139	0.13311	0.08382	0.09397	0.011700	0.29869
3/21/2001 01:00	0.0000	0.4051	0.0249	0.08487	0.04977	0.07966	0.011700	0.27502
3/21/2001 02:00	0.0000	0.5358	0.0330	0.07195	0.03405	0.06742	0.011700	0.27183
3/21/2001 03:00	0.0000	0.6366	0.0392	0.07568	0.03405	0.06007	0.011700	0.26800
3/21/2001 04:00	0.0000	0.6868	0.0423	0.11385	0.03405	0.07002	0.011700	0.25788
3/21/2001 05:00	0.0000	0.6594	0.0406	0.28186	0.03667	0.08238	0.011700	0.28777
3/21/2001 06:00	0.0000	0.5222	0.0321	0.59520	0.05763	0.13459	0.011700	0.33249
3/21/2001 07:00	0.0000	0.7922	0.0487	0.68026	0.10216	0.21032	0.041700	0.35330
3/21/2001 08:00	0.0000	0.2461	0.0151	0.65675	0.08121	0.27132	0.011700	0.29869
3/21/2001 09:00	0.0000	0.0681	0.0042	0.58708	0.04191	0.33250	0.011700	0.25421
3/21/2001 10:00	0.0000	0.0000	0.0000	0.50525	0.03405	0.34779	0.011700	0.26019
3/21/2001 11:00	0.0000	0.0293	0.0018	0.43245	0.03405	0.36309	0.011700	0.26027
3/21/2001 12:00	0.0000	0.0000	0.0000	0.37595	0.03405	0.35331	0.011700	0.25589
3/21/2001 13:00	0.0000	0.0000	0.0000	0.34225	0.03405	0.32072	0.011700	0.26473
3/21/2001 14:00	0.0000	0.0000	0.0000	0.30839	0.03405	0.29567	0.011700	0.27964
3/21/2001 15:00	0.0000	0.0000	0.0000	0.31267	0.03929	0.30433	0.011700	0.29518
3/21/2001 16:00	0.0000	0.0000	0.0000	0.35342	0.06025	0.35098	0.011700	0.34915
3/21/2001 17:00	0.0000	0.0000	0.0000	0.44060	0.12050	0.43555	0.011700	0.42416
3/21/2001 18:00	0.0000	0.3519	0.0216	0.52150	0.23314	0.39348	0.041700	0.46051
3/21/2001 19:00	0.0000	0.1645	0.0101	0.53585	0.34840	0.31774	0.011700	0.47534
3/21/2001 20:00	0.0000	0.2336	0.0144	0.48795	0.37459	0.28125	0.011700	0.49168
3/21/2001 21:00	0.0000	0.3767	0.0232	0.42970	0.31434	0.26494	0.011700	0.48020
3/21/2001 22:00	0.0000	0.5266	0.0324	0.33786	0.23576	0.21327	0.011700	0.41555
3/21/2001 23:00	0.0000	0.6366	0.0392	0.23874	0.16503	0.14336	0.011700	0.36111
3/22/2001 00:00	0.0000	0.7375	0.0454	0.13282	0.08382	0.09397	0.011700	0.29869
3/22/2001 01:00	0.0000	0.7934	0.0488	0.08472	0.04977	0.07966	0.011700	0.27502
3/22/2001 02:00	0.0000	0.8295	0.0510	0.07185	0.03405	0.06742	0.011700	0.27183
3/22/2001 03:00	0.0000	0.8391	0.0516	0.07557	0.03405	0.06007	0.011700	0.26800
3/22/2001 04:00	0.0000	0.7802	0.0480	0.11361	0.03405	0.07002	0.011700	0.25788
3/22/2001 05:00	0.0000	0.6478	0.0399	0.28110	0.03667	0.08238	0.011700	0.28777
3/22/2001 06:00	0.0000	0.4139	0.0255	0.59346	0.05763	0.13459	0.011700	0.33249
3/22/2001 07:00	0.0000	0.4191	0.0258	0.67823	0.10216	0.21032	0.041700	0.35330
3/22/2001 08:00	0.0000	0.0141	0.0009	0.65478	0.08121	0.27132	0.011700	0.29869
3/22/2001 09:00	0.0000	0.0000	0.0000	0.58530	0.04191	0.33250	0.011700	0.25421
3/22/2001 10:00	0.0000	0.0000	0.0000	0.50340	0.03405	0.34779	0.011700	0.26019
3/22/2001 11:00	0.0000	0.0000	0.0000	0.43038	0.03405	0.36309	0.011700	0.26027
3/22/2001 12:00	0.0000	0.0000	0.0000	0.37351	0.03405	0.35331	0.011700	0.25589
3/22/2001 13:00	0.0000	0.0000	0.0000	0.34051	0.03405	0.32072	0.011700	0.26473
3/22/2001 14:00	0.0000	0.0000	0.0000	0.30830	0.03405	0.29567	0.011700	0.27964
3/22/2001 15:00	0.0000	0.0000	0.0000	0.31258	0.03929	0.30433	0.011700	0.29518
3/22/2001 16:00	0.0000	0.0000	0.0000	0.35143	0.06025	0.35098	0.011700	0.34915
3/22/2001 17:00	0.0000	0.4051	0.0249	0.43771	0.12050	0.43555	0.011700	0.42416
3/22/2001 18:00	0.0000	1.2632	0.0777	0.52070	0.23314	0.39348	0.041700	0.46051
3/22/2001 19:00	0.0000	0.0000	0.0000	0.53433	0.34840	0.31774	0.011700	0.47534
3/22/2001 20:00	0.0000	0.0000	0.0000	0.48606	0.37459	0.28125	0.011700	0.49168
3/22/2001 21:00	0.0000	0.2203	0.0136	0.42820	0.31434	0.26494	0.011700	0.48020
3/22/2001 22:00	0.0000	0.5988	0.0368	0.33690	0.23576	0.21327	0.011700	0.41555
3/22/2001 23:00	0.0000	0.9694	0.0596	0.23811	0.16503	0.14336	0.011700	0.36111
3/23/2001 00:00	0.0000	1.3873	0.0853	0.13252	0.08382	0.09397	0.011700	0.29869
3/23/2001 01:00	0.0000	1.7167	0.1056	0.08457	0.04977	0.07966	0.011700	0.27502
3/23/2001 02:00	0.0000	2.0159	0.1240	0.07174	0.03405	0.06742	0.011700	0.27183
3/23/2001 03:00	0.0000	2.2642	0.1393	0.07545	0.03405	0.06007	0.011700	0.26800
3/23/2001 04:00	0.0000	2.4165	0.1487	0.11336	0.03405	0.07002	0.011700	0.25788
3/23/2001 05:00	0.0000	2.4582	0.1512	0.28033	0.03667	0.08238	0.011700	0.28777
3/23/2001 06:00	0.0000	2.1964	0.1351	0.59170	0.05763	0.13459	0.011700	0.33249
3/23/2001 07:00	0.0000	2.3404	0.1440	0.67618	0.10216	0.21032	0.041700	0.35330
3/23/2001 08:00	0.0000	0.7910	0.0487	0.65278	0.08121	0.27132	0.011700	0.29869
3/23/2001 09:00	0.0000	0.1945	0.0120	0.58351	0.04191	0.33250	0.011700	0.25421
3/23/2001 10:00	0.0000	0.0000	0.0000	0.50218	0.03405	0.34779	0.011700	0.26019
3/23/2001 11:00	0.0000	0.0000	0.0000	0.42979	0.03405	0.36309	0.011700	0.26027
3/23/2001 12:00	0.0000	0.0000	0.0000	0.37352	0.03405	0.35331	0.011700	0.25589
3/23/2001 13:00	0.0000	0.0000	0.0000	0.33950	0.03405	0.32072	0.011700	0.26473
3/23/2001 14:00	0.0000	0.0000	0.0000	0.30556	0.03405	0.29567	0.011700	0.27964
3/23/2001 15:00	0.0000	0.0000	0.0000	0.30932	0.03929	0.30433	0.011700	0.29518
3/23/2001 16:00	0.0000	0.0000	0.0000	0.34875	0.06025	0.35098	0.011700	0.34915
3/23/2001 17:00	0.0000	0.0000	0.0000	0.43474	0.12050	0.43555	0.011700	0.42416
3/23/2001 18:00	0.0000	0.0000	0.0000	0.51485	0.23314	0.39348	0.041700	0.46051
3/23/2001 19:00	0.0000	0.0000	0.0000	0.53006	0.34840	0.31774	0.011700	0.47534
3/23/2001 20:00	0.0000	0.0000	0.0000	0.48295	0.37459	0.28125	0.011700	0.49168
3/23/2001 21:00	0.0000	0.0000	0.0000	0.42571	0.31434	0.26494	0.011700	0.48020
3/23/2001 22:00	0.0000	0.4537	0.0279	0.33549	0.23576	0.21327	0.011700	0.41555
3/23/2001 23:00	0.0000	0.8329	0.0512	0.23745	0.16503	0.14336	0.011700	0.36111
3/24/2001 00:00	0.0000	1.2273	0.0755	0.13221	0.08382	0.09397	0.011700	0.29869
3/24/2001 01:00	0.0000	1.5622	0.0961	0.08442	0.04977	0.07966	0.011700	0.27502
3/24/2001 02:00	0.0000	1.8189	0.1119	0.07163	0.03405	0.06742	0.011700	0.27183
3/24/2001 03:00	0.0000	2.0220	0.1244	0.07533	0.03405	0.06007	0.011700	0.26800
3/24/2001 04:00	0.0000	2.1613	0.1330	0.11311	0.03405	0.07002	0.011700	0.25788
3/24/2001 05:00	0.0000	2.2052	0.1357	0.27955	0.03667	0.08238	0.011700	0.28777
3/24/2001 06:00	0.0000	2.0493	0.1261	0.58991	0.05763	0.13459	0.011700	0.33249
3/24/2001 07:00	0.0000	2.0906	0.1286	0.67409	0.10216	0.21032	0.041700	0.35330
3/24/2001 08:00	0.0000	0.4824	0.0297	0.65075	0.08121	0.27132	0.011700	0.29869
3/24/2001 09:00	0.0000	0.0000	0.0000	0.58169	0.04191	0.33250	0.011700	0.25421
3/24/2001 10:00	0.0000	0.0000	0.0000	0.50005	0.03405	0.34779	0.011700	0.26019
3/24/2001 11:00	0.0000	0.0000	0.0000	0.42706	0.03405	0.36309	0.011700	0.26027
3/24/2001 12:00	0.0000	0.0000	0.0000	0.37027	0.03405	0.35331	0.011700	0.25589
3/24/2001 13:00	0.0000	0.0000	0.0000	0.33730	0.03405	0.32072	0.011700	0.26473
3/24/2001 14:00	0.0000	0.0000	0.0000	0.30503	0.03405	0.29567	0.011700	0.27964
3/24/2001 15:00	0.0000	0.0000	0.0000	0.30932	0.03929	0.30433	0.011700	0.29518
3/24/2001 16:00	0.0000	0.0000	0.0000	0.34864	0.06025	0.35098	0.011700	0.34915
3/24/2001 17:00	0.0000	0.0000	0.0000	0.43572	0.12050	0.43555	0.011700	0.42416
3/24/2001 18:00	0.0000	0.0000	0.0000	0.51625	0.23314	0.39348	0.041700	0.46051
3/24/2001 19:00	0.0000	0.0000	0.0000	0.53015	0.34840	0.31774	0.011700	0.47534
3/24/2001 20:00	0.0000	0.0000	0.0000	0.48234	0.37459	0.28125	0.011700	0.49168
3/24/2001 21:00	0.0000	0.0000	0.0000	0.42450	0.31434	0.26494	0.011700	0.48020
3/24/2001 22:00	0.0000	0.2766	0.0170	0.33433	0.23576	0.21327	0.011700	0.41555
3/24/2001 23:00	0.0000	0.3958	0.0244	0.23681	0.16503	0.14336	0.011700	0.36111
3/25/2001 00:00	0.0000	0.7444	0.0458	0.14095	0.08382	0.10055	0.011700	0.29869
3/25/2001 01:00	0.0000	1.0221	0.0629	0.08901	0.04977	0.08360	0.011700	0.27502
3/25/2001 02:00	0.0000	1.2340	0.0759	0.07503	0.03405	0.07003	0.011700	0.27183
3/25/2001 03:00	0.0000	1.4018	0.0862	0.07897	0.03405	0.06144	0.011700	0.26800
3/25/2001 04:00	0.0000	1.4769	0.0909	0.12057	0.03405	0.07269	0.011700	0.25788
3/25/2001 05:00	0.0000	1.4449	0.0889	0.30112	0.03667	0.08648	0.011700	0.28777
3/25/2001 06:00	0.0000	1.2647	0.0778	0.63944	0.05763	0.14521	0.011700	0.33249
3/25/2001 07:00	0.0000	1.3707	0.0843	0.73414	0.10216	0.23148	0.041700	0.35330
3/25/2001 08:00	0.0000	0.3003	0.0185	0.71338	0.08121	0.30375	0.011700	0.29869
3/25/2001 09:00	0.0000	0.0000	0.0000	0.63921	0.04191	0.37753	0.011700	0.25421
3/25/2001 10:00	0.0000	0.0000	0.0000	0.54937	0.03405	0.39871	0.011700	0.26019
3/25/2001 11:00	0.0000	0.0000	0.0000	0.46820	0.03405	0.41558	0.011700	0.26027
3/25/2001 12:00	0.0000	0.0000	0.0000	0.40621	0.03405	0.40112	0.011700	0.25589
3/25/2001 13:00	0.0000	0.0000	0.0000	0.36752	0.03405	0.36431	0.011700	0.26473
3/25/2001 14:00	0.0000	0.0000	0.0000	0.33074	0.03405	0.33480	0.011700	0.27964
3/25/2001 15:00	0.0000	0.0000	0.0000	0.33431	0.03929	0.34138	0.011700	0.29518
3/25/2001 16:00	0.0000	0.0000	0.0000	0.38010	0.06025	0.38690	0.011700	0.34915
3/25/2001 17:00	0.0000	0.0000	0.0000	0.47306	0.12050	0.47090	0.011700	0.42416
3/25/2001 18:00	0.0000	0.0000	0.0000	0.56580	0.23314	0.42779	0.041700	0.46051
3/25/2001 19:00	0.0000	0.0000	0.0000	0.58800	0.34840	0.35199	0.011700	0.47534
3/25/2001 20:00	0.0000	0.0000	0.0000	0.53804	0.37459	0.31611	0.011700	0.49168
3/25/2001 21:00	0.0000	0.0000	0.0000	0.47150	0.31434	0.30055	0.011700	0.48020
3/25/2001 22:00	0.0000	0.0000	0.0000	0.37128	0.23576	0.24157	0.011700	0.41555
3/25/2001 23:00	0.0000	0.3047	0.0187	0.25992	0.16503	0.15890	0.011700	0.36111
3/26/2001 00:00	0.0000	0.6781	0.0417	0.14058	0.08382	0.10055	0.011700	0.29869
3/26/2001 01:00	0.0000	0.9543	0.0587	0.08883	0.04977	0.08360	0.011700	0.27502
3/26/2001 02:00	0.0000	1.1928	0.0734	0.07491	0.03405	0.07003	0.011700	0.27183
3/26/2001 03:00	0.0000	1.3614	0.0837	0.07884	0.03405	0.06144	0.011700	0.26800
3/26/2001 04:00	0.0000	1.4878	0.0915	0.12029	0.03405	0.07269	0.011700	0.25788
3/26/2001 05:00	0.0000	1.5279	0.0940	0.30025	0.03667	0.08648	0.011700	0.28777
3/26/2001 06:00	0.0000	1.3840	0.0851	0.63744	0.05763	0.14521	0.011700	0.33249
3/26/2001 07:00	0.0000	1.4151	0.0871	0.73179	0.10216	0.23148	0.041700	0.35330
3/26/2001 08:00	0.0000	0.1150	0.0071	0.71107	0.08121	0.30375	0.011700	0.29869
3/26/2001 09:00	0.0000	0.0000	0.0000	0.63712	0.04191	0.37753	0.011700	0.25421
3/26/2001 10:00	0.0000	0.0000	0.0000	0.54712	0.03405	0.39871	0.011700	0.26019
3/26/2001 11:00	0.0000	0.0000	0.0000	0.46579	0.03405	0.41558	0.011700	0.26027
3/26/2001 12:00	0.0000	0.0000	0.0000	0.40347	0.03405	0.40112	0.011700	0.25589
3/26/2001 13:00	0.0000	0.0000	0.0000	0.36468	0.03405	0.36431	0.011700	0.26473
3/26/2001 14:00	0.0000	0.0000	0.0000	0.32780	0.03405	0.33480	0.011700	0.27964
3/26/2001 15:00	0.0000	0.0000	0.0000	0.33105	0.03929	0.34138	0.011700	0.29518
3/26/2001 16:00	0.0000	0.0000	0.0000	0.37632	0.06025	0.38690	0.011700	0.34915
3/26/2001 17:00	0.0000	0.0000	0.0000	0.46855	0.12050	0.47090	0.011700	0.42416
3/26/2001 18:00	0.0000	0.0000	0.0000	0.56086	0.23314	0.42779	0.041700	0.46051
3/26/2001 19:00	0.0000	0.0000	0.0000	0.58253	0.34840	0.35199	0.011700	0.47534
3/26/2001 20:00	0.0000	0.0000	0.0000	0.53275	0.37459	0.31611	0.011700	0.49168
3/26/2001 21:00	0.0000	0.0000	0.0000	0.46640	0.31434	0.30055	0.011700	0.48020
3/26/2001 22:00	0.0000	0.0000	0.0000	0.36647	0.23576	0.24157	0.011700	0.41555
3/26/2001 23:00	0.0000	0.0000	0.0000	0.25548	0.16503	0.15890	0.011700	0.36111
3/27/2001 00:00	0.0000	0.0000	0.0000	0.12815	0.08382	0.09397	0.011700	0.29869
3/27/2001 01:00	0.0000	0.4869	0.0300	0.08193	0.04977	0.07966	0.011700	0.27502
3/27/2001 02:00	0.0000	0.6955	0.0428	0.07117	0.03405	0.06742	0.011700	0.27183
3/27/2001 03:00	0.0000	0.4957	0.0305	0.07494	0.03405	0.06007	0.011700	0.26800
3/27/2001 04:00	0.0000	0.7551	0.0465	0.11235	0.03405	0.07002	0.011700	0.25788
3/27/2001 05:00	0.0000	0.8602	0.0529	0.27715	0.03667	0.08238	0.011700	0.28777
3/27/2001 06:00	0.0000	0.8228	0.0506	0.58443	0.05763	0.13459	0.011700	0.33249
3/27/2001 07:00	0.0000	0.9138	0.0562	0.66769	0.10216	0.21032	0.041700	0.35330
3/27/2001 08:00	0.0000	0.0000	0.0000	0.64451	0.08121	0.27132	0.011700	0.29869
3/27/2001 09:00	0.0000	0.0000	0.0000	0.57595	0.04191	0.33250	0.011700	0.25421
3/27/2001 10:00	0.0000	0.0000	0.0000	0.49438	0.03405	0.34779	0.011700	0.26019
3/27/2001 11:00	0.0000	0.0000	0.0000	0.42183	0.03405	0.36309	0.011700	0.26027
3/27/2001 12:00	0.0000	0.0000	0.0000	0.36684	0.03405	0.35331	0.011700	0.25589
3/27/2001 13:00	0.0000	0.0000	0.0000	0.33466	0.03405	0.32072	0.011700	0.26473
3/27/2001 14:00	0.0000	0.0000	0.0000	0.30195	0.03405	0.29567	0.011700	0.27964
3/27/2001 15:00	0.0000	0.0000	0.0000	0.30634	0.03929	0.30433	0.011700	0.29518
3/27/2001 16:00	0.0000	0.0000	0.0000	0.34606	0.06025	0.35098	0.011700	0.34915
3/27/2001 17:00	0.0000	0.0000	0.0000	0.43204	0.12050	0.43555	0.011700	0.42416
3/27/2001 18:00	0.0000	0.0000	0.0000	0.51181	0.23314	0.39348	0.041700	0.46051
3/27/2001 19:00	0.0000	0.0000	0.0000	0.52552	0.34840	0.31774	0.011700	0.47534
3/27/2001 20:00	0.0000	0.0000	0.0000	0.47806	0.37459	0.28125	0.011700	0.49168
3/27/2001 21:00	0.0000	0.0000	0.0000	0.42038	0.31434	0.26494	0.011700	0.48020
3/27/2001 22:00	0.0000	0.0000	0.0000	0.33093	0.23576	0.21327	0.011700	0.41555
3/27/2001 23:00	0.0000	0.0771	0.0047	0.23469	0.16503	0.14336	0.011700	0.36111
3/28/2001 00:00	0.0000	0.0688	0.0042	0.13095	0.08382	0.09397	0.011700	0.29869
3/28/2001 01:00	0.0000	0.2441	0.0150	0.08378	0.04977	0.07966	0.011700	0.27502
3/28/2001 02:00	0.0000	0.3668	0.0226	0.07119	0.03405	0.06742	0.011700	0.27183
3/28/2001 03:00	0.0000	0.4509	0.0277	0.07483	0.03405	0.06007	0.011700	0.26800
3/28/2001 04:00	0.0000	0.4746	0.0292	0.11210	0.03405	0.07002	0.011700	0.25788
3/28/2001 05:00	0.0000	0.4289	0.0264	0.27633	0.03667	0.08238	0.011700	0.28777
3/28/2001 06:00	0.0000	0.2421	0.0149	0.58255	0.05763	0.13459	0.011700	0.33249
3/28/2001 07:00	0.0000	0.0000	0.0000	0.66550	0.10216	0.21032	0.041700	0.35330
3/28/2001 08:00	0.0000	0.0000	0.0000	0.64217	0.08121	0.27132	0.011700	0.29869
3/28/2001 09:00	0.0000	0.0000	0.0000	0.57313	0.04191	0.33250	0.011700	0.25421
3/28/2001 10:00	0.0000	0.0000	0.0000	0.49188	0.03405	0.34779	0.011700	0.26019
3/28/2001 11:00	0.0000	0.0000	0.0000	0.41993	0.03405	0.36309	0.011700	0.26027
3/28/2001 12:00	0.0000	0.0000	0.0000	0.36413	0.03405	0.35331	0.011700	0.25589
3/28/2001 13:00	0.0000	0.0000	0.0000	0.33100	0.03405	0.32072	0.011700	0.26473
3/28/2001 14:00	0.0000	0.0000	0.0000	0.29762	0.03405	0.29567	0.011700	0.27964
3/28/2001 15:00	0.0000	0.0000	0.0000	0.30144	0.03929	0.30433	0.011700	0.29518
3/28/2001 16:00	0.0000	0.0000	0.0000	0.34028	0.06025	0.35098	0.011700	0.34915
3/28/2001 17:00	0.0000	0.0000	0.0000	0.42515	0.12050	0.43555	0.011700	0.42416
3/28/2001 18:00	0.0000	0.0000	0.0000	0.50444	0.23314	0.39348	0.041700	0.46051
3/28/2001 19:00	0.0000	0.0000	0.0000	0.51876	0.34840	0.31774	0.011700	0.47534
3/28/2001 20:00	0.0000	0.0000	0.0000	0.47188	0.37459	0.28125	0.011700	0.49168
3/28/2001 21:00	0.0000	0.0000	0.0000	0.41503	0.31434	0.26494	0.011700	0.48020
3/28/2001 22:00	0.0000	0.0000	0.0000	0.32567	0.23576	0.21327	0.011700	0.41555
3/28/2001 23:00	0.0000	0.0000	0.0000	0.22932	0.16503	0.14336	0.011700	0.36111
3/29/2001 00:00	0.0000	0.0000	0.0000	0.12627	0.08382	0.09397	0.011700	0.29869
3/29/2001 01:00	0.0000	0.0000	0.0000	0.07981	0.04977	0.07966	0.011700	0.27502
3/29/2001 02:00	0.0000	0.5927	0.0365	0.07081	0.03405	0.06742	0.011700	0.27183
3/29/2001 03:00	0.0000	0.0000	0.0000	0.07469	0.03405	0.06007	0.011700	0.26800
3/29/2001 04:00	0.0000	0.0000	0.0000	0.11077	0.03405	0.07002	0.011700	0.25788
3/29/2001 05:00	0.0000	0.0000	0.0000	0.27412	0.03667	0.08238	0.011700	0.28777
3/29/2001 06:00	0.0000	0.0000	0.0000	0.58007	0.05763	0.13459	0.011700	0.33249
3/29/2001 07:00	0.0000	0.0000	0.0000	0.66316	0.10216	0.21032	0.041700	0.35330
3/29/2001 08:00	0.0000	0.0000	0.0000	0.63861	0.08121	0.27132	0.011700	0.29869
3/29/2001 09:00	0.0000	0.0000	0.0000	0.56901	0.04191	0.33250	0.011700	0.25421
3/29/2001 10:00	0.0000	0.0000	0.0000	0.48884	0.03405	0.34779	0.011700	0.26019
3/29/2001 11:00	0.0000	0.0000	0.0000	0.41749	0.03405	0.36309	0.011700	0.26027
3/29/2001 12:00	0.0000	0.0000	0.0000	0.36084	0.03405	0.35331	0.011700	0.25589
3/29/2001 13:00	0.0000	0.0000	0.0000	0.32726	0.03405	0.32072	0.011700	0.26473
3/29/2001 14:00	0.0000	0.0000	0.0000	0.29629	0.03405	0.29567	0.011700	0.27964
3/29/2001 15:00	0.0000	0.0000	0.0000	0.30105	0.03929	0.30433	0.011700	0.29518
3/29/2001 16:00	0.0000	0.0000	0.0000	0.34069	0.06025	0.35098	0.011700	0.34915
3/29/2001 17:00	0.0000	0.0000	0.0000	0.42661	0.12050	0.43555	0.011700	0.42416
3/29/2001 18:00	0.0000	0.0000	0.0000	0.50664	0.23314	0.39348	0.041700	0.46051
3/29/2001 19:00	0.0000	0.0000	0.0000	0.52111	0.34840	0.31774	0.011700	0.47534
3/29/2001 20:00	0.0000	0.0000	0.0000	0.47472	0.37459	0.28125	0.011700	0.49168
3/29/2001 21:00	0.0000	0.0000	0.0000	0.41787	0.31434	0.26494	0.011700	0.48020
3/29/2001 22:00	0.0000	0.0000	0.0000	0.32847	0.23576	0.21327	0.011700	0.41555
3/29/2001 23:00	0.0000	0.0000	0.0000	0.23210	0.16503	0.14336	0.011700	0.36111
3/30/2001 00:00	0.0000	0.0000	0.0000	0.12924	0.08382	0.09397	0.011700	0.29869
3/30/2001 01:00	0.0000	0.0000	0.0000	0.08272	0.04977	0.07966	0.011700	0.27502
3/30/2001 02:00	0.0000	0.0000	0.0000	0.06955	0.03405	0.06742	0.011700	0.27183
3/30/2001 03:00	0.0000	0.0000	0.0000	0.07308	0.03405	0.06007	0.011700	0.26800
3/30/2001 04:00	0.0000	0.0000	0.0000	0.11022	0.03405	0.07002	0.011700	0.25788
3/30/2001 05:00	0.0000	0.0000	0.0000	0.27339	0.03667	0.08238	0.011700	0.28777
3/30/2001 06:00	0.0000	0.0000	0.0000	0.57741	0.05763	0.13459	0.011700	0.33249
3/30/2001 07:00	0.0000	0.0000	0.0000	0.65933	0.10216	0.21032	0.041700	0.35330
3/30/2001 08:00	0.0000	0.0000	0.0000	0.63588	0.08121	0.27132	0.011700	0.29869
3/30/2001 09:00	0.0000	0.0000	0.0000	0.56677	0.04191	0.33250	0.011700	0.25421
3/30/2001 10:00	0.0000	0.0000	0.0000	0.48590	0.03405	0.34779	0.011700	0.26019
3/30/2001 11:00	0.0000	0.0000	0.0000	0.41431	0.03405	0.36309	0.011700	0.26027
3/30/2001 12:00	0.0000	0.0000	0.0000	0.35832	0.03405	0.35331	0.011700	0.25589
3/30/2001 13:00	0.0000	0.0000	0.0000	0.32510	0.03405	0.32072	0.011700	0.26473
3/30/2001 14:00	0.0000	0.0000	0.0000	0.29187	0.03405	0.29567	0.011700	0.27964
3/30/2001 15:00	0.0000	0.0000	0.0000	0.29564	0.03929	0.30433	0.011700	0.29518
3/30/2001 16:00	0.0000	0.0000	0.0000	0.33452	0.06025	0.35098	0.011700	0.34915
3/30/2001 17:00	0.0000	0.0000	0.0000	0.41904	0.12050	0.43555	0.011700	0.42416
3/30/2001 18:00	0.0000	0.0000	0.0000	0.49782	0.23314	0.39348	0.041700	0.46051
3/30/2001 19:00	0.0000	0.0000	0.0000	0.51227	0.34840	0.31774	0.011700	0.47534
3/30/2001 20:00	0.0000	0.0000	0.0000	0.46580	0.37459	0.28125	0.011700	0.49168
3/30/2001 21:00	0.0000	0.0000	0.0000	0.40950	0.31434	0.26494	0.011700	0.48020
3/30/2001 22:00	0.0000	0.0000	0.0000	0.32100	0.23576	0.21327	0.011700	0.41555
3/30/2001 23:00	0.0000	0.0000	0.0000	0.22557	0.16503	0.14336	0.011700	0.36111
3/31/2001 00:00	0.0000	0.0000	0.0000	0.12341	0.08382	0.09397	0.011700	0.29869
3/31/2001 01:00	0.0000	0.0000	0.0000	0.07745	0.04977	0.07966	0.011700	0.27502
3/31/2001 02:00	0.0000	0.1271	0.0078	0.06987	0.03405	0.06742	0.011700	0.27183
3/31/2001 03:00	0.0000	0.0000	0.0000	0.07443	0.03405	0.06007	0.011700	0.26800
3/31/2001 04:00	0.0000	0.0000	0.0000	0.10966	0.03405	0.07002	0.011700	0.25788
3/31/2001 05:00	0.0000	0.0000	0.0000	0.27162	0.03667	0.08238	0.011700	0.28777
3/31/2001 06:00	0.0000	0.0000	0.0000	0.57582	0.05763	0.13459	0.011700	0.33249
3/31/2001 07:00	0.0000	0.0000	0.0000	0.65865	0.10216	0.21032	0.041700	0.35330
3/31/2001 08:00	0.0000	0.0000	0.0000	0.63503	0.08121	0.27132	0.011700	0.29869
3/31/2001 09:00	0.0000	0.0000	0.0000	0.56601	0.04191	0.33250	0.011700	0.25421
3/31/2001 10:00	0.0000	0.0000	0.0000	0.48639	0.03405	0.34779	0.011700	0.26019
3/31/2001 11:00	0.0000	0.0000	0.0000	0.41602	0.03405	0.36309	0.011700	0.26027
3/31/2001 12:00	0.0000	0.0000	0.0000	0.35963	0.03405	0.35331	0.011700	0.25589
3/31/2001 13:00	0.0000	0.0000	0.0000	0.32588	0.03405	0.32072	0.011700	0.26473
3/31/2001 14:00	0.0000	0.0000	0.0000	0.29248	0.03405	0.29567	0.011700	0.27964
3/31/2001 15:00	0.0000	0.0000	0.0000	0.29581	0.03929	0.30433	0.011700	0.29518
3/31/2001 16:00	0.0000	0.0000	0.0000	0.33378	0.06025	0.35098	0.011700	0.34915
3/31/2001 17:00	0.0000	0.0000	0.0000	0.41991	0.12050	0.43555	0.011700	0.42416
3/31/2001 18:00	0.0000	0.0000	0.0000	0.49948	0.23314	0.39348	0.041700	0.46051
3/31/2001 19:00	0.0000	0.0000	0.0000	0.51393	0.34840	0.31774	0.011700	0.47534
3/31/2001 20:00	0.0000	0.0000	0.0000	0.46825	0.37459	0.28125	0.011700	0.49168
3/31/2001 21:00	0.0000	0.0000	0.0000	0.41303	0.31434	0.26494	0.011700	0.48020
3/31/2001 22:00	0.0000	0.0000	0.0000	0.32548	0.23576	0.21327	0.011700	0.41555
3/31/2001 23:00	0.0000	0.0000	0.0000	0.23050	0.16503	0.14336	0.011700	0.36111
4/1/2001 00:00	0.0000	0.0000	0.0000	0.13724	0.08347	0.10055	0.011700	0.29869
4/1/2001 01:00	0.0000	0.0000	0.0000	0.08680	0.05137	0.08360	0.011700	0.27502
4/1/2001 02:00	0.0000	0.0000	0.0000	0.07277	0.03424	0.07003	0.011700	0.27183
4/1/2001 03:00	0.0000	0.0000	0.0000	0.07693	0.03424	0.06144	0.011700	0.26800
4/1/2001 04:00	0.0000	0.1077	0.0066	0.11811	0.03424	0.07269	0.011700	0.25788
4/1/2001 05:00	0.0000	0.2913	0.0179	0.29476	0.03639	0.08648	0.011700	0.28777
4/1/2001 06:00	0.0000	0.3272	0.0201	0.62493	0.05993	0.14521	0.011700	0.33249
4/1/2001 07:00	0.0000	0.4223	0.0260	0.71709	0.11130	0.23148	0.041700	0.35330
4/1/2001 08:00	0.0000	0.0000	0.0000	0.69664	0.08989	0.30375	0.011700	0.29869
4/1/2001 09:00	0.0000	0.0000	0.0000	0.62330	0.04281	0.37753	0.011700	0.25421
4/1/2001 10:00	0.0000	0.0000	0.0000	0.53502	0.03424	0.39871	0.011700	0.26019
4/1/2001 11:00	0.0000	0.0000	0.0000	0.45579	0.03424	0.41558	0.011700	0.26027
4/1/2001 12:00	0.0517	0.0000	0.0105	0.39570	0.03424	0.40112	0.011700	0.25589
4/1/2001 13:00	0.0771	0.0000	0.0158	0.35865	0.03424	0.36431	0.011700	0.26473
4/1/2001 14:00	0.1091	0.0000	0.0223	0.32367	0.03424	0.33480	0.011700	0.27964
4/1/2001 15:00	0.1852	0.0000	0.0379	0.32796	0.03424	0.34138	0.011700	0.29518
4/1/2001 16:00	0.1841	0.0000	0.0380	0.37336	0.03639	0.38690	0.011700	0.34915
4/1/2001 17:00	0.1174	0.0000	0.0250	0.46456	0.04923	0.47090	0.011700	0.42416
4/1/2001 18:00	0.0000	0.0000	0.0000	0.55524	0.08989	0.42779	0.041700	0.46051
4/1/2001 19:00	0.0000	0.0000	0.0000	0.57554	0.17764	0.35199	0.011700	0.47534
4/1/2001 20:00	0.0000	0.0000	0.0000	0.52683	0.29108	0.31611	0.011700	0.49168
4/1/2001 21:00	0.0000	0.0000	0.0000	0.46141	0.31462	0.30055	0.011700	0.48020
4/1/2001 22:00	0.0000	0.0000	0.0000	0.36319	0.23543	0.24157	0.011700	0.41555
4/1/2001 23:00	0.0000	0.1486	0.0091	0.25434	0.16266	0.15890	0.011700	0.36111
4/2/2001 00:00	0.0000	0.5379	0.0331	0.08754	0.05137	0.08360	0.011700	0.27502
4/2/2001 01:00	0.0000	0.5379	0.0331	0.08754	0.05137	0.08360	0.011700	0.27502
4/2/2001 02:00	0.0000	0.8842	0.0544	0.07400	0.03424	0.07003	0.011700	0.27183
4/2/2001 03:00	0.0000	1.3141	0.0808	0.07783	0.03424	0.06144	0.011700	0.26800
4/2/2001 04:00	0.0000	1.5338	0.0944	0.11824	0.03424	0.07269	0.011700	0.25788
4/2/2001 05:00	0.0000	1.7311	0.1065	0.29383	0.03639	0.08648	0.011700	0.28777
4/2/2001 06:00	0.0000	1.8029	0.1109	0.62277	0.05993	0.14521	0.011700	0.33249
4/2/2001 07:00	0.0000	2.7228	0.1675	0.71456	0.11130	0.23148	0.041700	0.35330
4/2/2001 08:00	0.0000	1.2205	0.0751	0.69415	0.08989	0.30375	0.011700	0.29869
4/2/2001 09:00	0.0000	0.7220	0.0444	0.62185	0.04281	0.37753	0.011700	0.25421
4/2/2001 10:00	0.0000	0.0696	0.0043	0.53497	0.03424	0.39871	0.011700	0.26019
4/2/2001 11:00	0.0000	0.0103	0.0006	0.45686	0.03424	0.41558	0.011700	0.26027
4/2/2001 12:00	0.0000	0.0000	0.0000	0.39707	0.03424	0.40112	0.011700	0.25589
4/2/2001 13:00	0.0000	0.0000	0.0000	0.35940	0.03424	0.36431	0.011700	0.26473
4/2/2001 14:00	0.0182	0.0000	0.0039	0.32341	0.03424	0.33480	0.011700	0.27964
4/2/2001 15:00	0.0905	0.0000	0.0192	0.32683	0.03424	0.34138	0.011700	0.29518
4/2/2001 16:00	0.1793	0.0000	0.0375	0.37206	0.03639	0.38690	0.011700	0.34915
4/2/2001 17:00	0.2258	0.0000	0.0491	0.46294	0.04923	0.47090	0.011700	0.42416
4/2/2001 18:00	0.0864	0.0000	0.0193	0.55331	0.08989	0.42779	0.041700	0.46051
4/2/2001 19:00	0.0280	0.0000	0.0064	0.57294	0.17764	0.35199	0.011700	0.47534
4/2/2001 20:00	0.0000	0.0000	0.0000	0.52381	0.29108	0.31611	0.011700	0.49168
4/2/2001 21:00	0.0000	0.0000	0.0000	0.45888	0.31462	0.30055	0.011700	0.48020
4/2/2001 22:00	0.0000	0.0000	0.0000	0.36131	0.23543	0.24157	0.011700	0.41555
4/2/2001 23:00	0.0000	0.0000	0.0000	0.25301	0.16266	0.15890	0.011700	0.36111
4/3/2001 00:00	0.0000	0.2916	0.0179	0.13783	0.08347	0.10055	0.011700	0.29869
4/3/2001 01:00	0.0000	0.4824	0.0297	0.08277	0.05137	0.07966	0.011700	0.27502
4/3/2001 02:00	0.0000	0.7700	0.0474	0.07048	0.03424	0.06742	0.011700	0.27183
4/3/2001 03:00	0.0000	0.9764	0.0601	0.07404	0.03424	0.06007	0.011700	0.26800
4/3/2001 04:00	0.0000	1.1468	0.0705	0.11048	0.03424	0.07002	0.011700	0.25788
4/3/2001 05:00	0.0000	1.1572	0.0712	0.27123	0.03639	0.08238	0.011700	0.28777
4/3/2001 06:00	0.0000	1.0340	0.0636	0.57091	0.05993	0.13459	0.011700	0.33249
4/3/2001 07:00	0.0000	1.4216	0.0875	0.65189	0.11130	0.21032	0.041700	0.35330
4/3/2001 08:00	0.0000	0.6649	0.0409	0.62914	0.08989	0.27132	0.011700	0.29869
4/3/2001 09:00	0.0000	0.2999	0.0185	0.56228	0.04281	0.33250	0.011700	0.25421
4/3/2001 10:00	0.0000	0.0000	0.0000	0.48396	0.03424	0.34779	0.011700	0.26019
4/3/2001 11:00	0.0000	0.0000	0.0000	0.41450	0.03424	0.36309	0.011700	0.26027
4/3/2001 12:00	0.0000	0.0000	0.0000	0.36040	0.03424	0.35331	0.011700	0.25589
4/3/2001 13:00	0.0000	0.0000	0.0000	0.32859	0.03424	0.32072	0.011700	0.26473
4/3/2001 14:00	0.0000	0.0000	0.0000	0.29658	0.03424	0.29567	0.011700	0.27964
4/3/2001 15:00	0.0000	0.0000	0.0000	0.30079	0.03424	0.30433	0.011700	0.29518
4/3/2001 16:00	0.0000	0.0000	0.0000	0.33929	0.03639	0.35098	0.011700	0.34915
4/3/2001 17:00	0.0000	0.0000	0.0000	0.42250	0.04923	0.43555	0.011700	0.42416
4/3/2001 18:00	0.0000	0.0000	0.0000	0.49984	0.08989	0.39348	0.041700	0.46051
4/3/2001 19:00	0.0000	0.1178	0.0072	0.51348	0.17764	0.31774	0.011700	0.47534
4/3/2001 20:00	0.0000	0.0000	0.0000	0.46828	0.29108	0.28125	0.011700	0.49168
4/3/2001 21:00	0.0000	0.0000	0.0000	0.41172	0.31462	0.26494	0.011700	0.48020
4/3/2001 22:00	0.0000	0.0000	0.0000	0.32336	0.23543	0.21327	0.011700	0.41555
4/3/2001 23:00	0.0000	0.0000	0.0000	0.22897	0.16266	0.14336	0.011700	0.36111
