Date/Time	Cooling (E)	Heating (E)	HVAC Fan/Pump (E)	Hot Water (E)	Lights (E)	Lg. Appl. (E)	Vent Fan (E)	Misc. (E)
	kWh	kWh	kWh	kWh	kWh	kWh	kWh	kWh
7/6/2001 00:00	0.3360	0.0000	0.0597	0.09570	0.08480	0.09397	0.011700	0.29869
7/6/2001 01:00	0.3084	0.0000	0.0548	0.06432	0.05123	0.07966	0.011700	0.27502
7/6/2001 02:00	0.2785	0.0000	0.0499	0.05649	0.03357	0.06742	0.011700	0.27183
7/6/2001 03:00	0.2659	0.0000	0.0477	0.05878	0.03357	0.06007	0.011700	0.26800
7/6/2001 04:00	0.2597	0.0000	0.0465	0.08275	0.03357	0.07002	0.011700	0.25788
7/6/2001 05:00	0.2626	0.0000	0.0475	0.19058	0.03533	0.08238	0.011700	0.28777
7/6/2001 06:00	0.3168	0.0000	0.0567	0.39090	0.04947	0.13459	0.011700	0.33249
7/6/2001 07:00	0.4598	0.0000	0.0816	0.44220	0.08127	0.21032	0.041700	0.35330
7/6/2001 08:00	0.5657	0.0000	0.0973	0.42498	0.06183	0.27132	0.011700	0.29869
7/6/2001 09:00	0.8310	0.0000	0.1383	0.37859	0.03357	0.33250	0.011700	0.25421
7/6/2001 10:00	1.0309	0.0000	0.1664	0.32578	0.02827	0.34779	0.011700	0.26019
7/6/2001 11:00	1.2754	0.0000	0.2034	0.28001	0.02827	0.36309	0.011700	0.26027
7/6/2001 12:00	1.1974	0.0000	0.1869	0.24433	0.02827	0.35331	0.011700	0.25589
7/6/2001 13:00	1.2821	0.0000	0.1981	0.22440	0.02827	0.32072	0.011700	0.26473
7/6/2001 14:00	1.3260	0.0000	0.2025	0.20362	0.02827	0.29567	0.011700	0.27964
7/6/2001 15:00	1.4475	0.0000	0.2211	0.20697	0.02827	0.30433	0.011700	0.29518
7/6/2001 16:00	1.5581	0.0000	0.2382	0.23281	0.03003	0.35098	0.011700	0.34915
7/6/2001 17:00	1.6152	0.0000	0.2470	0.28978	0.03533	0.43555	0.011700	0.42416
7/6/2001 18:00	1.4558	0.0000	0.2407	0.34395	0.05653	0.39348	0.041700	0.46051
7/6/2001 19:00	1.1946	0.0000	0.1977	0.35404	0.10777	0.31774	0.011700	0.47534
7/6/2001 20:00	0.8817	0.0000	0.1522	0.32203	0.19433	0.28125	0.011700	0.49168
7/6/2001 21:00	0.6660	0.0000	0.1188	0.28349	0.28090	0.26494	0.011700	0.48020
7/6/2001 22:00	0.4911	0.0000	0.0894	0.22543	0.23497	0.21327	0.011700	0.41555
7/6/2001 23:00	0.3940	0.0000	0.0710	0.16320	0.16253	0.14336	0.011700	0.36111
7/7/2001 00:00	0.2985	0.0000	0.0543	0.09554	0.08480	0.09397	0.011700	0.29869
7/7/2001 01:00	0.2392	0.0000	0.0439	0.06424	0.05123	0.07966	0.011700	0.27502
7/7/2001 02:00	0.1949	0.0000	0.0361	0.05643	0.03357	0.06742	0.011700	0.27183
7/7/2001 03:00	0.1543	0.0000	0.0291	0.05872	0.03357	0.06007	0.011700	0.26800
7/7/2001 04:00	0.1385	0.0000	0.0261	0.08262	0.03357	0.07002	0.011700	0.25788
7/7/2001 05:00	0.1275	0.0000	0.0245	0.19019	0.03533	0.08238	0.011700	0.28777
7/7/2001 06:00	0.1845	0.0000	0.0348	0.39001	0.04947	0.13459	0.011700	0.33249
7/7/2001 07:00	0.3644	0.0000	0.0667	0.44116	0.08127	0.21032	0.041700	0.35330
7/7/2001 08:00	0.4257	0.0000	0.0749	0.42396	0.06183	0.27132	0.011700	0.29869
7/7/2001 09:00	0.6554	0.0000	0.1119	0.37768	0.03357	0.33250	0.011700	0.25421
7/7/2001 10:00	0.8570	0.0000	0.1429	0.32500	0.02827	0.34779	0.011700	0.26019
7/7/2001 11:00	1.1935	0.0000	0.1929	0.27934	0.02827	0.36309	0.011700	0.26027
7/7/2001 12:00	1.0311	0.0000	0.1684	0.24376	0.02827	0.35331	0.011700	0.25589
7/7/2001 13:00	1.1105	0.0000	0.1795	0.22389	0.02827	0.32072	0.011700	0.26473
7/7/2001 14:00	1.0548	0.0000	0.1742	0.20316	0.02827	0.29567	0.011700	0.27964
7/7/2001 15:00	1.0782	0.0000	0.1799	0.20652	0.02827	0.30433	0.011700	0.29518
7/7/2001 16:00	1.0151	0.0000	0.1769	0.23229	0.03003	0.35098	0.011700	0.34915
7/7/2001 17:00	1.1209	0.0000	0.1915	0.28913	0.03533	0.43555	0.011700	0.42416
7/7/2001 18:00	1.1683	0.0000	0.2038	0.34318	0.05653	0.39348	0.041700	0.46051
7/7/2001 19:00	0.9597	0.0000	0.1710	0.35325	0.10777	0.31774	0.011700	0.47534
7/7/2001 20:00	0.7021	0.0000	0.1276	0.32132	0.19433	0.28125	0.011700	0.49168
7/7/2001 21:00	0.5456	0.0000	0.1001	0.28286	0.28090	0.26494	0.011700	0.48020
7/7/2001 22:00	0.4244	0.0000	0.0779	0.22495	0.23497	0.21327	0.011700	0.41555
7/7/2001 23:00	0.3201	0.0000	0.0594	0.16288	0.16253	0.14336	0.011700	0.36111
7/8/2001 00:00	0.2368	0.0000	0.0444	0.09539	0.08480	0.09397	0.011700	0.29869
7/8/2001 01:00	0.1810	0.0000	0.0342	0.06702	0.05123	0.08360	0.011700	0.27502
7/8/2001 02:00	0.1426	0.0000	0.0272	0.05855	0.03357	0.07003	0.011700	0.27183
7/8/2001 03:00	0.1189	0.0000	0.0226	0.06100	0.03357	0.06144	0.011700	0.26800
7/8/2001 04:00	0.0997	0.0000	0.0191	0.08726	0.03357	0.07269	0.011700	0.25788
7/8/2001 05:00	0.1058	0.0000	0.0203	0.20398	0.03533	0.08648	0.011700	0.28777
7/8/2001 06:00	0.1334	0.0000	0.0260	0.42175	0.04947	0.14521	0.011700	0.33249
7/8/2001 07:00	0.3034	0.0000	0.0561	0.47893	0.08127	0.23148	0.041700	0.35330
7/8/2001 08:00	0.5099	0.0000	0.0897	0.46270	0.06183	0.30375	0.011700	0.29869
7/8/2001 09:00	0.6870	0.0000	0.1183	0.41266	0.03357	0.37753	0.011700	0.25421
7/8/2001 10:00	0.8867	0.0000	0.1478	0.35461	0.02827	0.39871	0.011700	0.26019
7/8/2001 11:00	1.0170	0.0000	0.1735	0.30372	0.02827	0.41558	0.011700	0.26027
7/8/2001 12:00	1.0285	0.0000	0.1679	0.26479	0.02827	0.40112	0.011700	0.25589
7/8/2001 13:00	1.0782	0.0000	0.1743	0.24212	0.02827	0.36431	0.011700	0.26473
7/8/2001 14:00	1.1074	0.0000	0.1791	0.21972	0.02827	0.33480	0.011700	0.27964
7/8/2001 15:00	1.1725	0.0000	0.1898	0.22312	0.02827	0.34138	0.011700	0.29518
7/8/2001 16:00	1.2380	0.0000	0.2024	0.25303	0.03003	0.38690	0.011700	0.34915
7/8/2001 17:00	1.2615	0.0000	0.2109	0.31459	0.03533	0.47090	0.011700	0.42416
7/8/2001 18:00	1.2780	0.0000	0.2187	0.37697	0.05653	0.42779	0.041700	0.46051
7/8/2001 19:00	1.0106	0.0000	0.1783	0.39143	0.10777	0.35199	0.011700	0.47534
7/8/2001 20:00	0.7381	0.0000	0.1329	0.35752	0.19433	0.31611	0.011700	0.49168
7/8/2001 21:00	0.5923	0.0000	0.1067	0.31290	0.28090	0.30055	0.011700	0.48020
7/8/2001 22:00	0.4407	0.0000	0.0810	0.24875	0.23497	0.24157	0.011700	0.41555
7/8/2001 23:00	0.3427	0.0000	0.0630	0.17783	0.16253	0.15890	0.011700	0.36111
7/9/2001 00:00	0.2535	0.0000	0.0471	0.10085	0.08480	0.10055	0.011700	0.29869
7/9/2001 01:00	0.1939	0.0000	0.0363	0.06694	0.05123	0.08360	0.011700	0.27502
7/9/2001 02:00	0.1632	0.0000	0.0306	0.05849	0.03357	0.07003	0.011700	0.27183
7/9/2001 03:00	0.1468	0.0000	0.0275	0.06093	0.03357	0.06144	0.011700	0.26800
7/9/2001 04:00	0.1337	0.0000	0.0252	0.08714	0.03357	0.07269	0.011700	0.25788
7/9/2001 05:00	0.1464	0.0000	0.0276	0.20359	0.03533	0.08648	0.011700	0.28777
7/9/2001 06:00	0.1899	0.0000	0.0358	0.42086	0.04947	0.14521	0.011700	0.33249
7/9/2001 07:00	0.2405	0.0000	0.0449	0.47788	0.08127	0.23148	0.041700	0.35330
7/9/2001 08:00	0.2901	0.0000	0.0536	0.46167	0.06183	0.30375	0.011700	0.29869
7/9/2001 09:00	0.4552	0.0000	0.0816	0.41172	0.03357	0.37753	0.011700	0.25421
7/9/2001 10:00	0.7174	0.0000	0.1210	0.35381	0.02827	0.39871	0.011700	0.26019
7/9/2001 11:00	0.8455	0.0000	0.1472	0.30304	0.02827	0.41558	0.011700	0.26027
7/9/2001 12:00	0.8775	0.0000	0.1480	0.26421	0.02827	0.40112	0.011700	0.25589
7/9/2001 13:00	0.9056	0.0000	0.1527	0.24160	0.02827	0.36431	0.011700	0.26473
7/9/2001 14:00	0.9250	0.0000	0.1560	0.21926	0.02827	0.33480	0.011700	0.27964
7/9/2001 15:00	0.9374	0.0000	0.1564	0.22265	0.02827	0.34138	0.011700	0.29518
7/9/2001 16:00	0.9227	0.0000	0.1558	0.25249	0.03003	0.38690	0.011700	0.34915
7/9/2001 17:00	0.9267	0.0000	0.1565	0.31392	0.03533	0.47090	0.011700	0.42416
7/9/2001 18:00	0.9727	0.0000	0.1662	0.37617	0.05653	0.42779	0.041700	0.46051
7/9/2001 19:00	0.8027	0.0000	0.1385	0.39061	0.10777	0.35199	0.011700	0.47534
7/9/2001 20:00	0.6821	0.0000	0.1190	0.35676	0.19433	0.31611	0.011700	0.49168
7/9/2001 21:00	0.5998	0.0000	0.1056	0.31224	0.28090	0.30055	0.011700	0.48020
7/9/2001 22:00	0.4972	0.0000	0.0885	0.24824	0.23497	0.24157	0.011700	0.41555
7/9/2001 23:00	0.4186	0.0000	0.0745	0.17750	0.16253	0.15890	0.011700	0.36111
7/10/2001 00:00	0.3460	0.0000	0.0616	0.10070	0.08480	0.10055	0.011700	0.29869
7/10/2001 01:00	0.2878	0.0000	0.0517	0.06403	0.05123	0.07966	0.011700	0.27502
7/10/2001 02:00	0.2469	0.0000	0.0448	0.05628	0.03357	0.06742	0.011700	0.27183
7/10/2001 03:00	0.2276	0.0000	0.0413	0.05856	0.03357	0.06007	0.011700	0.26800
7/10/2001 04:00	0.2117	0.0000	0.0387	0.08228	0.03357	0.07002	0.011700	0.25788
7/10/2001 05:00	0.2140	0.0000	0.0396	0.18912	0.03533	0.08238	0.011700	0.28777
7/10/2001 06:00	0.2523	0.0000	0.0466	0.38756	0.04947	0.13459	0.011700	0.33249
7/10/2001 07:00	0.3354	0.0000	0.0613	0.43830	0.08127	0.21032	0.041700	0.35330
7/10/2001 08:00	0.4281	0.0000	0.0753	0.42118	0.06183	0.27132	0.011700	0.29869
7/10/2001 09:00	0.6274	0.0000	0.1092	0.37518	0.03357	0.33250	0.011700	0.25421
7/10/2001 10:00	0.8665	0.0000	0.1430	0.32285	0.02827	0.34779	0.011700	0.26019
7/10/2001 11:00	1.2009	0.0000	0.1918	0.27752	0.02827	0.36309	0.011700	0.26027
7/10/2001 12:00	1.1851	0.0000	0.1834	0.24219	0.02827	0.35331	0.011700	0.25589
7/10/2001 13:00	1.3425	0.0000	0.2051	0.22249	0.02827	0.32072	0.011700	0.26473
7/10/2001 14:00	1.4866	0.0000	0.2222	0.20191	0.02827	0.29567	0.011700	0.27964
7/10/2001 15:00	1.5994	0.0000	0.2362	0.20525	0.02827	0.30433	0.011700	0.29518
7/10/2001 16:00	1.5415	0.0000	0.2329	0.23084	0.03003	0.35098	0.011700	0.34915
7/10/2001 17:00	1.5407	0.0000	0.2386	0.28731	0.03533	0.43555	0.011700	0.42416
7/10/2001 18:00	1.4659	0.0000	0.2345	0.34104	0.05653	0.39348	0.041700	0.46051
7/10/2001 19:00	1.0709	0.0000	0.1772	0.35108	0.10777	0.31774	0.011700	0.47534
7/10/2001 20:00	0.6282	0.0000	0.1194	0.31933	0.19433	0.28125	0.011700	0.49168
7/10/2001 21:00	0.4907	0.0000	0.0933	0.28111	0.28090	0.26494	0.011700	0.48020
7/10/2001 22:00	0.3833	0.0000	0.0723	0.22362	0.23497	0.21327	0.011700	0.41555
7/10/2001 23:00	0.3025	0.0000	0.0570	0.16200	0.16253	0.14336	0.011700	0.36111
7/11/2001 00:00	0.2460	0.0000	0.0460	0.09497	0.08480	0.09397	0.011700	0.29869
7/11/2001 01:00	0.2214	0.0000	0.0410	0.06397	0.05123	0.07966	0.011700	0.27502
7/11/2001 02:00	0.1714	0.0000	0.0326	0.05624	0.03357	0.06742	0.011700	0.27183
7/11/2001 03:00	0.1589	0.0000	0.0302	0.05851	0.03357	0.06007	0.011700	0.26800
7/11/2001 04:00	0.1645	0.0000	0.0307	0.08218	0.03357	0.07002	0.011700	0.25788
7/11/2001 05:00	0.1904	0.0000	0.0352	0.18879	0.03533	0.08238	0.011700	0.28777
7/11/2001 06:00	0.2403	0.0000	0.0444	0.38681	0.04947	0.13459	0.011700	0.33249
7/11/2001 07:00	0.4342	0.0000	0.0779	0.43743	0.08127	0.21032	0.041700	0.35330
7/11/2001 08:00	0.5875	0.0000	0.1023	0.42033	0.06183	0.27132	0.011700	0.29869
7/11/2001 09:00	0.8049	0.0000	0.1356	0.37442	0.03357	0.33250	0.011700	0.25421
7/11/2001 10:00	0.9716	0.0000	0.1603	0.32220	0.02827	0.34779	0.011700	0.26019
7/11/2001 11:00	1.2142	0.0000	0.1960	0.27697	0.02827	0.36309	0.011700	0.26027
7/11/2001 12:00	1.1280	0.0000	0.1800	0.24172	0.02827	0.35331	0.011700	0.25589
7/11/2001 13:00	1.1821	0.0000	0.1867	0.22206	0.02827	0.32072	0.011700	0.26473
7/11/2001 14:00	1.2839	0.0000	0.1985	0.20153	0.02827	0.29567	0.011700	0.27964
7/11/2001 15:00	1.3748	0.0000	0.2126	0.20487	0.02827	0.30433	0.011700	0.29518
7/11/2001 16:00	1.4517	0.0000	0.2269	0.23040	0.03003	0.35098	0.011700	0.34915
7/11/2001 17:00	1.5684	0.0000	0.2428	0.28676	0.03533	0.43555	0.011700	0.42416
7/11/2001 18:00	1.5734	0.0000	0.2547	0.34039	0.05653	0.39348	0.041700	0.46051
7/11/2001 19:00	1.2678	0.0000	0.2098	0.35041	0.10777	0.31774	0.011700	0.47534
7/11/2001 20:00	0.9241	0.0000	0.1595	0.31873	0.19433	0.28125	0.011700	0.49168
7/11/2001 21:00	0.7276	0.0000	0.1270	0.28058	0.28090	0.26494	0.011700	0.48020
7/11/2001 22:00	0.5616	0.0000	0.0990	0.22322	0.23497	0.21327	0.011700	0.41555
7/11/2001 23:00	0.4385	0.0000	0.0782	0.16173	0.16253	0.14336	0.011700	0.36111
7/12/2001 00:00	0.3442	0.0000	0.0619	0.09485	0.08480	0.09397	0.011700	0.29869
7/12/2001 01:00	0.2912	0.0000	0.0524	0.06391	0.05123	0.07966	0.011700	0.27502
7/12/2001 02:00	0.2594	0.0000	0.0466	0.05619	0.03357	0.06742	0.011700	0.27183
7/12/2001 03:00	0.2261	0.0000	0.0410	0.05846	0.03357	0.06007	0.011700	0.26800
7/12/2001 04:00	0.1893	0.0000	0.0350	0.08208	0.03357	0.07002	0.011700	0.25788
7/12/2001 05:00	0.1911	0.0000	0.0353	0.18848	0.03533	0.08238	0.011700	0.28777
7/12/2001 06:00	0.2261	0.0000	0.0418	0.38611	0.04947	0.13459	0.011700	0.33249
7/12/2001 07:00	0.4314	0.0000	0.0767	0.43660	0.08127	0.21032	0.041700	0.35330
7/12/2001 08:00	0.6061	0.0000	0.1022	0.41952	0.06183	0.27132	0.011700	0.29869
7/12/2001 09:00	0.8987	0.0000	0.1451	0.37370	0.03357	0.33250	0.011700	0.25421
7/12/2001 10:00	1.1300	0.0000	0.1785	0.32158	0.02827	0.34779	0.011700	0.26019
7/12/2001 11:00	1.4413	0.0000	0.2250	0.27644	0.02827	0.36309	0.011700	0.26027
7/12/2001 12:00	1.2832	0.0000	0.2004	0.24126	0.02827	0.35331	0.011700	0.25589
7/12/2001 13:00	1.3125	0.0000	0.2029	0.22165	0.02827	0.32072	0.011700	0.26473
7/12/2001 14:00	1.3736	0.0000	0.2125	0.20117	0.02827	0.29567	0.011700	0.27964
7/12/2001 15:00	1.2590	0.0000	0.2012	0.20450	0.02827	0.30433	0.011700	0.29518
7/12/2001 16:00	1.1989	0.0000	0.2001	0.22998	0.03003	0.35098	0.011700	0.34915
7/12/2001 17:00	1.3162	0.0000	0.2106	0.28624	0.03533	0.43555	0.011700	0.42416
7/12/2001 18:00	1.3995	0.0000	0.2290	0.33977	0.05653	0.39348	0.041700	0.46051
7/12/2001 19:00	1.1180	0.0000	0.1891	0.34978	0.10777	0.31774	0.011700	0.47534
7/12/2001 20:00	0.8118	0.0000	0.1431	0.31815	0.19433	0.28125	0.011700	0.49168
7/12/2001 21:00	0.6414	0.0000	0.1144	0.28008	0.28090	0.26494	0.011700	0.48020
7/12/2001 22:00	0.5056	0.0000	0.0902	0.22283	0.23497	0.21327	0.011700	0.41555
7/12/2001 23:00	0.3957	0.0000	0.0713	0.16147	0.16253	0.14336	0.011700	0.36111
7/13/2001 00:00	0.3041	0.0000	0.0553	0.09472	0.08480	0.09397	0.011700	0.29869
7/13/2001 01:00	0.2553	0.0000	0.0464	0.06385	0.05123	0.07966	0.011700	0.27502
7/13/2001 02:00	0.2290	0.0000	0.0416	0.05615	0.03357	0.06742	0.011700	0.27183
7/13/2001 03:00	0.2195	0.0000	0.0399	0.05841	0.03357	0.06007	0.011700	0.26800
7/13/2001 04:00	0.2271	0.0000	0.0408	0.08199	0.03357	0.07002	0.011700	0.25788
7/13/2001 05:00	0.2504	0.0000	0.0450	0.18819	0.03533	0.08238	0.011700	0.28777
7/13/2001 06:00	0.2920	0.0000	0.0530	0.38543	0.04947	0.13459	0.011700	0.33249
7/13/2001 07:00	0.4238	0.0000	0.0754	0.43582	0.08127	0.21032	0.041700	0.35330
7/13/2001 08:00	0.4979	0.0000	0.0850	0.41876	0.06183	0.27132	0.011700	0.29869
7/13/2001 09:00	0.6592	0.0000	0.1099	0.37301	0.03357	0.33250	0.011700	0.25421
7/13/2001 10:00	0.9633	0.0000	0.1555	0.32098	0.02827	0.34779	0.011700	0.26019
7/13/2001 11:00	1.4056	0.0000	0.2172	0.27594	0.02827	0.36309	0.011700	0.26027
7/13/2001 12:00	1.3320	0.0000	0.2010	0.24083	0.02827	0.35331	0.011700	0.25589
7/13/2001 13:00	1.4197	0.0000	0.2120	0.22127	0.02827	0.32072	0.011700	0.26473
7/13/2001 14:00	1.5341	0.0000	0.2241	0.20083	0.02827	0.29567	0.011700	0.27964
7/13/2001 15:00	1.6943	0.0000	0.2446	0.20416	0.02827	0.30433	0.011700	0.29518
7/13/2001 16:00	1.8300	0.0000	0.2643	0.22959	0.03003	0.35098	0.011700	0.34915
7/13/2001 17:00	1.7964	0.0000	0.2654	0.28574	0.03533	0.43555	0.011700	0.42416
7/13/2001 18:00	1.7133	0.0000	0.2653	0.33919	0.05653	0.39348	0.041700	0.46051
7/13/2001 19:00	1.1261	0.0000	0.1881	0.34919	0.10777	0.31774	0.011700	0.47534
7/13/2001 20:00	0.8912	0.0000	0.1524	0.31761	0.19433	0.28125	0.011700	0.49168
7/13/2001 21:00	0.7266	0.0000	0.1255	0.27960	0.28090	0.26494	0.011700	0.48020
7/13/2001 22:00	0.5827	0.0000	0.1027	0.22247	0.23497	0.21327	0.011700	0.41555
7/13/2001 23:00	0.4743	0.0000	0.0845	0.16123	0.16253	0.14336	0.011700	0.36111
7/14/2001 00:00	0.4078	0.0000	0.0719	0.09461	0.08480	0.09397	0.011700	0.29869
7/14/2001 01:00	0.3846	0.0000	0.0672	0.06380	0.05123	0.07966	0.011700	0.27502
7/14/2001 02:00	0.3543	0.0000	0.0624	0.05612	0.03357	0.06742	0.011700	0.27183
7/14/2001 03:00	0.3240	0.0000	0.0577	0.05837	0.03357	0.06007	0.011700	0.26800
7/14/2001 04:00	0.3021	0.0000	0.0543	0.08190	0.03357	0.07002	0.011700	0.25788
7/14/2001 05:00	0.3138	0.0000	0.0563	0.18791	0.03533	0.08238	0.011700	0.28777
7/14/2001 06:00	0.3460	0.0000	0.0627	0.38480	0.04947	0.13459	0.011700	0.33249
7/14/2001 07:00	0.4311	0.0000	0.0773	0.43507	0.08127	0.21032	0.041700	0.35330
7/14/2001 08:00	0.4617	0.0000	0.0811	0.41804	0.06183	0.27132	0.011700	0.29869
7/14/2001 09:00	0.6514	0.0000	0.1110	0.37236	0.03357	0.33250	0.011700	0.25421
7/14/2001 10:00	0.8482	0.0000	0.1413	0.32043	0.02827	0.34779	0.011700	0.26019
7/14/2001 11:00	1.0778	0.0000	0.1757	0.27547	0.02827	0.36309	0.011700	0.26027
7/14/2001 12:00	0.9667	0.0000	0.1577	0.24043	0.02827	0.35331	0.011700	0.25589
7/14/2001 13:00	0.9800	0.0000	0.1598	0.22091	0.02827	0.32072	0.011700	0.26473
7/14/2001 14:00	0.9747	0.0000	0.1591	0.20050	0.02827	0.29567	0.011700	0.27964
7/14/2001 15:00	1.0603	0.0000	0.1731	0.20383	0.02827	0.30433	0.011700	0.29518
7/14/2001 16:00	1.1481	0.0000	0.1898	0.22922	0.03003	0.35098	0.011700	0.34915
7/14/2001 17:00	1.2235	0.0000	0.2023	0.28527	0.03533	0.43555	0.011700	0.42416
7/14/2001 18:00	1.3090	0.0000	0.2213	0.33863	0.05653	0.39348	0.041700	0.46051
7/14/2001 19:00	1.0230	0.0000	0.1787	0.34862	0.10777	0.31774	0.011700	0.47534
7/14/2001 20:00	0.7549	0.0000	0.1346	0.31710	0.19433	0.28125	0.011700	0.49168
7/14/2001 21:00	0.5731	0.0000	0.1043	0.27915	0.28090	0.26494	0.011700	0.48020
7/14/2001 22:00	0.4283	0.0000	0.0787	0.22212	0.23497	0.21327	0.011700	0.41555
7/14/2001 23:00	0.2942	0.0000	0.0557	0.16100	0.16253	0.14336	0.011700	0.36111
7/15/2001 00:00	0.2134	0.0000	0.0404	0.09450	0.08480	0.09397	0.011700	0.29869
7/15/2001 01:00	0.1476	0.0000	0.0284	0.06655	0.05123	0.08360	0.011700	0.27502
7/15/2001 02:00	0.1061	0.0000	0.0206	0.05821	0.03357	0.07003	0.011700	0.27183
7/15/2001 03:00	0.0699	0.0000	0.0138	0.06062	0.03357	0.06144	0.011700	0.26800
7/15/2001 04:00	0.0639	0.0000	0.0124	0.08650	0.03357	0.07269	0.011700	0.25788
7/15/2001 05:00	0.0659	0.0000	0.0129	0.20160	0.03533	0.08648	0.011700	0.28777
7/15/2001 06:00	0.1025	0.0000	0.0200	0.41631	0.04947	0.14521	0.011700	0.33249
7/15/2001 07:00	0.1799	0.0000	0.0343	0.47255	0.08127	0.23148	0.041700	0.35330
7/15/2001 08:00	0.3919	0.0000	0.0704	0.45643	0.06183	0.30375	0.011700	0.29869
7/15/2001 09:00	0.5875	0.0000	0.1034	0.40700	0.03357	0.37753	0.011700	0.25421
7/15/2001 10:00	0.7762	0.0000	0.1325	0.34975	0.02827	0.39871	0.011700	0.26019
7/15/2001 11:00	1.0547	0.0000	0.1723	0.29960	0.02827	0.41558	0.011700	0.26027
7/15/2001 12:00	0.9663	0.0000	0.1579	0.26125	0.02827	0.40112	0.011700	0.25589
7/15/2001 13:00	0.9991	0.0000	0.1652	0.23895	0.02827	0.36431	0.011700	0.26473
7/15/2001 14:00	1.0307	0.0000	0.1705	0.21690	0.02827	0.33480	0.011700	0.27964
7/15/2001 15:00	1.0790	0.0000	0.1785	0.22027	0.02827	0.34138	0.011700	0.29518
7/15/2001 16:00	1.1448	0.0000	0.1895	0.24976	0.03003	0.38690	0.011700	0.34915
7/15/2001 17:00	1.1973	0.0000	0.1983	0.31051	0.03533	0.47090	0.011700	0.42416
7/15/2001 18:00	1.1834	0.0000	0.2046	0.37212	0.05653	0.42779	0.041700	0.46051
7/15/2001 19:00	0.9285	0.0000	0.1658	0.38644	0.10777	0.35199	0.011700	0.47534
7/15/2001 20:00	0.6786	0.0000	0.1236	0.35294	0.19433	0.31611	0.011700	0.49168
7/15/2001 21:00	0.5263	0.0000	0.0968	0.30890	0.28090	0.30055	0.011700	0.48020
7/15/2001 22:00	0.3774	0.0000	0.0709	0.24568	0.23497	0.24157	0.011700	0.41555
7/15/2001 23:00	0.2618	0.0000	0.0501	0.17582	0.16253	0.15890	0.011700	0.36111
7/16/2001 00:00	0.1668	0.0000	0.0325	0.09992	0.08480	0.10055	0.011700	0.29869
7/16/2001 01:00	0.1088	0.0000	0.0214	0.06649	0.05123	0.08360	0.011700	0.27502
7/16/2001 02:00	0.0787	0.0000	0.0154	0.05817	0.03357	0.07003	0.011700	0.27183
7/16/2001 03:00	0.0501	0.0000	0.0099	0.06058	0.03357	0.06144	0.011700	0.26800
7/16/2001 04:00	0.0292	0.0000	0.0058	0.08641	0.03357	0.07269	0.011700	0.25788
7/16/2001 05:00	0.0322	0.0000	0.0064	0.20132	0.03533	0.08648	0.011700	0.28777
7/16/2001 06:00	0.0701	0.0000	0.0138	0.41570	0.04947	0.14521	0.011700	0.33249
7/16/2001 07:00	0.1600	0.0000	0.0305	0.47182	0.08127	0.23148	0.041700	0.35330
7/16/2001 08:00	0.2783	0.0000	0.0500	0.45572	0.06183	0.30375	0.011700	0.29869
7/16/2001 09:00	0.5457	0.0000	0.0961	0.40636	0.03357	0.37753	0.011700	0.25421
7/16/2001 10:00	0.7498	0.0000	0.1281	0.34919	0.02827	0.39871	0.011700	0.26019
7/16/2001 11:00	1.0104	0.0000	0.1687	0.29913	0.02827	0.41558	0.011700	0.26027
7/16/2001 12:00	0.9305	0.0000	0.1553	0.26084	0.02827	0.40112	0.011700	0.25589
7/16/2001 13:00	1.0365	0.0000	0.1693	0.23859	0.02827	0.36431	0.011700	0.26473
7/16/2001 14:00	1.0499	0.0000	0.1716	0.21658	0.02827	0.33480	0.011700	0.27964
7/16/2001 15:00	1.1125	0.0000	0.1819	0.21995	0.02827	0.34138	0.011700	0.29518
7/16/2001 16:00	1.1987	0.0000	0.1961	0.24939	0.03003	0.38690	0.011700	0.34915
7/16/2001 17:00	1.2039	0.0000	0.2013	0.31005	0.03533	0.47090	0.011700	0.42416
7/16/2001 18:00	1.2037	0.0000	0.2080	0.37157	0.05653	0.42779	0.041700	0.46051
7/16/2001 19:00	0.9462	0.0000	0.1689	0.38588	0.10777	0.35199	0.011700	0.47534
7/16/2001 20:00	0.6724	0.0000	0.1235	0.35243	0.19433	0.31611	0.011700	0.49168
7/16/2001 21:00	0.5100	0.0000	0.0948	0.30845	0.28090	0.30055	0.011700	0.48020
7/16/2001 22:00	0.3701	0.0000	0.0695	0.24534	0.23497	0.24157	0.011700	0.41555
7/16/2001 23:00	0.2675	0.0000	0.0507	0.17559	0.16253	0.15890	0.011700	0.36111
7/17/2001 00:00	0.1831	0.0000	0.0351	0.09981	0.08480	0.10055	0.011700	0.29869
7/17/2001 01:00	0.1468	0.0000	0.0278	0.06365	0.05123	0.07966	0.011700	0.27502
7/17/2001 02:00	0.1002	0.0000	0.0195	0.05601	0.03357	0.06742	0.011700	0.27183
7/17/2001 03:00	0.0746	0.0000	0.0146	0.05825	0.03357	0.06007	0.011700	0.26800
7/17/2001 04:00	0.0000	0.0000	0.0000	0.08167	0.03357	0.07002	0.011700	0.25788
7/17/2001 05:00	0.0402	0.0000	0.0078	0.18775	0.03533	0.08238	0.011700	0.28777
7/17/2001 06:00	0.1182	0.0000	0.0229	0.38312	0.04947	0.13459	0.011700	0.33249
7/17/2001 07:00	0.1870	0.0000	0.0349	0.43310	0.08127	0.21032	0.041700	0.35330
7/17/2001 08:00	0.2849	0.0000	0.0506	0.41612	0.06183	0.27132	0.011700	0.29869
7/17/2001 09:00	0.5507	0.0000	0.0958	0.37064	0.03357	0.33250	0.011700	0.25421
7/17/2001 10:00	0.7981	0.0000	0.1344	0.31895	0.02827	0.34779	0.011700	0.26019
7/17/2001 11:00	1.0568	0.0000	0.1759	0.27422	0.02827	0.36309	0.011700	0.26027
7/17/2001 12:00	1.0282	0.0000	0.1676	0.23935	0.02827	0.35331	0.011700	0.25589
7/17/2001 13:00	1.1004	0.0000	0.1794	0.21994	0.02827	0.32072	0.011700	0.26473
7/17/2001 14:00	1.1133	0.0000	0.1816	0.19964	0.02827	0.29567	0.011700	0.27964
7/17/2001 15:00	1.1756	0.0000	0.1919	0.20296	0.02827	0.30433	0.011700	0.29518
7/17/2001 16:00	1.2446	0.0000	0.2033	0.22823	0.03003	0.35098	0.011700	0.34915
7/17/2001 17:00	1.2861	0.0000	0.2127	0.28403	0.03533	0.43555	0.011700	0.42416
7/17/2001 18:00	1.2274	0.0000	0.2119	0.33716	0.05653	0.39348	0.041700	0.46051
7/17/2001 19:00	0.9640	0.0000	0.1700	0.34712	0.10777	0.31774	0.011700	0.47534
7/17/2001 20:00	0.6902	0.0000	0.1255	0.31573	0.19433	0.28125	0.011700	0.49168
7/17/2001 21:00	0.5166	0.0000	0.0958	0.27795	0.28090	0.26494	0.011700	0.48020
7/17/2001 22:00	0.3929	0.0000	0.0729	0.22120	0.23497	0.21327	0.011700	0.41555
7/17/2001 23:00	0.2893	0.0000	0.0543	0.16040	0.16253	0.14336	0.011700	0.36111
7/18/2001 00:00	0.2166	0.0000	0.0406	0.09421	0.08480	0.09397	0.011700	0.29869
7/18/2001 01:00	0.1742	0.0000	0.0327	0.06361	0.05123	0.07966	0.011700	0.27502
7/18/2001 02:00	0.1424	0.0000	0.0269	0.05598	0.03357	0.06742	0.011700	0.27183
7/18/2001 03:00	0.1338	0.0000	0.0251	0.05822	0.03357	0.06007	0.011700	0.26800
7/18/2001 04:00	0.1303	0.0000	0.0244	0.08160	0.03357	0.07002	0.011700	0.25788
7/18/2001 05:00	0.1325	0.0000	0.0252	0.18696	0.03533	0.08238	0.011700	0.28777
7/18/2001 06:00	0.1688	0.0000	0.0321	0.38262	0.04947	0.13459	0.011700	0.33249
7/18/2001 07:00	0.2277	0.0000	0.0425	0.43253	0.08127	0.21032	0.041700	0.35330
7/18/2001 08:00	0.2893	0.0000	0.0529	0.41557	0.06183	0.27132	0.011700	0.29869
7/18/2001 09:00	0.4989	0.0000	0.0869	0.37014	0.03357	0.33250	0.011700	0.25421
7/18/2001 10:00	0.6880	0.0000	0.1173	0.31852	0.02827	0.34779	0.011700	0.26019
7/18/2001 11:00	1.0263	0.0000	0.1675	0.27385	0.02827	0.36309	0.011700	0.26027
7/18/2001 12:00	1.0014	0.0000	0.1634	0.23904	0.02827	0.35331	0.011700	0.25589
7/18/2001 13:00	1.0544	0.0000	0.1720	0.21966	0.02827	0.32072	0.011700	0.26473
7/18/2001 14:00	1.1936	0.0000	0.1887	0.19940	0.02827	0.29567	0.011700	0.27964
7/18/2001 15:00	1.2506	0.0000	0.1998	0.20271	0.02827	0.30433	0.011700	0.29518
7/18/2001 16:00	1.3217	0.0000	0.2113	0.22794	0.03003	0.35098	0.011700	0.34915
7/18/2001 17:00	1.3537	0.0000	0.2191	0.28367	0.03533	0.43555	0.011700	0.42416
7/18/2001 18:00	1.2716	0.0000	0.2149	0.33674	0.05653	0.39348	0.041700	0.46051
7/18/2001 19:00	0.9743	0.0000	0.1683	0.34669	0.10777	0.31774	0.011700	0.47534
7/18/2001 20:00	0.7457	0.0000	0.1315	0.31534	0.19433	0.28125	0.011700	0.49168
7/18/2001 21:00	0.6007	0.0000	0.1071	0.27760	0.28090	0.26494	0.011700	0.48020
7/18/2001 22:00	0.4680	0.0000	0.0842	0.22094	0.23497	0.21327	0.011700	0.41555
7/18/2001 23:00	0.3800	0.0000	0.0684	0.16022	0.16253	0.14336	0.011700	0.36111
7/19/2001 00:00	0.2939	0.0000	0.0535	0.09413	0.08480	0.09397	0.011700	0.29869
7/19/2001 01:00	0.2388	0.0000	0.0438	0.06357	0.05123	0.07966	0.011700	0.27502
7/19/2001 02:00	0.2176	0.0000	0.0396	0.05595	0.03357	0.06742	0.011700	0.27183
7/19/2001 03:00	0.1761	0.0000	0.0329	0.05819	0.03357	0.06007	0.011700	0.26800
7/19/2001 04:00	0.1523	0.0000	0.0287	0.08154	0.03357	0.07002	0.011700	0.25788
7/19/2001 05:00	0.1571	0.0000	0.0296	0.18676	0.03533	0.08238	0.011700	0.28777
7/19/2001 06:00	0.1918	0.0000	0.0361	0.38218	0.04947	0.13459	0.011700	0.33249
7/19/2001 07:00	0.3034	0.0000	0.0555	0.43201	0.08127	0.21032	0.041700	0.35330
7/19/2001 08:00	0.3438	0.0000	0.0623	0.41506	0.06183	0.27132	0.011700	0.29869
7/19/2001 09:00	0.3614	0.0000	0.0660	0.36968	0.03357	0.33250	0.011700	0.25421
7/19/2001 10:00	0.4560	0.0000	0.0832	0.31813	0.02827	0.34779	0.011700	0.26019
7/19/2001 11:00	0.6341	0.0000	0.1147	0.27352	0.02827	0.36309	0.011700	0.26027
7/19/2001 12:00	0.7916	0.0000	0.1334	0.23875	0.02827	0.35331	0.011700	0.25589
7/19/2001 13:00	0.9501	0.0000	0.1566	0.21940	0.02827	0.32072	0.011700	0.26473
7/19/2001 14:00	1.0282	0.0000	0.1695	0.19917	0.02827	0.29567	0.011700	0.27964
7/19/2001 15:00	1.1436	0.0000	0.1864	0.20248	0.02827	0.30433	0.011700	0.29518
7/19/2001 16:00	1.2259	0.0000	0.2023	0.22767	0.03003	0.35098	0.011700	0.34915
7/19/2001 17:00	1.3169	0.0000	0.2175	0.28334	0.03533	0.43555	0.011700	0.42416
7/19/2001 18:00	1.3565	0.0000	0.2289	0.33635	0.05653	0.39348	0.041700	0.46051
7/19/2001 19:00	1.0540	0.0000	0.1838	0.34629	0.10777	0.31774	0.011700	0.47534
7/19/2001 20:00	0.7780	0.0000	0.1384	0.31498	0.19433	0.28125	0.011700	0.49168
7/19/2001 21:00	0.6074	0.0000	0.1092	0.27728	0.28090	0.26494	0.011700	0.48020
7/19/2001 22:00	0.4621	0.0000	0.0840	0.22070	0.23497	0.21327	0.011700	0.41555
7/19/2001 23:00	0.3660	0.0000	0.0665	0.16006	0.16253	0.14336	0.011700	0.36111
7/20/2001 00:00	0.2758	0.0000	0.0506	0.09405	0.08480	0.09397	0.011700	0.29869
7/20/2001 01:00	0.2155	0.0000	0.0399	0.06353	0.05123	0.07966	0.011700	0.27502
7/20/2001 02:00	0.1732	0.0000	0.0324	0.05593	0.03357	0.06742	0.011700	0.27183
7/20/2001 03:00	0.1436	0.0000	0.0271	0.05816	0.03357	0.06007	0.011700	0.26800
7/20/2001 04:00	0.1310	0.0000	0.0247	0.08148	0.03357	0.07002	0.011700	0.25788
7/20/2001 05:00	0.1313	0.0000	0.0250	0.18658	0.03533	0.08238	0.011700	0.28777
7/20/2001 06:00	0.1733	0.0000	0.0329	0.38176	0.04947	0.13459	0.011700	0.33249
7/20/2001 07:00	0.4082	0.0000	0.0732	0.43153	0.08127	0.21032	0.041700	0.35330
7/20/2001 08:00	0.5202	0.0000	0.0896	0.41459	0.06183	0.27132	0.011700	0.29869
7/20/2001 09:00	0.8263	0.0000	0.1364	0.36926	0.03357	0.33250	0.011700	0.25421
7/20/2001 10:00	0.9641	0.0000	0.1590	0.31777	0.02827	0.34779	0.011700	0.26019
7/20/2001 11:00	1.2483	0.0000	0.1992	0.27322	0.02827	0.36309	0.011700	0.26027
7/20/2001 12:00	1.1027	0.0000	0.1781	0.23849	0.02827	0.35331	0.011700	0.25589
7/20/2001 13:00	1.1241	0.0000	0.1795	0.21917	0.02827	0.32072	0.011700	0.26473
7/20/2001 14:00	1.1333	0.0000	0.1810	0.19896	0.02827	0.29567	0.011700	0.27964
7/20/2001 15:00	1.1830	0.0000	0.1912	0.20227	0.02827	0.30433	0.011700	0.29518
7/20/2001 16:00	1.2738	0.0000	0.2060	0.22743	0.03003	0.35098	0.011700	0.34915
7/20/2001 17:00	1.3133	0.0000	0.2146	0.28303	0.03533	0.43555	0.011700	0.42416
7/20/2001 18:00	1.3860	0.0000	0.2315	0.33599	0.05653	0.39348	0.041700	0.46051
7/20/2001 19:00	1.1065	0.0000	0.1892	0.34593	0.10777	0.31774	0.011700	0.47534
7/20/2001 20:00	0.8061	0.0000	0.1421	0.31464	0.19433	0.28125	0.011700	0.49168
7/20/2001 21:00	0.6157	0.0000	0.1108	0.27699	0.28090	0.26494	0.011700	0.48020
7/20/2001 22:00	0.4847	0.0000	0.0873	0.22047	0.23497	0.21327	0.011700	0.41555
7/20/2001 23:00	0.3735	0.0000	0.0680	0.15991	0.16253	0.14336	0.011700	0.36111
7/21/2001 00:00	0.2843	0.0000	0.0522	0.09398	0.08480	0.09397	0.011700	0.29869
7/21/2001 01:00	0.2260	0.0000	0.0419	0.06350	0.05123	0.07966	0.011700	0.27502
7/21/2001 02:00	0.2041	0.0000	0.0374	0.05591	0.03357	0.06742	0.011700	0.27183
7/21/2001 03:00	0.1621	0.0000	0.0306	0.05814	0.03357	0.06007	0.011700	0.26800
7/21/2001 04:00	0.1463	0.0000	0.0276	0.08143	0.03357	0.07002	0.011700	0.25788
7/21/2001 05:00	0.1408	0.0000	0.0268	0.18642	0.03533	0.08238	0.011700	0.28777
7/21/2001 06:00	0.1684	0.0000	0.0323	0.38139	0.04947	0.13459	0.011700	0.33249
7/21/2001 07:00	0.3781	0.0000	0.0679	0.43109	0.08127	0.21032	0.041700	0.35330
7/21/2001 08:00	0.5351	0.0000	0.0941	0.41416	0.06183	0.27132	0.011700	0.29869
7/21/2001 09:00	0.7877	0.0000	0.1328	0.36888	0.03357	0.33250	0.011700	0.25421
7/21/2001 10:00	0.9056	0.0000	0.1544	0.31744	0.02827	0.34779	0.011700	0.26019
7/21/2001 11:00	1.2204	0.0000	0.1971	0.27294	0.02827	0.36309	0.011700	0.26027
7/21/2001 12:00	1.1323	0.0000	0.1808	0.23825	0.02827	0.35331	0.011700	0.25589
7/21/2001 13:00	1.1712	0.0000	0.1852	0.21896	0.02827	0.32072	0.011700	0.26473
7/21/2001 14:00	1.1755	0.0000	0.1878	0.19877	0.02827	0.29567	0.011700	0.27964
7/21/2001 15:00	1.1906	0.0000	0.1926	0.20207	0.02827	0.30433	0.011700	0.29518
7/21/2001 16:00	1.2342	0.0000	0.2017	0.22721	0.03003	0.35098	0.011700	0.34915
7/21/2001 17:00	1.2405	0.0000	0.2072	0.28276	0.03533	0.43555	0.011700	0.42416
7/21/2001 18:00	1.2088	0.0000	0.2086	0.33566	0.05653	0.39348	0.041700	0.46051
7/21/2001 19:00	0.9882	0.0000	0.1726	0.34559	0.10777	0.31774	0.011700	0.47534
7/21/2001 20:00	0.7219	0.0000	0.1298	0.31434	0.19433	0.28125	0.011700	0.49168
7/21/2001 21:00	0.5522	0.0000	0.1013	0.27672	0.28090	0.26494	0.011700	0.48020
7/21/2001 22:00	0.4413	0.0000	0.0803	0.22027	0.23497	0.21327	0.011700	0.41555
7/21/2001 23:00	0.3248	0.0000	0.0603	0.15978	0.16253	0.14336	0.011700	0.36111
7/22/2001 00:00	0.2273	0.0000	0.0430	0.09392	0.08480	0.09397	0.011700	0.29869
7/22/2001 01:00	0.1672	0.0000	0.0319	0.06625	0.05123	0.08360	0.011700	0.27502
7/22/2001 02:00	0.1255	0.0000	0.0241	0.05800	0.03357	0.07003	0.011700	0.27183
7/22/2001 03:00	0.1025	0.0000	0.0197	0.06039	0.03357	0.06144	0.011700	0.26800
7/22/2001 04:00	0.0952	0.0000	0.0181	0.08602	0.03357	0.07269	0.011700	0.25788
7/22/2001 05:00	0.1012	0.0000	0.0194	0.20009	0.03533	0.08648	0.011700	0.28777
7/22/2001 06:00	0.1417	0.0000	0.0272	0.41287	0.04947	0.14521	0.011700	0.33249
7/22/2001 07:00	0.2756	0.0000	0.0504	0.46850	0.08127	0.23148	0.041700	0.35330
7/22/2001 08:00	0.3822	0.0000	0.0672	0.45245	0.06183	0.30375	0.011700	0.29869
7/22/2001 09:00	0.6672	0.0000	0.1125	0.40341	0.03357	0.37753	0.011700	0.25421
7/22/2001 10:00	0.7974	0.0000	0.1344	0.34666	0.02827	0.39871	0.011700	0.26019
7/22/2001 11:00	1.0560	0.0000	0.1743	0.29699	0.02827	0.41558	0.011700	0.26027
7/22/2001 12:00	1.0643	0.0000	0.1720	0.25900	0.02827	0.40112	0.011700	0.25589
7/22/2001 13:00	1.0501	0.0000	0.1697	0.23694	0.02827	0.36431	0.011700	0.26473
7/22/2001 14:00	1.0806	0.0000	0.1764	0.21511	0.02827	0.33480	0.011700	0.27964
7/22/2001 15:00	1.1169	0.0000	0.1825	0.21847	0.02827	0.34138	0.011700	0.29518
7/22/2001 16:00	1.2092	0.0000	0.1976	0.24769	0.03003	0.38690	0.011700	0.34915
7/22/2001 17:00	1.1718	0.0000	0.2003	0.30793	0.03533	0.47090	0.011700	0.42416
7/22/2001 18:00	1.2457	0.0000	0.2106	0.36905	0.05653	0.42779	0.041700	0.46051
7/22/2001 19:00	0.9516	0.0000	0.1677	0.38328	0.10777	0.35199	0.011700	0.47534
7/22/2001 20:00	0.7312	0.0000	0.1303	0.35005	0.19433	0.31611	0.011700	0.49168
7/22/2001 21:00	0.5922	0.0000	0.1065	0.30637	0.28090	0.30055	0.011700	0.48020
7/22/2001 22:00	0.4887	0.0000	0.0879	0.24374	0.23497	0.24157	0.011700	0.41555
7/22/2001 23:00	0.3657	0.0000	0.0671	0.17455	0.16253	0.15890	0.011700	0.36111
7/23/2001 00:00	0.2767	0.0000	0.0513	0.09933	0.08480	0.10055	0.011700	0.29869
7/23/2001 01:00	0.2159	0.0000	0.0404	0.06622	0.05123	0.08360	0.011700	0.27502
7/23/2001 02:00	0.1707	0.0000	0.0322	0.05798	0.03357	0.07003	0.011700	0.27183
7/23/2001 03:00	0.1465	0.0000	0.0277	0.06036	0.03357	0.06144	0.011700	0.26800
7/23/2001 04:00	0.1241	0.0000	0.0236	0.08597	0.03357	0.07269	0.011700	0.25788
7/23/2001 05:00	0.1287	0.0000	0.0245	0.19995	0.03533	0.08648	0.011700	0.28777
7/23/2001 06:00	0.1592	0.0000	0.0305	0.41254	0.04947	0.14521	0.011700	0.33249
7/23/2001 07:00	0.3103	0.0000	0.0568	0.46812	0.08127	0.23148	0.041700	0.35330
7/23/2001 08:00	0.4804	0.0000	0.0845	0.45208	0.06183	0.30375	0.011700	0.29869
7/23/2001 09:00	0.6876	0.0000	0.1184	0.40307	0.03357	0.37753	0.011700	0.25421
7/23/2001 10:00	0.8696	0.0000	0.1449	0.34637	0.02827	0.39871	0.011700	0.26019
7/23/2001 11:00	0.9395	0.0000	0.1617	0.29674	0.02827	0.41558	0.011700	0.26027
7/23/2001 12:00	0.9838	0.0000	0.1624	0.25879	0.02827	0.40112	0.011700	0.25589
7/23/2001 13:00	0.9008	0.0000	0.1600	0.23675	0.02827	0.36431	0.011700	0.26473
7/23/2001 14:00	0.8856	0.0000	0.1573	0.21494	0.02827	0.33480	0.011700	0.27964
7/23/2001 15:00	0.7485	0.0000	0.1382	0.21830	0.02827	0.34138	0.011700	0.29518
7/23/2001 16:00	0.7362	0.0000	0.1360	0.24749	0.03003	0.38690	0.011700	0.34915
7/23/2001 17:00	0.7756	0.0000	0.1420	0.30768	0.03533	0.47090	0.011700	0.42416
7/23/2001 18:00	0.7508	0.0000	0.1389	0.36876	0.05653	0.42779	0.041700	0.46051
7/23/2001 19:00	0.6249	0.0000	0.1157	0.38298	0.10777	0.35199	0.011700	0.47534
7/23/2001 20:00	0.4921	0.0000	0.0920	0.34977	0.19433	0.31611	0.011700	0.49168
7/23/2001 21:00	0.4221	0.0000	0.0789	0.30613	0.28090	0.30055	0.011700	0.48020
7/23/2001 22:00	0.3390	0.0000	0.0639	0.24356	0.23497	0.24157	0.011700	0.41555
7/23/2001 23:00	0.2724	0.0000	0.0514	0.17443	0.16253	0.15890	0.011700	0.36111
7/24/2001 00:00	0.2032	0.0000	0.0387	0.09927	0.08480	0.10055	0.011700	0.29869
7/24/2001 01:00	0.1675	0.0000	0.0319	0.06342	0.05123	0.07966	0.011700	0.27502
7/24/2001 02:00	0.1400	0.0000	0.0268	0.05585	0.03357	0.06742	0.011700	0.27183
7/24/2001 03:00	0.1280	0.0000	0.0245	0.05808	0.03357	0.06007	0.011700	0.26800
7/24/2001 04:00	0.1133	0.0000	0.0219	0.08130	0.03357	0.07002	0.011700	0.25788
7/24/2001 05:00	0.1242	0.0000	0.0240	0.18603	0.03533	0.08238	0.011700	0.28777
7/24/2001 06:00	0.1612	0.0000	0.0311	0.38050	0.04947	0.13459	0.011700	0.33249
7/24/2001 07:00	0.1638	0.0000	0.0313	0.43005	0.08127	0.21032	0.041700	0.35330
7/24/2001 08:00	0.2305	0.0000	0.0433	0.41315	0.06183	0.27132	0.011700	0.29869
7/24/2001 09:00	0.3421	0.0000	0.0624	0.36797	0.03357	0.33250	0.011700	0.25421
7/24/2001 10:00	0.5223	0.0000	0.0934	0.31665	0.02827	0.34779	0.011700	0.26019
7/24/2001 11:00	0.7072	0.0000	0.1240	0.27227	0.02827	0.36309	0.011700	0.26027
7/24/2001 12:00	0.8021	0.0000	0.1351	0.23768	0.02827	0.35331	0.011700	0.25589
7/24/2001 13:00	0.9157	0.0000	0.1542	0.21844	0.02827	0.32072	0.011700	0.26473
7/24/2001 14:00	1.0062	0.0000	0.1660	0.19831	0.02827	0.29567	0.011700	0.27964
7/24/2001 15:00	1.0897	0.0000	0.1798	0.20161	0.02827	0.30433	0.011700	0.29518
7/24/2001 16:00	0.9844	0.0000	0.1695	0.22669	0.03003	0.35098	0.011700	0.34915
7/24/2001 17:00	0.6901	0.0000	0.1309	0.28210	0.03533	0.43555	0.011700	0.42416
7/24/2001 18:00	0.5935	0.0000	0.1108	0.33489	0.05653	0.39348	0.041700	0.46051
7/24/2001 19:00	0.4717	0.0000	0.0897	0.34480	0.10777	0.31774	0.011700	0.47534
7/24/2001 20:00	0.4355	0.0000	0.0823	0.31362	0.19433	0.28125	0.011700	0.49168
7/24/2001 21:00	0.4246	0.0000	0.0792	0.27609	0.28090	0.26494	0.011700	0.48020
7/24/2001 22:00	0.3708	0.0000	0.0687	0.21979	0.23497	0.21327	0.011700	0.41555
7/24/2001 23:00	0.3082	0.0000	0.0571	0.15946	0.16253	0.14336	0.011700	0.36111
7/25/2001 00:00	0.2610	0.0000	0.0479	0.09377	0.08480	0.09397	0.011700	0.29869
7/25/2001 01:00	0.2216	0.0000	0.0411	0.06341	0.05123	0.07966	0.011700	0.27502
7/25/2001 02:00	0.1943	0.0000	0.0363	0.05584	0.03357	0.06742	0.011700	0.27183
7/25/2001 03:00	0.1692	0.0000	0.0319	0.05806	0.03357	0.06007	0.011700	0.26800
7/25/2001 04:00	0.1494	0.0000	0.0284	0.08128	0.03357	0.07002	0.011700	0.25788
7/25/2001 05:00	0.1507	0.0000	0.0289	0.18593	0.03533	0.08238	0.011700	0.28777
7/25/2001 06:00	0.1852	0.0000	0.0355	0.38028	0.04947	0.13459	0.011700	0.33249
7/25/2001 07:00	0.1811	0.0000	0.0344	0.42979	0.08127	0.21032	0.041700	0.35330
7/25/2001 08:00	0.1995	0.0000	0.0379	0.41289	0.06183	0.27132	0.011700	0.29869
7/25/2001 09:00	0.2299	0.0000	0.0433	0.36774	0.03357	0.33250	0.011700	0.25421
7/25/2001 10:00	0.2709	0.0000	0.0510	0.31646	0.02827	0.34779	0.011700	0.26019
7/25/2001 11:00	0.2898	0.0000	0.0546	0.27211	0.02827	0.36309	0.011700	0.26027
7/25/2001 12:00	0.3590	0.0000	0.0676	0.23754	0.02827	0.35331	0.011700	0.25589
7/25/2001 13:00	0.4061	0.0000	0.0758	0.21831	0.02827	0.32072	0.011700	0.26473
7/25/2001 14:00	0.4168	0.0000	0.0785	0.19819	0.02827	0.29567	0.011700	0.27964
7/25/2001 15:00	0.4144	0.0000	0.0781	0.20150	0.02827	0.30433	0.011700	0.29518
7/25/2001 16:00	0.4048	0.0000	0.0769	0.22655	0.03003	0.35098	0.011700	0.34915
7/25/2001 17:00	0.4265	0.0000	0.0804	0.28193	0.03533	0.43555	0.011700	0.42416
7/25/2001 18:00	0.4021	0.0000	0.0759	0.33469	0.05653	0.39348	0.041700	0.46051
7/25/2001 19:00	0.3851	0.0000	0.0727	0.34460	0.10777	0.31774	0.011700	0.47534
7/25/2001 20:00	0.3550	0.0000	0.0670	0.31344	0.19433	0.28125	0.011700	0.49168
7/25/2001 21:00	0.3393	0.0000	0.0640	0.27593	0.28090	0.26494	0.011700	0.48020
7/25/2001 22:00	0.2850	0.0000	0.0538	0.21966	0.23497	0.21327	0.011700	0.41555
7/25/2001 23:00	0.2041	0.0000	0.0392	0.15938	0.16253	0.14336	0.011700	0.36111
7/26/2001 00:00	0.1414	0.0000	0.0271	0.09373	0.08480	0.09397	0.011700	0.29869
7/26/2001 01:00	0.1073	0.0000	0.0206	0.06339	0.05123	0.07966	0.011700	0.27502
7/26/2001 02:00	0.0835	0.0000	0.0160	0.05583	0.03357	0.06742	0.011700	0.27183
7/26/2001 03:00	0.0608	0.0000	0.0118	0.05805	0.03357	0.06007	0.011700	0.26800
7/26/2001 04:00	0.0504	0.0000	0.0097	0.08125	0.03357	0.07002	0.011700	0.25788
7/26/2001 05:00	0.0658	0.0000	0.0127	0.18585	0.03533	0.08238	0.011700	0.28777
7/26/2001 06:00	0.1117	0.0000	0.0216	0.38009	0.04947	0.13459	0.011700	0.33249
7/26/2001 07:00	0.1067	0.0000	0.0204	0.42957	0.08127	0.21032	0.041700	0.35330
7/26/2001 08:00	0.1724	0.0000	0.0325	0.41268	0.06183	0.27132	0.011700	0.29869
7/26/2001 09:00	0.4046	0.0000	0.0735	0.36755	0.03357	0.33250	0.011700	0.25421
7/26/2001 10:00	0.5920	0.0000	0.1045	0.31630	0.02827	0.34779	0.011700	0.26019
7/26/2001 11:00	0.7229	0.0000	0.1288	0.27197	0.02827	0.36309	0.011700	0.26027
7/26/2001 12:00	0.8267	0.0000	0.1417	0.23742	0.02827	0.35331	0.011700	0.25589
7/26/2001 13:00	0.9070	0.0000	0.1540	0.21821	0.02827	0.32072	0.011700	0.26473
7/26/2001 14:00	0.9705	0.0000	0.1649	0.19811	0.02827	0.29567	0.011700	0.27964
7/26/2001 15:00	0.9456	0.0000	0.1623	0.20141	0.02827	0.30433	0.011700	0.29518
7/26/2001 16:00	0.9199	0.0000	0.1597	0.22645	0.03003	0.35098	0.011700	0.34915
7/26/2001 17:00	0.8556	0.0000	0.1501	0.28180	0.03533	0.43555	0.011700	0.42416
7/26/2001 18:00	0.8138	0.0000	0.1445	0.33454	0.05653	0.39348	0.041700	0.46051
7/26/2001 19:00	0.7242	0.0000	0.1286	0.34444	0.10777	0.31774	0.011700	0.47534
7/26/2001 20:00	0.5630	0.0000	0.1028	0.31329	0.19433	0.28125	0.011700	0.49168
7/26/2001 21:00	0.4714	0.0000	0.0870	0.27580	0.28090	0.26494	0.011700	0.48020
7/26/2001 22:00	0.3524	0.0000	0.0663	0.21956	0.23497	0.21327	0.011700	0.41555
7/26/2001 23:00	0.2562	0.0000	0.0487	0.15931	0.16253	0.14336	0.011700	0.36111
7/27/2001 00:00	0.1753	0.0000	0.0336	0.09370	0.08480	0.09397	0.011700	0.29869
7/27/2001 01:00	0.1302	0.0000	0.0249	0.06338	0.05123	0.07966	0.011700	0.27502
7/27/2001 02:00	0.0963	0.0000	0.0186	0.05582	0.03357	0.06742	0.011700	0.27183
7/27/2001 03:00	0.0717	0.0000	0.0139	0.05804	0.03357	0.06007	0.011700	0.26800
7/27/2001 04:00	0.0596	0.0000	0.0116	0.08123	0.03357	0.07002	0.011700	0.25788
7/27/2001 05:00	0.0613	0.0000	0.0120	0.18578	0.03533	0.08238	0.011700	0.28777
7/27/2001 06:00	0.1004	0.0000	0.0195	0.37994	0.04947	0.13459	0.011700	0.33249
7/27/2001 07:00	0.1114	0.0000	0.0214	0.42940	0.08127	0.21032	0.041700	0.35330
7/27/2001 08:00	0.2831	0.0000	0.0531	0.41252	0.06183	0.27132	0.011700	0.29869
7/27/2001 09:00	0.4284	0.0000	0.0759	0.36740	0.03357	0.33250	0.011700	0.25421
7/27/2001 10:00	0.6477	0.0000	0.1125	0.31617	0.02827	0.34779	0.011700	0.26019
7/27/2001 11:00	0.9184	0.0000	0.1546	0.27187	0.02827	0.36309	0.011700	0.26027
7/27/2001 12:00	0.8881	0.0000	0.1478	0.23733	0.02827	0.35331	0.011700	0.25589
7/27/2001 13:00	0.9643	0.0000	0.1571	0.21813	0.02827	0.32072	0.011700	0.26473
7/27/2001 14:00	1.0174	0.0000	0.1659	0.19803	0.02827	0.29567	0.011700	0.27964
7/27/2001 15:00	1.1340	0.0000	0.1850	0.20133	0.02827	0.30433	0.011700	0.29518
7/27/2001 16:00	1.3071	0.0000	0.2088	0.22636	0.03003	0.35098	0.011700	0.34915
7/27/2001 17:00	1.2604	0.0000	0.2151	0.28169	0.03533	0.43555	0.011700	0.42416
7/27/2001 18:00	1.0680	0.0000	0.1879	0.33441	0.05653	0.39348	0.041700	0.46051
7/27/2001 19:00	0.8486	0.0000	0.1511	0.34431	0.10777	0.31774	0.011700	0.47534
7/27/2001 20:00	0.6242	0.0000	0.1144	0.31317	0.19433	0.28125	0.011700	0.49168
7/27/2001 21:00	0.4952	0.0000	0.0917	0.27570	0.28090	0.26494	0.011700	0.48020
7/27/2001 22:00	0.3744	0.0000	0.0701	0.21948	0.23497	0.21327	0.011700	0.41555
7/27/2001 23:00	0.2882	0.0000	0.0540	0.15926	0.16253	0.14336	0.011700	0.36111
7/28/2001 00:00	0.2122	0.0000	0.0401	0.09367	0.08480	0.09397	0.011700	0.29869
7/28/2001 01:00	0.1698	0.0000	0.0321	0.06337	0.05123	0.07966	0.011700	0.27502
7/28/2001 02:00	0.1350	0.0000	0.0257	0.05581	0.03357	0.06742	0.011700	0.27183
7/28/2001 03:00	0.1176	0.0000	0.0224	0.05803	0.03357	0.06007	0.011700	0.26800
7/28/2001 04:00	0.1016	0.0000	0.0195	0.08121	0.03357	0.07002	0.011700	0.25788
7/28/2001 05:00	0.1000	0.0000	0.0193	0.18574	0.03533	0.08238	0.011700	0.28777
7/28/2001 06:00	0.1357	0.0000	0.0262	0.37984	0.04947	0.13459	0.011700	0.33249
7/28/2001 07:00	0.2262	0.0000	0.0426	0.42928	0.08127	0.21032	0.041700	0.35330
7/28/2001 08:00	0.3360	0.0000	0.0609	0.41240	0.06183	0.27132	0.011700	0.29869
7/28/2001 09:00	0.5805	0.0000	0.1020	0.36730	0.03357	0.33250	0.011700	0.25421
7/28/2001 10:00	0.7731	0.0000	0.1330	0.31608	0.02827	0.34779	0.011700	0.26019
7/28/2001 11:00	1.0364	0.0000	0.1726	0.27179	0.02827	0.36309	0.011700	0.26027
7/28/2001 12:00	0.9914	0.0000	0.1636	0.23726	0.02827	0.35331	0.011700	0.25589
7/28/2001 13:00	1.0636	0.0000	0.1734	0.21807	0.02827	0.32072	0.011700	0.26473
7/28/2001 14:00	1.0695	0.0000	0.1765	0.19798	0.02827	0.29567	0.011700	0.27964
7/28/2001 15:00	1.1870	0.0000	0.1896	0.20127	0.02827	0.30433	0.011700	0.29518
7/28/2001 16:00	0.9285	0.0000	0.1600	0.22630	0.03003	0.35098	0.011700	0.34915
7/28/2001 17:00	0.8555	0.0000	0.1475	0.28161	0.03533	0.43555	0.011700	0.42416
7/28/2001 18:00	0.6568	0.0000	0.1215	0.33431	0.05653	0.39348	0.041700	0.46051
7/28/2001 19:00	0.5975	0.0000	0.1106	0.34422	0.10777	0.31774	0.011700	0.47534
7/28/2001 20:00	0.4874	0.0000	0.0911	0.31308	0.19433	0.28125	0.011700	0.49168
7/28/2001 21:00	0.4246	0.0000	0.0794	0.27562	0.28090	0.26494	0.011700	0.48020
7/28/2001 22:00	0.3434	0.0000	0.0642	0.21943	0.23497	0.21327	0.011700	0.41555
7/28/2001 23:00	0.2841	0.0000	0.0526	0.15922	0.16253	0.14336	0.011700	0.36111
7/29/2001 00:00	0.2362	0.0000	0.0433	0.09365	0.08480	0.09397	0.011700	0.29869
7/29/2001 01:00	0.2071	0.0000	0.0379	0.06612	0.05123	0.08360	0.011700	0.27502
7/29/2001 02:00	0.1921	0.0000	0.0351	0.05791	0.03357	0.07003	0.011700	0.27183
7/29/2001 03:00	0.1740	0.0000	0.0321	0.06029	0.03357	0.06144	0.011700	0.26800
7/29/2001 04:00	0.1577	0.0000	0.0294	0.08582	0.03357	0.07269	0.011700	0.25788
7/29/2001 05:00	0.1507	0.0000	0.0286	0.19947	0.03533	0.08648	0.011700	0.28777
7/29/2001 06:00	0.2006	0.0000	0.0373	0.41147	0.04947	0.14521	0.011700	0.33249
7/29/2001 07:00	0.2720	0.0000	0.0506	0.46685	0.08127	0.23148	0.041700	0.35330
7/29/2001 08:00	0.3777	0.0000	0.0683	0.45083	0.06183	0.30375	0.011700	0.29869
7/29/2001 09:00	0.6777	0.0000	0.1165	0.40195	0.03357	0.37753	0.011700	0.25421
7/29/2001 10:00	0.9232	0.0000	0.1536	0.34540	0.02827	0.39871	0.011700	0.26019
7/29/2001 11:00	1.1780	0.0000	0.1941	0.29592	0.02827	0.41558	0.011700	0.26027
7/29/2001 12:00	1.1218	0.0000	0.1850	0.25808	0.02827	0.40112	0.011700	0.25589
7/29/2001 13:00	1.1244	0.0000	0.1833	0.23613	0.02827	0.36431	0.011700	0.26473
7/29/2001 14:00	0.9122	0.0000	0.1650	0.21438	0.02827	0.33480	0.011700	0.27964
7/29/2001 15:00	1.0191	0.0000	0.1754	0.21773	0.02827	0.34138	0.011700	0.29518
7/29/2001 16:00	0.9043	0.0000	0.1590	0.24684	0.03003	0.38690	0.011700	0.34915
7/29/2001 17:00	0.8835	0.0000	0.1523	0.30687	0.03533	0.47090	0.011700	0.42416
7/29/2001 18:00	0.9105	0.0000	0.1589	0.36780	0.05653	0.42779	0.041700	0.46051
7/29/2001 19:00	0.7521	0.0000	0.1313	0.38199	0.10777	0.35199	0.011700	0.47534
7/29/2001 20:00	0.6078	0.0000	0.1092	0.34887	0.19433	0.31611	0.011700	0.49168
7/29/2001 21:00	0.5243	0.0000	0.0952	0.30533	0.28090	0.30055	0.011700	0.48020
7/29/2001 22:00	0.4236	0.0000	0.0776	0.24295	0.23497	0.24157	0.011700	0.41555
7/29/2001 23:00	0.3297	0.0000	0.0610	0.17403	0.16253	0.15890	0.011700	0.36111
7/30/2001 00:00	0.2419	0.0000	0.0452	0.09909	0.08480	0.10055	0.011700	0.29869
7/30/2001 01:00	0.1891	0.0000	0.0356	0.06612	0.05123	0.08360	0.011700	0.27502
7/30/2001 02:00	0.1604	0.0000	0.0302	0.05791	0.03357	0.07003	0.011700	0.27183
7/30/2001 03:00	0.1436	0.0000	0.0270	0.06029	0.03357	0.06144	0.011700	0.26800
7/30/2001 04:00	0.1253	0.0000	0.0238	0.08582	0.03357	0.07269	0.011700	0.25788
7/30/2001 05:00	0.1271	0.0000	0.0243	0.19946	0.03533	0.08648	0.011700	0.28777
7/30/2001 06:00	0.1545	0.0000	0.0298	0.41143	0.04947	0.14521	0.011700	0.33249
7/30/2001 07:00	0.2340	0.0000	0.0444	0.46681	0.08127	0.23148	0.041700	0.35330
7/30/2001 08:00	0.4118	0.0000	0.0760	0.45079	0.06183	0.30375	0.011700	0.29869
7/30/2001 09:00	0.6178	0.0000	0.1096	0.40191	0.03357	0.37753	0.011700	0.25421
7/30/2001 10:00	0.8208	0.0000	0.1399	0.34537	0.02827	0.39871	0.011700	0.26019
7/30/2001 11:00	1.0820	0.0000	0.1785	0.29590	0.02827	0.41558	0.011700	0.26027
7/30/2001 12:00	0.9931	0.0000	0.1639	0.25806	0.02827	0.40112	0.011700	0.25589
7/30/2001 13:00	1.0877	0.0000	0.1757	0.23611	0.02827	0.36431	0.011700	0.26473
7/30/2001 14:00	1.1280	0.0000	0.1823	0.21436	0.02827	0.33480	0.011700	0.27964
7/30/2001 15:00	1.2364	0.0000	0.1975	0.21771	0.02827	0.34138	0.011700	0.29518
7/30/2001 16:00	1.2865	0.0000	0.2081	0.24682	0.03003	0.38690	0.011700	0.34915
7/30/2001 17:00	1.3538	0.0000	0.2212	0.30685	0.03533	0.47090	0.011700	0.42416
7/30/2001 18:00	1.3530	0.0000	0.2286	0.36777	0.05653	0.42779	0.041700	0.46051
7/30/2001 19:00	1.0260	0.0000	0.1791	0.38196	0.10777	0.35199	0.011700	0.47534
7/30/2001 20:00	0.7625	0.0000	0.1358	0.34884	0.19433	0.31611	0.011700	0.49168
7/30/2001 21:00	0.6027	0.0000	0.1084	0.30531	0.28090	0.30055	0.011700	0.48020
7/30/2001 22:00	0.4614	0.0000	0.0839	0.24293	0.23497	0.24157	0.011700	0.41555
7/30/2001 23:00	0.3508	0.0000	0.0644	0.17402	0.16253	0.15890	0.011700	0.36111
7/31/2001 00:00	0.2713	0.0000	0.0498	0.09908	0.08480	0.10055	0.011700	0.29869
7/31/2001 01:00	0.2223	0.0000	0.0408	0.06336	0.05123	0.07966	0.011700	0.27502
7/31/2001 02:00	0.1732	0.0000	0.0324	0.05581	0.03357	0.06742	0.011700	0.27183
7/31/2001 03:00	0.1603	0.0000	0.0297	0.05803	0.03357	0.06007	0.011700	0.26800
7/31/2001 04:00	0.1377	0.0000	0.0259	0.08120	0.03357	0.07002	0.011700	0.25788
7/31/2001 05:00	0.1377	0.0000	0.0261	0.18570	0.03533	0.08238	0.011700	0.28777
7/31/2001 06:00	0.1882	0.0000	0.0351	0.37975	0.04947	0.13459	0.011700	0.33249
7/31/2001 07:00	0.3717	0.0000	0.0673	0.42918	0.08127	0.21032	0.041700	0.35330
7/31/2001 08:00	0.5292	0.0000	0.0940	0.41230	0.06183	0.27132	0.011700	0.29869
7/31/2001 09:00	0.7640	0.0000	0.1302	0.36721	0.03357	0.33250	0.011700	0.25421
7/31/2001 10:00	1.0172	0.0000	0.1642	0.31600	0.02827	0.34779	0.011700	0.26019
7/31/2001 11:00	1.2953	0.0000	0.2066	0.27172	0.02827	0.36309	0.011700	0.26027
7/31/2001 12:00	1.2126	0.0000	0.1893	0.23721	0.02827	0.35331	0.011700	0.25589
7/31/2001 13:00	1.2773	0.0000	0.1974	0.21802	0.02827	0.32072	0.011700	0.26473
7/31/2001 14:00	1.2812	0.0000	0.1981	0.19793	0.02827	0.29567	0.011700	0.27964
7/31/2001 15:00	1.3253	0.0000	0.2071	0.20123	0.02827	0.30433	0.011700	0.29518
7/31/2001 16:00	1.4020	0.0000	0.2218	0.22624	0.03003	0.35098	0.011700	0.34915
7/31/2001 17:00	1.4440	0.0000	0.2309	0.28155	0.03533	0.43555	0.011700	0.42416
7/31/2001 18:00	1.4515	0.0000	0.2401	0.33424	0.05653	0.39348	0.041700	0.46051
7/31/2001 19:00	1.1085	0.0000	0.1896	0.34414	0.10777	0.31774	0.011700	0.47534
7/31/2001 20:00	0.8112	0.0000	0.1429	0.31301	0.19433	0.28125	0.011700	0.49168
7/31/2001 21:00	0.6223	0.0000	0.1119	0.27556	0.28090	0.26494	0.011700	0.48020
7/31/2001 22:00	0.4775	0.0000	0.0865	0.21938	0.23497	0.21327	0.011700	0.41555
7/31/2001 23:00	0.3677	0.0000	0.0671	0.15919	0.16253	0.14336	0.011700	0.36111
8/1/2001 00:00	0.2803	0.0000	0.0515	0.09364	0.08480	0.09397	0.011700	0.29869
8/1/2001 01:00	0.2257	0.0000	0.0417	0.06336	0.04950	0.07966	0.011700	0.27502
8/1/2001 02:00	0.1894	0.0000	0.0352	0.05581	0.03366	0.06742	0.011700	0.27183
8/1/2001 03:00	0.1622	0.0000	0.0304	0.05803	0.03366	0.06007	0.011700	0.26800
8/1/2001 04:00	0.1434	0.0000	0.0270	0.08121	0.03366	0.07002	0.011700	0.25788
8/1/2001 05:00	0.1540	0.0000	0.0289	0.18572	0.03564	0.08238	0.011700	0.28777
8/1/2001 06:00	0.1960	0.0000	0.0367	0.37980	0.05742	0.13459	0.011700	0.33249
8/1/2001 07:00	0.2716	0.0000	0.0507	0.42923	0.10097	0.21032	0.041700	0.35330
8/1/2001 08:00	0.3756	0.0000	0.0681	0.41235	0.07920	0.27132	0.011700	0.29869
8/1/2001 09:00	0.6011	0.0000	0.1058	0.36725	0.03960	0.33250	0.011700	0.25421
8/1/2001 10:00	0.7896	0.0000	0.1346	0.31604	0.03168	0.34779	0.011700	0.26019
8/1/2001 11:00	1.0451	0.0000	0.1738	0.27176	0.03168	0.36309	0.011700	0.26027
8/1/2001 12:00	1.0330	0.0000	0.1676	0.23724	0.03168	0.35331	0.011700	0.25589
8/1/2001 13:00	1.1652	0.0000	0.1842	0.21804	0.03168	0.32072	0.011700	0.26473
8/1/2001 14:00	1.1918	0.0000	0.1904	0.19795	0.03168	0.29567	0.011700	0.27964
8/1/2001 15:00	1.2226	0.0000	0.1977	0.20125	0.03168	0.30433	0.011700	0.29518
8/1/2001 16:00	1.2258	0.0000	0.2003	0.22627	0.03366	0.35098	0.011700	0.34915
8/1/2001 17:00	1.2310	0.0000	0.2048	0.28158	0.04356	0.43555	0.011700	0.42416
8/1/2001 18:00	1.2600	0.0000	0.2138	0.33428	0.07326	0.39348	0.041700	0.46051
8/1/2001 19:00	1.0157	0.0000	0.1754	0.34418	0.14255	0.31774	0.011700	0.47534
8/1/2001 20:00	0.7967	0.0000	0.1394	0.31305	0.24352	0.28125	0.011700	0.49168
8/1/2001 21:00	0.6502	0.0000	0.1155	0.27559	0.31282	0.26494	0.011700	0.48020
8/1/2001 22:00	0.5192	0.0000	0.0934	0.21940	0.23363	0.21327	0.011700	0.41555
8/1/2001 23:00	0.4037	0.0000	0.0740	0.15921	0.16235	0.14336	0.011700	0.36111
8/2/2001 00:00	0.3008	0.0000	0.0563	0.09365	0.08315	0.09397	0.011700	0.29869
8/2/2001 01:00	0.2276	0.0000	0.0434	0.06337	0.04950	0.07966	0.011700	0.27502
8/2/2001 02:00	0.1894	0.0000	0.0361	0.05581	0.03366	0.06742	0.011700	0.27183
8/2/2001 03:00	0.1670	0.0000	0.0318	0.05804	0.03366	0.06007	0.011700	0.26800
8/2/2001 04:00	0.1527	0.0000	0.0291	0.08122	0.03366	0.07002	0.011700	0.25788
8/2/2001 05:00	0.1640	0.0000	0.0311	0.18576	0.03564	0.08238	0.011700	0.28777
8/2/2001 06:00	0.2032	0.0000	0.0384	0.37988	0.05742	0.13459	0.011700	0.33249
8/2/2001 07:00	0.2340	0.0000	0.0440	0.42933	0.10097	0.21032	0.041700	0.35330
8/2/2001 08:00	0.2727	0.0000	0.0504	0.41245	0.07920	0.27132	0.011700	0.29869
8/2/2001 09:00	0.3496	0.0000	0.0633	0.36734	0.03960	0.33250	0.011700	0.25421
8/2/2001 10:00	0.5618	0.0000	0.0997	0.31612	0.03168	0.34779	0.011700	0.26019
8/2/2001 11:00	0.7714	0.0000	0.1347	0.27182	0.03168	0.36309	0.011700	0.26027
8/2/2001 12:00	0.8185	0.0000	0.1403	0.23729	0.03168	0.35331	0.011700	0.25589
8/2/2001 13:00	0.9339	0.0000	0.1573	0.21809	0.03168	0.32072	0.011700	0.26473
8/2/2001 14:00	1.0341	0.0000	0.1736	0.19800	0.03168	0.29567	0.011700	0.27964
8/2/2001 15:00	1.1081	0.0000	0.1853	0.20130	0.03168	0.30433	0.011700	0.29518
8/2/2001 16:00	1.1367	0.0000	0.1895	0.22633	0.03366	0.35098	0.011700	0.34915
8/2/2001 17:00	1.0803	0.0000	0.1830	0.28165	0.04356	0.43555	0.011700	0.42416
8/2/2001 18:00	1.0825	0.0000	0.1859	0.33435	0.07326	0.39348	0.041700	0.46051
8/2/2001 19:00	0.8548	0.0000	0.1491	0.34426	0.14255	0.31774	0.011700	0.47534
8/2/2001 20:00	0.6912	0.0000	0.1229	0.31312	0.24352	0.28125	0.011700	0.49168
8/2/2001 21:00	0.5664	0.0000	0.1028	0.27565	0.31282	0.26494	0.011700	0.48020
8/2/2001 22:00	0.4339	0.0000	0.0802	0.21945	0.23363	0.21327	0.011700	0.41555
8/2/2001 23:00	0.3617	0.0000	0.0661	0.15924	0.16235	0.14336	0.011700	0.36111
8/3/2001 00:00	0.3212	0.0000	0.0579	0.09366	0.08315	0.09397	0.011700	0.29869
8/3/2001 01:00	0.3295	0.0000	0.0586	0.06338	0.04950	0.07966	0.011700	0.27502
8/3/2001 02:00	0.3086	0.0000	0.0560	0.05582	0.03366	0.06742	0.011700	0.27183
8/3/2001 03:00	0.2585	0.0000	0.0477	0.05805	0.03366	0.06007	0.011700	0.26800
8/3/2001 04:00	0.2201	0.0000	0.0413	0.08124	0.03366	0.07002	0.011700	0.25788
8/3/2001 05:00	0.2283	0.0000	0.0428	0.18581	0.03564	0.08238	0.011700	0.28777
8/3/2001 06:00	0.2655	0.0000	0.0498	0.38001	0.05742	0.13459	0.011700	0.33249
8/3/2001 07:00	0.2815	0.0000	0.0527	0.42948	0.10097	0.21032	0.041700	0.35330
8/3/2001 08:00	0.3053	0.0000	0.0566	0.41259	0.07920	0.27132	0.011700	0.29869
8/3/2001 09:00	0.3414	0.0000	0.0624	0.36747	0.03960	0.33250	0.011700	0.25421
8/3/2001 10:00	0.5019	0.0000	0.0906	0.31622	0.03168	0.34779	0.011700	0.26019
8/3/2001 11:00	0.6973	0.0000	0.1222	0.27191	0.03168	0.36309	0.011700	0.26027
8/3/2001 12:00	0.7861	0.0000	0.1338	0.23737	0.03168	0.35331	0.011700	0.25589
8/3/2001 13:00	0.9196	0.0000	0.1515	0.21816	0.03168	0.32072	0.011700	0.26473
8/3/2001 14:00	1.0001	0.0000	0.1667	0.19806	0.03168	0.29567	0.011700	0.27964
8/3/2001 15:00	1.0234	0.0000	0.1723	0.20136	0.03168	0.30433	0.011700	0.29518
8/3/2001 16:00	0.9675	0.0000	0.1649	0.22640	0.03366	0.35098	0.011700	0.34915
8/3/2001 17:00	0.8713	0.0000	0.1528	0.28174	0.04356	0.43555	0.011700	0.42416
8/3/2001 18:00	0.7874	0.0000	0.1416	0.33446	0.07326	0.39348	0.041700	0.46051
8/3/2001 19:00	0.6064	0.0000	0.1120	0.34437	0.14255	0.31774	0.011700	0.47534
8/3/2001 20:00	0.4894	0.0000	0.0917	0.31322	0.24352	0.28125	0.011700	0.49168
8/3/2001 21:00	0.4032	0.0000	0.0768	0.27574	0.31282	0.26494	0.011700	0.48020
8/3/2001 22:00	0.3032	0.0000	0.0586	0.21952	0.23363	0.21327	0.011700	0.41555
8/3/2001 23:00	0.2338	0.0000	0.0452	0.15928	0.16235	0.14336	0.011700	0.36111
8/4/2001 00:00	0.1733	0.0000	0.0335	0.09368	0.08315	0.09397	0.011700	0.29869
8/4/2001 01:00	0.1395	0.0000	0.0270	0.06339	0.04950	0.07966	0.011700	0.27502
8/4/2001 02:00	0.1250	0.0000	0.0240	0.05583	0.03366	0.06742	0.011700	0.27183
8/4/2001 03:00	0.1189	0.0000	0.0227	0.05805	0.03366	0.06007	0.011700	0.26800
8/4/2001 04:00	0.1209	0.0000	0.0229	0.08126	0.03366	0.07002	0.011700	0.25788
8/4/2001 05:00	0.1361	0.0000	0.0259	0.18588	0.03564	0.08238	0.011700	0.28777
8/4/2001 06:00	0.1767	0.0000	0.0337	0.38017	0.05742	0.13459	0.011700	0.33249
8/4/2001 07:00	0.1808	0.0000	0.0345	0.42967	0.10097	0.21032	0.041700	0.35330
8/4/2001 08:00	0.2852	0.0000	0.0526	0.41277	0.07920	0.27132	0.011700	0.29869
8/4/2001 09:00	0.5140	0.0000	0.0911	0.36763	0.03960	0.33250	0.011700	0.25421
8/4/2001 10:00	0.7588	0.0000	0.1292	0.31637	0.03168	0.34779	0.011700	0.26019
8/4/2001 11:00	1.0818	0.0000	0.1797	0.27203	0.03168	0.36309	0.011700	0.26027
8/4/2001 12:00	1.0762	0.0000	0.1744	0.23747	0.03168	0.35331	0.011700	0.25589
8/4/2001 13:00	1.2001	0.0000	0.1895	0.21826	0.03168	0.32072	0.011700	0.26473
8/4/2001 14:00	1.2045	0.0000	0.1918	0.19814	0.03168	0.29567	0.011700	0.27964
8/4/2001 15:00	1.2829	0.0000	0.2057	0.20144	0.03168	0.30433	0.011700	0.29518
8/4/2001 16:00	1.2539	0.0000	0.2028	0.22649	0.03366	0.35098	0.011700	0.34915
8/4/2001 17:00	1.2756	0.0000	0.2100	0.28185	0.04356	0.43555	0.011700	0.42416
8/4/2001 18:00	1.2415	0.0000	0.2085	0.33460	0.07326	0.39348	0.041700	0.46051
8/4/2001 19:00	0.9891	0.0000	0.1691	0.34451	0.14255	0.31774	0.011700	0.47534
8/4/2001 20:00	0.8125	0.0000	0.1402	0.31335	0.24352	0.28125	0.011700	0.49168
8/4/2001 21:00	0.6827	0.0000	0.1192	0.27586	0.31282	0.26494	0.011700	0.48020
8/4/2001 22:00	0.5520	0.0000	0.0973	0.21961	0.23363	0.21327	0.011700	0.41555
8/4/2001 23:00	0.4466	0.0000	0.0793	0.15934	0.16235	0.14336	0.011700	0.36111
8/5/2001 00:00	0.3588	0.0000	0.0641	0.09371	0.08315	0.09397	0.011700	0.29869
8/5/2001 01:00	0.2981	0.0000	0.0536	0.06618	0.04950	0.08360	0.011700	0.27502
8/5/2001 02:00	0.2565	0.0000	0.0464	0.05795	0.03366	0.07003	0.011700	0.27183
8/5/2001 03:00	0.2287	0.0000	0.0416	0.06034	0.03366	0.06144	0.011700	0.26800
8/5/2001 04:00	0.2080	0.0000	0.0381	0.08591	0.03366	0.07269	0.011700	0.25788
8/5/2001 05:00	0.2147	0.0000	0.0394	0.19976	0.03564	0.08648	0.011700	0.28777
8/5/2001 06:00	0.2507	0.0000	0.0461	0.41212	0.05742	0.14521	0.011700	0.33249
8/5/2001 07:00	0.3060	0.0000	0.0565	0.46762	0.10097	0.23148	0.041700	0.35330
8/5/2001 08:00	0.3603	0.0000	0.0642	0.45159	0.07920	0.30375	0.011700	0.29869
8/5/2001 09:00	0.5672	0.0000	0.0972	0.40263	0.03960	0.37753	0.011700	0.25421
8/5/2001 10:00	0.8399	0.0000	0.1385	0.34599	0.03168	0.39871	0.011700	0.26019
8/5/2001 11:00	1.1692	0.0000	0.1906	0.29642	0.03168	0.41558	0.011700	0.26027
8/5/2001 12:00	1.1392	0.0000	0.1839	0.25851	0.03168	0.40112	0.011700	0.25589
8/5/2001 13:00	1.2274	0.0000	0.1958	0.23651	0.03168	0.36431	0.011700	0.26473
8/5/2001 14:00	1.2667	0.0000	0.2022	0.21472	0.03168	0.33480	0.011700	0.27964
8/5/2001 15:00	1.3240	0.0000	0.2114	0.21807	0.03168	0.34138	0.011700	0.29518
8/5/2001 16:00	1.3874	0.0000	0.2217	0.24723	0.03366	0.38690	0.011700	0.34915
8/5/2001 17:00	1.3381	0.0000	0.2177	0.30736	0.04356	0.47090	0.011700	0.42416
8/5/2001 18:00	1.3507	0.0000	0.2243	0.36838	0.07326	0.42779	0.041700	0.46051
8/5/2001 19:00	1.0465	0.0000	0.1769	0.38259	0.14255	0.35199	0.011700	0.47534
8/5/2001 20:00	0.8317	0.0000	0.1430	0.34942	0.24352	0.31611	0.011700	0.49168
8/5/2001 21:00	0.6692	0.0000	0.1173	0.30582	0.31282	0.30055	0.011700	0.48020
8/5/2001 22:00	0.5187	0.0000	0.0925	0.24332	0.23363	0.24157	0.011700	0.41555
8/5/2001 23:00	0.4006	0.0000	0.0723	0.17427	0.16235	0.15890	0.011700	0.36111
