  1764   277.951    0.0030
  1765   277.980    0.0030
  1766   278.011    0.0030
  1767   278.045    0.0030
  1768   278.082    0.0030
  1769   278.121    0.0030
  1770   278.164    0.0030
  1771   278.210    0.0040
  1772   278.258    0.0040
  1773   278.310    0.0040
  1774   278.364    0.0040
  1775   278.422    0.0040
  1776   278.483    0.0040
  1777   278.546    0.0040
  1778   278.613    0.0040
  1779   278.683    0.0040
  1780   278.756    0.0040
  1781   278.833    0.0050
  1782   278.912    0.0050
  1783   278.995    0.0050
  1784   279.081    0.0050
  1785   279.171    0.0050
  1786   279.263    0.0050
  1787   279.359    0.0050
  1788   279.459    0.0050
  1789   279.561    0.0050
  1790   279.668    0.0050
  1791   279.777    0.0060
  1792   279.890    0.0060
  1793   280.007    0.0060
  1794   280.127    0.0060
  1795   280.250    0.0060
  1796   280.377    0.0060
  1797   280.507    0.0070
  1798   280.640    0.0070
  1799   280.776    0.0070
  1800   280.914    0.0080
  1801   281.054    0.0080
  1802   281.195    0.0100
  1803   281.337    0.0090
  1804   281.479    0.0090
  1805   281.622    0.0090
  1806   281.764    0.0100
  1807   281.906    0.0100
  1808   282.047    0.0100
  1809   282.185    0.0100
  1810   282.322    0.0100
  1811   282.457    0.0110
  1812   282.588    0.0110
  1813   282.717    0.0110
  1814   282.841    0.0110
  1815   282.962    0.0120
  1816   283.078    0.0130
  1817   283.190    0.0140
  1818   283.297    0.0140
  1819   283.401    0.0140
  1820   283.502    0.0140
  1821   283.600    0.0140
  1822   283.696    0.0150
  1823   283.790    0.0160
  1824   283.883    0.0160
  1825   283.974    0.0170
  1826   284.066    0.0170
  1827   284.157    0.0180
  1828   284.249    0.0180
  1829   284.343    0.0180
  1830   284.438    0.0240
  1831   284.535    0.0230
  1832   284.300    0.0230
  1833   284.100    0.0240
  1834   284.000    0.0240
  1835   283.800    0.0250
  1836   283.700    0.0290
  1837   283.500    0.0290
  1838   283.400    0.0300
  1839   283.400    0.0310
  1840   283.400    0.0330
  1841   283.400    0.0340
  1842   283.500    0.0360
  1843   283.600    0.0370
  1844   283.700    0.0390
  1845   283.900    0.0430
  1846   284.100    0.0430
  1847   284.200    0.0460
  1848   284.400    0.0470
  1849   284.600    0.0500
  1850   284.700    0.0540
  1851   284.900    0.0540
  1852   285.000    0.0570
  1853   285.100    0.0590
  1854   285.300    0.0690
  1855   285.400    0.0710
  1856   285.600    0.0760
  1857   285.700    0.0770
  1858   285.900    0.0780
  1859   286.100    0.0830
  1860   286.200    0.0910
  1861   286.400    0.0950
  1862   286.500    0.0970
  1863   286.600    0.1040
  1864   286.800    0.1120
  1865   286.900    0.1190
  1866   287.000    0.1220
  1867   287.100    0.1300
  1868   287.200    0.1350
  1869   287.400    0.1420
  1870   287.500    0.1470
  1871   287.700    0.1560
  1872   287.900    0.1730
  1873   288.100    0.1840
  1874   288.400    0.1740
  1875   288.700    0.1880
  1876   289.000    0.1910
  1877   289.400    0.1940
  1878   289.800    0.1960
  1879   290.200    0.2100
  1880   290.700    0.2360
  1881   291.200    0.2430
  1882   291.700    0.2560
  1883   292.100    0.2720
  1884   292.600    0.2750
  1885   293.000    0.2770
  1886   293.300    0.2810
  1887   293.600    0.2950
  1888   293.800    0.3270
  1889   294.000    0.3270
  1890   294.200    0.3560
  1891   294.300    0.3720
  1892   294.500    0.3740
  1893   294.600    0.3700
  1894   294.700    0.3830
  1895   294.800    0.4060
  1896   294.900    0.4190
  1897   295.000    0.4400
  1898   295.200    0.4650
  1899   295.500    0.5070
  1900   295.800    0.5340
  1901   296.100    0.5520
  1902   296.500    0.5660
  1903   296.800    0.6170
  1904   297.200    0.6240
  1905   297.600    0.6630
  1906   298.100    0.7070
  1907   298.500    0.7840
  1908   298.900    0.7500
  1909   299.300    0.7850
  1910   299.700    0.8190
  1911   300.100    0.8360
  1912   300.400    0.8790
  1913   300.800    0.9430
  1914   301.100    0.8500
  1915   301.400    0.8380
  1916   301.700    0.9010
  1917   302.100    0.9550
  1918   302.400    0.9360
  1919   302.700    0.8060
  1920   303.000    0.9320
  1921   303.400    0.8030
  1922   303.800    0.8450
  1923   304.100    0.9700
  1924   304.500    0.9630
  1925   305.000    0.9750
  1926   305.400    0.9830
  1927   305.800    1.0620
  1928   306.300    1.0550
  1929   306.800    1.1350
  1930   307.200    1.0430
  1931   307.700    0.9320
  1932   308.200    0.8400
  1933   308.600    0.8860
  1934   309.000    0.9650
  1935   309.400    1.0180
  1936   309.800    1.1190
  1937   310.000    1.1980
  1938   310.200    1.1300
  1939   310.300    1.1790
  1940   310.400    1.2880
  1941   310.400    1.3220
  1942   310.300    1.3310
  1943   310.200    1.3810
  1944   310.100    1.3760
  1945   310.100    1.1530
  1946   310.100    1.2280
  1947   310.200    1.3800
  1948   310.300    1.4550
  1949   310.500    1.4030
  1950   310.700    1.6120
  1951   311.100    1.7480
  1952   311.500    1.7740
  1953   311.900    1.8170
  1954   312.400    1.8380
  1955   313.000    2.0130
  1956   313.600    2.1460
  1957   314.200    2.2360
  1958   314.900    2.2940
  1959   315.390    2.4220
  1960   316.320    2.5340
  1961   317.060    2.5490
  1962   317.860    2.6510
  1963   318.400    2.7970
  1964   318.930    2.9510
  1965   319.440    3.0860
  1966   320.780    3.2420
  1967   321.590    3.3460
  1968   322.460    3.5180
  1969   324.030    3.7260
  1970   325.090    3.9980
  1971   325.730    4.1470
  1972   326.870    4.3100
  1973   329.090    4.5400
  1974   329.660    4.5480
  1975   330.560    4.5200
  1976   331.560    4.7800
  1977   333.310    4.9210
  1978   334.910    4.9890
  1979   336.260    5.2680
  1980   338.100    5.2120
  1981   339.340    5.0470
  1982   340.560    5.0060
  1983   342.210    4.9850
  1984   343.810    5.1620
  1985   345.300    5.3130
  1986   346.720    5.4730
  1987   348.440    5.6100
  1988   350.960    5.8120
  1989   352.590    5.9330
  1990   353.830    6.0070
  1991   355.180    6.0910
  1992   355.880    5.9800
  1993   356.600    5.9790
  1994   358.030    6.0870
  1995   358.850    6.2040
  1996   361.620    6.3220
  1997   362.760    6.4240
  1998   365.480    6.3820
  1999   367.560    6.3560
  2000   368.770    6.5190
  YEAR      CONC     EFOSS
  
    END OF YEAR CONCS UPDATED BY TW = OCT 08
  FOSSIL CO2 EMISSIONS HISTORY
   MARLAND TO 2000
