     1
  1765 2330
  1765   .00000
  1766   .07846
  1767   .15643
  1768   .23345
  1769   .30902
  1770   .38268
  1771   .45399
  1772   .52250
  1773   .58779
  1774   .64945
  1775   .70711
  1776   .76041
  1777   .80902
  1778   .85264
  1779   .89101
  1780   .92388
  1781   .95106
  1782   .97237
  1783   .98769
  1784   .99692
  1785  1.00000
  1786   .99692
  1787   .98769
  1788   .97237
  1789   .95106
  1790   .92388
  1791   .89101
  1792   .85264
  1793   .80902
  1794   .76041
  1795   .70711
  1796   .64945
  1797   .58779
  1798   .52250
  1799   .45399
  1800   .38268
  1801   .30902
  1802   .23345
  1803   .15643
  1804   .07846
  1805   .00000
  1806  -.07846
  1807  -.15643
  1808  -.23345
  1809  -.30902
  1810  -.38268
  1811  -.45399
  1812  -.52250
  1813  -.58779
  1814  -.64945
  1815  -.70711
  1816  -.76041
  1817  -.80902
  1818  -.85264
  1819  -.89101
  1820  -.92388
  1821  -.95106
  1822  -.97237
  1823  -.98769
  1824  -.99692
  1825 -1.00000
  1826  -.99692
  1827  -.98769
  1828  -.97237
  1829  -.95106
  1830  -.92388
  1831  -.89101
  1832  -.85264
  1833  -.80902
  1834  -.76041
  1835  -.70711
  1836  -.64945
  1837  -.58779
  1838  -.52250
  1839  -.45399
  1840  -.38268
  1841  -.30902
  1842  -.23345
  1843  -.15643
  1844  -.07846
  1845   .00000
  1846   .07846
  1847   .15643
  1848   .23345
  1849   .30902
  1850   .38268
  1851   .45399
  1852   .52250
  1853   .58779
  1854   .64945
  1855   .70711
  1856   .76041
  1857   .80902
  1858   .85264
  1859   .89101
  1860   .92388
  1861   .95106
  1862   .97237
  1863   .98769
  1864   .99692
  1865  1.00000
  1866   .99692
  1867   .98769
  1868   .97237
  1869   .95106
  1870   .92388
  1871   .89101
  1872   .85264
  1873   .80902
  1874   .76041
  1875   .70711
  1876   .64945
  1877   .58778
  1878   .52250
  1879   .45399
  1880   .38268
  1881   .30902
  1882   .23345
  1883   .15643
  1884   .07846
  1885   .00000
  1886  -.07846
  1887  -.15643
  1888  -.23345
  1889  -.30902
  1890  -.38268
  1891  -.45399
  1892  -.52250
  1893  -.58779
  1894  -.64945
  1895  -.70711
  1896  -.76041
  1897  -.80902
  1898  -.85264
  1899  -.89101
  1900  -.92388
  1901  -.95106
  1902  -.97237
  1903  -.98769
  1904  -.99692
  1905 -1.00000
  1906  -.99692
  1907  -.98769
  1908  -.97237
  1909  -.95106
  1910  -.92388
  1911  -.89101
  1912  -.85264
  1913  -.80902
  1914  -.76041
  1915  -.70711
  1916  -.64945
  1917  -.58779
  1918  -.52250
  1919  -.45399
  1920  -.38268
  1921  -.30902
  1922  -.23344
  1923  -.15643
  1924  -.07846
  1925   .00000
  1926   .07846
  1927   .15643
  1928   .23345
  1929   .30902
  1930   .38268
  1931   .45399
  1932   .52250
  1933   .58779
  1934   .64945
  1935   .70711
  1936   .76041
  1937   .80902
  1938   .85264
  1939   .89101
  1940   .92388
  1941   .95106
  1942   .97237
  1943   .98769
  1944   .99692
  1945  1.00000
  1946   .99692
  1947   .98769
  1948   .97237
  1949   .95106
  1950   .92388
  1951   .89101
  1952   .85264
  1953   .80902
  1954   .76041
  1955   .70711
  1956   .64945
  1957   .58779
  1958   .52250
  1959   .45399
  1960   .38268
  1961   .30902
  1962   .23344
  1963   .15643
  1964   .07846
  1965   .00000
  1966  -.07846
  1967  -.15644
  1968  -.23345
  1969  -.30902
  1970  -.38268
  1971  -.45399
  1972  -.52250
  1973  -.58779
  1974  -.64945
  1975  -.70711
  1976  -.76041
  1977  -.80902
  1978  -.85264
  1979  -.89101
  1980  -.92388
  1981  -.95106
  1982  -.97237
  1983  -.98769
  1984  -.99692
  1985 -1.00000
  1986  -.99692
  1987  -.98769
  1988  -.97237
  1989  -.95106
  1990  -.92388
  1991  -.89101
  1992  -.85264
  1993  -.80902
  1994  -.76041
  1995  -.70711
  1996  -.64945
  1997  -.58779
  1998  -.52250
  1999  -.45399
  2000  -.38268
  2001  -.30902
  2002  -.23344
  2003  -.15643
  2004  -.07846
  2005   .00000
  2006   .07846
  2007   .15643
  2008   .23345
  2009   .30902
  2010   .38268
  2011   .45399
  2012   .52250
  2013   .58779
  2014   .64945
  2015   .70711
  2016   .76041
  2017   .80902
  2018   .85264
  2019   .89101
  2020   .92388
  2021   .95106
  2022   .97237
  2023   .98769
  2024   .99692
  2025  1.00000
  2026   .99692
  2027   .98769
  2028   .97237
  2029   .95106
  2030   .92388
  2031   .89101
  2032   .85264
  2033   .80902
  2034   .76041
  2035   .70711
  2036   .64945
  2037   .58778
  2038   .52250
  2039   .45399
  2040   .38268
  2041   .30902
  2042   .23344
  2043   .15643
  2044   .07846
  2045   .00000
  2046  -.07846
  2047  -.15643
  2048  -.23345
  2049  -.30902
  2050  -.38268
  2051  -.45399
  2052  -.52250
  2053  -.58779
  2054  -.64945
  2055  -.70711
  2056  -.76041
  2057  -.80902
  2058  -.85264
  2059  -.89101
  2060  -.92388
  2061  -.95106
  2062  -.97237
  2063  -.98769
  2064  -.99692
  2065 -1.00000
  2066  -.99692
  2067  -.98769
  2068  -.97237
  2069  -.95106
  2070  -.92388
  2071  -.89101
  2072  -.85264
  2073  -.80902
  2074  -.76041
  2075  -.70711
  2076  -.64945
  2077  -.58778
  2078  -.52250
  2079  -.45399
  2080  -.38268
  2081  -.30902
  2082  -.23344
  2083  -.15643
  2084  -.07846
  2085   .00000
  2086   .07846
  2087   .15643
  2088   .23345
  2089   .30902
  2090   .38268
  2091   .45399
  2092   .52250
  2093   .58779
  2094   .64945
  2095   .70711
  2096   .76041
  2097   .80902
  2098   .85264
  2099   .89101
  2100   .92388
  2101   .95106
  2102   .97237
  2103   .98769
  2104   .99692
  2105  1.00000
  2106   .99692
  2107   .98769
  2108   .97237
  2109   .95106
  2110   .92388
  2111   .89101
  2112   .85264
  2113   .80902
  2114   .76041
  2115   .70711
  2116   .64945
  2117   .58778
  2118   .52250
  2119   .45399
  2120   .38268
  2121   .30902
  2122   .23345
  2123   .15643
  2124   .07846
  2125   .00000
  2126  -.07846
  2127  -.15644
  2128  -.23345
  2129  -.30902
  2130  -.38269
  2131  -.45399
  2132  -.52250
  2133  -.58778
  2134  -.64945
  2135  -.70711
  2136  -.76041
  2137  -.80902
  2138  -.85264
  2139  -.89101
  2140  -.92388
  2141  -.95106
  2142  -.97237
  2143  -.98769
  2144  -.99692
  2145 -1.00000
  2146  -.99692
  2147  -.98769
  2148  -.97237
  2149  -.95106
  2150  -.92388
  2151  -.89101
  2152  -.85264
  2153  -.80902
  2154  -.76041
  2155  -.70711
  2156  -.64945
  2157  -.58778
  2158  -.52250
  2159  -.45399
  2160  -.38268
  2161  -.30902
  2162  -.23345
  2163  -.15643
  2164  -.07846
  2165   .00000
  2166   .07846
  2167   .15644
  2168   .23345
  2169   .30902
  2170   .38269
  2171   .45399
  2172   .52250
  2173   .58779
  2174   .64945
  2175   .70711
  2176   .76041
  2177   .80902
  2178   .85264
  2179   .89101
  2180   .92388
  2181   .95106
  2182   .97237
  2183   .98769
  2184   .99692
  2185  1.00000
  2186   .99692
  2187   .98769
  2188   .97237
  2189   .95106
  2190   .92388
  2191   .89101
  2192   .85264
  2193   .80902
  2194   .76041
  2195   .70711
  2196   .64945
  2197   .58778
  2198   .52250
  2199   .45399
  2200   .38268
  2201   .30902
  2202   .23345
  2203   .15643
  2204   .07846
  2205   .00000
  2206  -.07846
  2207  -.15644
  2208  -.23345
  2209  -.30902
  2210  -.38268
  2211  -.45399
  2212  -.52250
  2213  -.58779
  2214  -.64945
  2215  -.70711
  2216  -.76041
  2217  -.80902
  2218  -.85264
  2219  -.89101
  2220  -.92388
  2221  -.95106
  2222  -.97237
  2223  -.98769
  2224  -.99692
  2225 -1.00000
  2226  -.99692
  2227  -.98769
  2228  -.97237
  2229  -.95106
  2230  -.92388
  2231  -.89101
  2232  -.85264
  2233  -.80902
  2234  -.76041
  2235  -.70711
  2236  -.64945
  2237  -.58778
  2238  -.52250
  2239  -.45399
  2240  -.38268
  2241  -.30901
  2242  -.23344
  2243  -.15643
  2244  -.07846
  2245   .00000
  2246   .07846
  2247   .15643
  2248   .23345
  2249   .30902
  2250   .38268
  2251   .45399
  2252   .52250
  2253   .58779
  2254   .64945
  2255   .70711
  2256   .76041
  2257   .80902
  2258   .85264
  2259   .89101
  2260   .92388
  2261   .95106
  2262   .97237
  2263   .98769
  2264   .99692
  2265  1.00000
  2266   .99692
  2267   .98769
  2268   .97237
  2269   .95106
  2270   .92388
  2271   .89101
  2272   .85264
  2273   .80902
  2274   .76041
  2275   .70711
  2276   .64945
  2277   .58778
  2278   .52250
  2279   .45399
  2280   .38268
  2281   .30902
  2282   .23344
  2283   .15643
  2284   .07846
  2285   .00000
  2286  -.07846
  2287  -.15643
  2288  -.23345
  2289  -.30902
  2290  -.38268
  2291  -.45399
  2292  -.52250
  2293  -.58779
  2294  -.64945
  2295  -.70711
  2296  -.76041
  2297  -.80902
  2298  -.85264
  2299  -.89101
  2300  -.92388
  2301  -.95106
  2302  -.97237
  2303  -.98769
  2304  -.99692
  2305 -1.00000
  2306  -.99692
  2307  -.98769
  2308  -.97237
  2309  -.95106
  2310  -.92388
  2311  -.89101
  2312  -.85264
  2313  -.80902
  2314  -.76041
  2315  -.70711
  2316  -.64945
  2317  -.58778
  2318  -.52250
  2319  -.45399
  2320  -.38268
  2321  -.30902
  2322  -.23344
  2323  -.15643
  2324  -.07846
  2325   .00000
  2326   .07846
  2327   .15643
  2328   .23345
  2329   .30902
  2330   .38268
  2331   .45399
  2332   .52250
  2333   .58779
  2334   .64945
  2335   .70711
  2336   .76041
  2337   .80902
  2338   .85264
  2339   .89101
  2340   .92388
  2341   .95106
  2342   .97237
  2343   .98769
  2344   .99692
  2345  1.00000
  2346   .99692
  2347   .98769
  2348   .97237
  2349   .95106
  2350   .92388
  2351   .89101
  2352   .85264
  2353   .80902
  2354   .76041
  2355   .70711
  2356   .64945
  2357   .58778
  2358   .52250
  2359   .45399
  2360   .38268
  2361   .30902
  2362   .23344
  2363   .15643
  2364   .07846
  2365   .00000
  2366  -.07846
  2367  -.15643
  2368  -.23345
  2369  -.30902
  2370  -.38268
  2371  -.45399
  2372  -.52250
  2373  -.58779
  2374  -.64945
  2375  -.70711
  2376  -.76041
  2377  -.80902
  2378  -.85264
  2379  -.89101
  2380  -.92388
  2381  -.95106
  2382  -.97237
  2383  -.98769
  2384  -.99692
  2385 -1.00000
  2386  -.99692
  2387  -.98769
  2388  -.97237
  2389  -.95106
  2390  -.92388
  2391  -.89101
  2392  -.85264
  2393  -.80902
  2394  -.76040
  2395  -.70711
  2396  -.64945
  2397  -.58778
  2398  -.52250
  2399  -.45399
  2400  -.38268
  2401  -.30902
  2402  -.23344
  2403  -.15643
  2404  -.07846
  2405   .00000
  2406   .07846
  2407   .15644
  2408   .23345
  2409   .30902
  2410   .38268
  2411   .45399
  2412   .52250
  2413   .58779
  2414   .64945
  2415   .70711
  2416   .76041
  2417   .80902
  2418   .85264
  2419   .89101
  2420   .92388
  2421   .95106
  2422   .97237
  2423   .98769
  2424   .99692
  2425  1.00000
  2426   .99692
  2427   .98769
  2428   .97237
  2429   .95106
  2430   .92388
  2431   .89101
  2432   .85264
  2433   .80902
  2434   .76040
  2435   .70710
  2436   .64945
  2437   .58778
  2438   .52250
  2439   .45399
  2440   .38268
  2441   .30901
  2442   .23344
  2443   .15643
  2444   .07846
  2445   .00000
  2446  -.07846
  2447  -.15643
  2448  -.23344
  2449  -.30902
  2450  -.38268
  2451  -.45399
  2452  -.52250
  2453  -.58779
  2454  -.64945
  2455  -.70711
  2456  -.76041
  2457  -.80902
  2458  -.85264
  2459  -.89101
  2460  -.92388
  2461  -.95106
  2462  -.97237
  2463  -.98769
  2464  -.99692
  2465 -1.00000
  2466  -.99692
  2467  -.98769
  2468  -.97237
  2469  -.95106
  2470  -.92388
  2471  -.89101
  2472  -.85264
  2473  -.80902
  2474  -.76041
  2475  -.70711
  2476  -.64945
  2477  -.58779
  2478  -.52250
  2479  -.45399
  2480  -.38268
  2481  -.30902
  2482  -.23344
  2483  -.15643
  2484  -.07846
  2485   .00000
  2486   .07846
  2487   .15644
  2488   .23345
  2489   .30902
  2490   .38269
  2491   .45399
  2492   .52250
  2493   .58779
  2494   .64945
  2495   .70711
  2496   .76041
  2497   .80902
  2498   .85264
  2499   .89101
  2500   .92388
  2501   .95106
  2502   .97237
  2503   .98769
  2504   .99692
  2505  1.00000
  2506   .99692
  2507   .98769
  2508   .97237
  2509   .95106
  2510   .92388
  2511   .89101
  2512   .85264
  2513   .80902
  2514   .76040
  2515   .70711
  2516   .64945
  2517   .58778
  2518   .52250
  2519   .45399
  2520   .38268
  2521   .30901
  2522   .23344
  2523   .15643
  2524   .07845
  2525   .00000
  2526  -.07846
  2527  -.15643
  2528  -.23344
  2529  -.30902
  2530  -.38268
  2531  -.45399
  2532  -.52250
  2533  -.58779
  2534  -.64945
  2535  -.70711
  2536  -.76041
  2537  -.80902
  2538  -.85264
  2539  -.89101
  2540  -.92388
  2541  -.95106
  2542  -.97237
  2543  -.98769
  2544  -.99692
  2545 -1.00000
  2546  -.99692
  2547  -.98769
  2548  -.97237
  2549  -.95106
  2550  -.92388
  2551  -.89100
  2552  -.85264
  2553  -.80901
  2554  -.76041
  2555  -.70711
  2556  -.64945
  2557  -.58779
  2558  -.52250
  2559  -.45399
  2560  -.38268
  2561  -.30902
  2562  -.23344
  2563  -.15643
  2564  -.07846
  2565   .00000
  2566   .07846
  2567   .15644
  2568   .23345
  2569   .30902
  2570   .38269
  2571   .45399
  2572   .52250
  2573   .58779
  2574   .64945
  2575   .70711
  2576   .76041
  2577   .80902
  2578   .85264
  2579   .89101
  2580   .92388
  2581   .95106
  2582   .97237
  2583   .98769
  2584   .99692
  2585  1.00000
  2586   .99692
  2587   .98769
  2588   .97237
  2589   .95106
  2590   .92388
  2591   .89101
  2592   .85264
  2593   .80902
  2594   .76040
  2595   .70711
  2596   .64945
  2597   .58778
  2598   .52250
  2599   .45399
  2600   .38268
  2601   .30901
  2602   .23344
  2603   .15643
  2604   .07846
  2605   .00000
  2606  -.07846
  2607  -.15644
  2608  -.23345
  2609  -.30902
  2610  -.38268
  2611  -.45399
  2612  -.52250
  2613  -.58779
  2614  -.64945
  2615  -.70711
  2616  -.76041
  2617  -.80902
  2618  -.85264
  2619  -.89101
  2620  -.92388
  2621  -.95106
  2622  -.97237
  2623  -.98769
  2624  -.99692
  2625 -1.00000
  2626  -.99692
  2627  -.98769
  2628  -.97237
  2629  -.95106
  2630  -.92388
  2631  -.89100
  2632  -.85264
  2633  -.80901
  2634  -.76040
  2635  -.70710
  2636  -.64944
  2637  -.58779
  2638  -.52250
  2639  -.45399
  2640  -.38268
  2641  -.30902
  2642  -.23345
  2643  -.15643
  2644  -.07846
  2645   .00000
  2646   .07846
  2647   .15644
  2648   .23345
  2649   .30902
  2650   .38269
  2651   .45399
  2652   .52250
  2653   .58779
  2654   .64945
  2655   .70711
  2656   .76041
  2657   .80902
  2658   .85264
  2659   .89101
  2660   .92388
  2661   .95106
  2662   .97237
  2663   .98769
  2664   .99692
  2665  1.00000
  2666   .99692
  2667   .98769
  2668   .97237
  2669   .95106
  2670   .92388
  2671   .89101
  2672   .85264
  2673   .80902
  2674   .76041
  2675   .70711
  2676   .64945
  2677   .58778
  2678   .52250
  2679   .45399
  2680   .38268
  2681   .30901
  2682   .23344
  2683   .15643
  2684   .07846
  2685   .00000
  2686  -.07846
  2687  -.15644
  2688  -.23345
  2689  -.30902
  2690  -.38269
  2691  -.45399
  2692  -.52250
  2693  -.58778
  2694  -.64945
  2695  -.70711
  2696  -.76041
  2697  -.80902
  2698  -.85264
  2699  -.89101
  2700  -.92388
  2701  -.95106
  2702  -.97237
  2703  -.98769
  2704  -.99692
  2705 -1.00000
  2706  -.99692
  2707  -.98769
  2708  -.97237
  2709  -.95106
  2710  -.92388
  2711  -.89101
  2712  -.85264
  2713  -.80901
  2714  -.76040
  2715  -.70710
  2716  -.64944
  2717  -.58778
  2718  -.52249
  2719  -.45399
  2720  -.38268
  2721  -.30902
  2722  -.23345
  2723  -.15643
  2724  -.07846
  2725   .00000
  2726   .07846
  2727   .15644
  2728   .23345
  2729   .30902
  2730   .38268
  2731   .45399
  2732   .52250
  2733   .58779
  2734   .64945
  2735   .70711
  2736   .76041
  2737   .80902
  2738   .85264
  2739   .89101
  2740   .92388
  2741   .95106
  2742   .97237
  2743   .98769
  2744   .99692
  2745  1.00000
  2746   .99692
  2747   .98769
  2748   .97237
  2749   .95106
  2750   .92388
  2751   .89101
  2752   .85264
  2753   .80902
  2754   .76041
  2755   .70711
  2756   .64945
  2757   .58778
  2758   .52250
  2759   .45399
  2760   .38268
  2761   .30902
  2762   .23344
  2763   .15643
  2764   .07846
  2765   .00000
