  2300
  QOTHER FORCING USES MEAN OF A1, A2, B1 & B2 (ERROR < 0.002 W/m**2)
  YEAR  QDIRMONT  QSTRATOZ   QKYDROP OTHERDROP    QKYCON  OTHERCON
X12345123456789012345678901234567890123456789012345678901234567890
  1930    .00000    .00000    .00000    .00000    .00000    .00000
  1931    .00017    .00000    .00000    .00000    .00000    .00000
  1932    .00034    .00000    .00000    .00000    .00000    .00000
  1933    .00051    .00000    .00000    .00000    .00000    .00000
  1934    .00068    .00000    .00000    .00000    .00000    .00000
  1935    .00085    .00000    .00000    .00000    .00000    .00000
  1936    .00103    .00000    .00000    .00000    .00000    .00000
  1937    .00120    .00000    .00000    .00000    .00000    .00000
  1938    .00137    .00000    .00000    .00000    .00000    .00000
  1939    .00154    .00000    .00000    .00000    .00000    .00000
  1940    .00171    .00000    .00000    .00000    .00000    .00000
  1941    .00209    .00000    .00001    .00000    .00001    .00000
  1942    .00246    .00000    .00002    .00000    .00002    .00000
  1943    .00284    .00000    .00003    .00000    .00003    .00000
  1944    .00322    .00000    .00004    .00000    .00004    .00000
  1945    .00360    .00000    .00005    .00000    .00005    .00000
  1946    .00428    .00000    .00007    .00000    .00007    .00000
  1947    .00496    .00000    .00009    .00000    .00009    .00000
  1948    .00564    .00000    .00012    .00000    .00012    .00000
  1949    .00632    .00000    .00014    .00000    .00014    .00000
  1950    .00700    .00000    .00016    .00000    .00016    .00000
  1951    .00797    .00000    .00022    .00000    .00022    .00000
  1952    .00894    .00000    .00027    .00000    .00027    .00000
  1953    .00991    .00000    .00033    .00000    .00033    .00000
  1954    .01087    .00000    .00039    .00000    .00039    .00000
  1955    .01184    .00000    .00044    .00000    .00044    .00000
  1956    .01346    .00000    .00051    .00000    .00051    .00000
  1957    .01509    .00000    .00058    .00000    .00058    .00000
  1958    .01671    .00000    .00066    .00000    .00066    .00000
  1959    .01833    .00000    .00073    .00000    .00073    .00000
  1960    .01995    .00000    .00080    .00000    .00080    .00000
  1961    .02328    .00000    .00087    .00000    .00087    .00000
  1962    .02661    .00000    .00094    .00000    .00094    .00000
  1963    .02993    .00000    .00101    .00000    .00101    .00000
  1964    .03326    .00000    .00108    .00000    .00108    .00000
  1965    .03658    .00000    .00115    .00000    .00115    .00000
  1966    .04346    .00000    .00123    .00000    .00123    .00000
  1967    .05034    .00000    .00131    .00000    .00131    .00000
  1968    .05722    .00000    .00139    .00000    .00139    .00000
  1969    .06410    .00000    .00147    .00000    .00147    .00000
  1970    .07098    .00000    .00155    .00000    .00155    .00000
  1971    .08185   -.00533    .00164    .00000    .00164    .00000
  1972    .09273   -.01065    .00172    .00000    .00172    .00000
  1973    .10360   -.01598    .00181    .00000    .00181    .00000
  1974    .11448   -.02495    .00189    .00000    .00189    .00000
  1975    .12535   -.03392    .00198    .00000    .00198    .00000
  1976    .13627   -.04289    .00215    .00000    .00215    .00000
  1977    .14719   -.05185    .00232    .00000    .00232    .00000
  1978    .15811   -.06082    .00249    .00000    .00249    .00000
  1979    .16902   -.07074    .00266    .00000    .00266    .00000
  1980    .17994   -.08065    .00283    .00000    .00283    .00000
  1981    .19024   -.09056    .00316    .00012    .00316    .00012
  1982    .20054   -.10048    .00348    .00023    .00348    .00023
  1983    .21084   -.11039    .00381    .00035    .00381    .00035
  1984    .22113   -.11912    .00414    .00046    .00414    .00046
  1985    .23143   -.12786    .00447    .00058    .00447    .00058
  1986    .24349   -.13659    .00484    .00074    .00484    .00074
  1987    .25555   -.14532    .00522    .00090    .00522    .00090
  1988    .26761   -.15406    .00560    .00106    .00560    .00106
  1989    .27967   -.16404    .00597    .00122    .00597    .00122
  1990    .29173   -.17403    .00635    .00138    .00635    .00138
  1991    .29989   -.18402    .00673    .00147    .00673    .00147
  1992    .30735   -.19400    .00718    .00156    .00718    .00156
  1993    .31414   -.20399    .00769    .00167    .00769    .00167
  1994    .32027   -.20901    .00826    .00178    .00826    .00178
  1995    .32576   -.21265    .00889    .00191    .00889    .00191
  1996    .33064   -.21510    .00957    .00204    .00957    .00204
  1997    .33490   -.21648    .01031    .00217    .01031    .00217
  1998    .33855   -.21690    .01109    .00232    .01109    .00232
  1999    .34162   -.21646    .01192    .00247    .01192    .00247
  2000    .34409   -.21522    .01278    .00263    .01278    .00263
  2001    .34641   -.21326    .01381    .00281    .01381    .00281
  2002    .34857   -.21063    .01497    .00299    .01497    .00299
  2003    .35055   -.20737    .01626    .00319    .01626    .00319
  2004    .35235   -.20419    .01767    .00338    .01767    .00338
  2005    .35397   -.20121    .01918    .00360    .01918    .00360
  2006    .35540   -.19839    .02080    .00382    .02080    .00382
  2007    .35665   -.19569    .02250    .00404    .02250    .00404
  2008    .35772   -.19306    .02429    .00428    .02429    .00428
  2009    .35861   -.19046    .02616    .00451    .02616    .00451
  2010    .35933   -.18787    .02810    .00476    .02810    .00476
  2011    .35923   -.18526    .03012    .00499    .03012    .00499
  2012    .35838   -.18260    .03221    .00520    .03221    .00520
  2013    .35681   -.17990    .03436    .00540    .03436    .00540
  2014    .35459   -.17705    .03658    .00558    .03658    .00558
  2015    .35173   -.17401    .03885    .00575    .03885    .00575
  2016    .34829   -.17076    .04119    .00591    .04119    .00591
  2017    .34428   -.16732    .04357    .00604    .04357    .00604
  2018    .33975   -.16370    .04601    .00617    .04601    .00617
  2019    .33471   -.15990    .04850    .00627    .04850    .00627
  2020    .32919   -.15595    .05103    .00636    .05103    .00636
  2021    .32379   -.15185    .05368    .00646    .05368    .00646
  2022    .31849   -.14760    .05644    .00654    .05644    .00654
  2023    .31328   -.14321    .05930    .00662    .05930    .00662
  2024    .30815   -.13926    .06226    .00670    .06226    .00670
  2025    .30310   -.13554    .06532    .00677    .06532    .00677
  2026    .29813   -.13196    .06845    .00684    .06845    .00684
  2027    .29322   -.12851    .07167    .00690    .07167    .00690
  2028    .28837   -.12516    .07497    .00696    .07497    .00696
  2029    .28357   -.12189    .07834    .00702    .07834    .00702
  2030    .27883   -.11871    .08178    .00707    .08178    .00707
  2031    .27426   -.11559    .08531    .00712    .08531    .00712
  2032    .26986   -.11254    .08894    .00717    .08894    .00717
  2033    .26559   -.10954    .09265    .00722    .09265    .00722
  2034    .26147   -.10664    .09645    .00727    .09645    .00727
  2035    .25748   -.10383    .10033    .00732    .10033    .00732
  2036    .25360   -.10111    .10428    .00737    .10428    .00737
  2037    .24984   -.09846    .10831    .00741    .10831    .00741
  2038    .24619   -.09588    .11240    .00746    .11240    .00746
  2039    .24263   -.09337    .11656    .00752    .11656    .00752
  2040    .23917   -.09092    .12077    .00756    .12077    .00756
  2041    .23571   -.08852    .12505    .00761    .12505    .00761
  2042    .23226   -.08618    .12937    .00765    .12937    .00765
  2043    .22881   -.08389    .13375    .00770    .13375    .00770
  2044    .22538   -.08164    .13817    .00774    .13817    .00774
  2045    .22196   -.07943    .14264    .00778    .14264    .00778
  2046    .21855   -.07725    .14715    .00783    .14715    .00783
  2047    .21516   -.07511    .15170    .00787    .15170    .00787
  2048    .21178   -.07301    .15628    .00791    .15628    .00791
  2049    .20841   -.07094    .16091    .00795    .16091    .00795
  2050    .20506   -.06889    .16557    .00798    .16557    .00798
  2051    .20183   -.06689    .17018    .00802    .17018    .00802
  2052    .19869   -.06491    .17475    .00805    .17475    .00805
  2053    .19565   -.06296    .17928    .00809    .17928    .00809
  2054    .19271   -.06106    .18378    .00812    .18378    .00812
  2055    .18984   -.05921    .18825    .00815    .18825    .00815
  2056    .18706   -.05740    .19268    .00818    .19268    .00818
  2057    .18435   -.05564    .19709    .00821    .19709    .00821
  2058    .18171   -.05392    .20148    .00824    .20148    .00824
  2059    .17915   -.05223    .20585    .00827    .20585    .00827
  2060    .17664   -.05059    .21020    .00830    .21020    .00830
  2061    .17420   -.04898    .21432    .00833    .21432    .00833
  2062    .17182   -.04740    .21822    .00836    .21822    .00836
  2063    .16950   -.04586    .22192    .00839    .22192    .00839
  2064    .16724   -.04435    .22545    .00841    .22545    .00841
  2065    .16503   -.04287    .22881    .00844    .22881    .00844
  2066    .16286   -.04142    .23202    .00847    .23202    .00847
  2067    .16075   -.04001    .23509    .00849    .23509    .00849
  2068    .15868   -.03862    .23803    .00852    .23803    .00852
  2069    .15665   -.03726    .24086    .00854    .24086    .00854
  2070    .15467   -.03593    .24357    .00857    .24357    .00857
  2071    .15272   -.03462    .24615    .00859    .24615    .00859
  2072    .15082   -.03334    .24861    .00862    .24861    .00862
  2073    .14895   -.03208    .25096    .00864    .25096    .00864
  2074    .14712   -.03085    .25319    .00867    .25319    .00867
  2075    .14532   -.02964    .25533    .00869    .25533    .00869
  2076    .14356   -.02845    .25738    .00872    .25738    .00872
  2077    .14182   -.02729    .25934    .00874    .25934    .00874
  2078    .14012   -.02615    .26121    .00876    .26121    .00876
  2079    .13845   -.02503    .26302    .00879    .26302    .00879
  2080    .13680   -.02392    .26474    .00881    .26474    .00881
  2081    .13518   -.02284    .26639    .00883    .26639    .00883
  2082    .13359   -.02178    .26795    .00886    .26795    .00886
  2083    .13203   -.02073    .26944    .00888    .26944    .00888
  2084    .13049   -.01971    .27087    .00891    .27087    .00891
  2085    .12898   -.01870    .27222    .00893    .27222    .00893
  2086    .12749   -.01771    .27352    .00895    .27352    .00895
  2087    .12602   -.01674    .27476    .00898    .27476    .00898
  2088    .12458   -.01579    .27595    .00900    .27595    .00900
  2089    .12316   -.01485    .27708    .00902    .27708    .00902
  2090    .12176   -.01392    .27818    .00905    .27818    .00905
  2091    .12038   -.01302    .27920    .00907    .27920    .00907
  2092    .11902   -.01213    .28017    .00909    .28017    .00909
  2093    .11768   -.01125    .28108    .00911    .28108    .00911
  2094    .11636   -.01039    .28193    .00913    .28193    .00913
  2095    .11506   -.00954    .28274    .00915    .28274    .00915
  2096    .11377   -.00871    .28350    .00917    .28350    .00917
  2097    .11251   -.00789    .28422    .00919    .28422    .00919
  2098    .11126   -.00708    .28490    .00921    .28490    .00921
  2099    .11003   -.00629    .28554    .00923    .28554    .00923
  2100    .10882   -.00551    .28614    .00925    .28614    .00925
  2101    .10762   -.00474    .27211    .00883    .28678    .00927
  2102    .10643   -.00398    .25924    .00847    .28744    .00928
  2103    .10527   -.00324    .24742    .00814    .28813    .00929
  2104    .10412   -.00249    .23653    .00786    .28883    .00930
  2105    .10299   -.00176    .22649    .00761    .28955    .00931
  2106    .10187   -.00104    .21721    .00738    .29029    .00932
  2107    .10077   -.00034    .20861    .00718    .29104    .00933
  2108    .09968    .00000    .20064    .00700    .29180    .00933
  2109    .09860    .00000    .19324    .00684    .29257    .00934
  2110    .09754    .00000    .18636    .00669    .29334    .00934
  2111    .09650    .00000    .17994    .00655    .29413    .00934
  2112    .09546    .00000    .17396    .00642    .29491    .00934
  2113    .09444    .00000    .16837    .00631    .29571    .00935
  2114    .09344    .00000    .16314    .00620    .29650    .00935
  2115    .09244    .00000    .15825    .00611    .29730    .00935
  2116    .09146    .00000    .15366    .00601    .29810    .00935
  2117    .09050    .00000    .14936    .00593    .29890    .00935
  2118    .08954    .00000    .14532    .00585    .29970    .00935
  2119    .08859    .00000    .14152    .00577    .30050    .00935
  2120    .08766    .00000    .13795    .00570    .30130    .00935
  2121    .08674    .00000    .13458    .00563    .30210    .00934
  2122    .08583    .00000    .13141    .00557    .30291    .00934
  2123    .08493    .00000    .12842    .00551    .30371    .00934
  2124    .08405    .00000    .12560    .00545    .30451    .00934
  2125    .08317    .00000    .12293    .00540    .30530    .00934
  2126    .08231    .00000    .12041    .00535    .30610    .00934
  2127    .08145    .00000    .11802    .00530    .30690    .00933
  2128    .08061    .00000    .11577    .00526    .30769    .00933
  2129    .07977    .00000    .11363    .00521    .30848    .00932
  2130    .07895    .00000    .11160    .00516    .30927    .00932
  2131    .07813    .00000    .10967    .00513    .31006    .00931
  2132    .07733    .00000    .10785    .00508    .31085    .00931
  2133    .07654    .00000    .10611    .00504    .31163    .00931
  2134    .07575    .00000    .10446    .00501    .31241    .00930
  2135    .07498    .00000    .10290    .00497    .31319    .00930
  2136    .07421    .00000    .10140    .00494    .31397    .00929
  2137    .07345    .00000    .09998    .00490    .31475    .00929
  2138    .07270    .00000    .09863    .00487    .31552    .00929
  2139    .07197    .00000    .09734    .00484    .31629    .00928
  2140    .07123    .00000    .09610    .00481    .31706    .00927
  2141    .07051    .00000    .09493    .00478    .31783    .00927
  2142    .06980    .00000    .09381    .00475    .31859    .00927
  2143    .06909    .00000    .09273    .00472    .31935    .00926
  2144    .06840    .00000    .09171    .00470    .32011    .00926
  2145    .06771    .00000    .09073    .00467    .32087    .00925
  2146    .06703    .00000    .08979    .00465    .32163    .00924
  2147    .06636    .00000    .08889    .00462    .32238    .00924
  2148    .06569    .00000    .08802    .00459    .32313    .00924
  2149    .06504    .00000    .08720    .00457    .32388    .00923
  2150    .06439    .00000    .08640    .00455    .32463    .00922
  2151    .06375    .00000    .08564    .00453    .32537    .00922
  2152    .06311    .00000    .08491    .00450    .32611    .00921
  2153    .06248    .00000    .08421    .00448    .32686    .00921
  2154    .06186    .00000    .08353    .00446    .32759    .00920
  2155    .06125    .00000    .08288    .00444    .32833    .00920
  2156    .06065    .00000    .08226    .00442    .32907    .00919
  2157    .06005    .00000    .08166    .00440    .32980    .00919
  2158    .05946    .00000    .08108    .00438    .33053    .00918
  2159    .05887    .00000    .08052    .00435    .33126    .00918
  2160    .05829    .00000    .07998    .00434    .33199    .00917
  2161    .05772    .00000    .07946    .00432    .33271    .00917
  2162    .05716    .00000    .07896    .00430    .33344    .00916
  2163    .05660    .00000    .07848    .00428    .33416    .00916
  2164    .05604    .00000    .07801    .00426    .33488    .00915
  2165    .05550    .00000    .07756    .00424    .33560    .00915
  2166    .05496    .00000    .07712    .00422    .33631    .00914
  2167    .05442    .00000    .07670    .00420    .33703    .00914
  2168    .05390    .00000    .07629    .00419    .33774    .00913
  2169    .05338    .00000    .07590    .00417    .33845    .00913
  2170    .05286    .00000    .07552    .00415    .33917    .00912
  2171    .05235    .00000    .07515    .00413    .33987    .00911
  2172    .05184    .00000    .07479    .00412    .34058    .00911
  2173    .05135    .00000    .07444    .00410    .34129    .00910
  2174    .05085    .00000    .07411    .00408    .34199    .00910
  2175    .05036    .00000    .07378    .00406    .34270    .00909
  2176    .04988    .00000    .07346    .00405    .34340    .00909
  2177    .04940    .00000    .07315    .00403    .34410    .00908
  2178    .04893    .00000    .07286    .00402    .34480    .00908
  2179    .04847    .00000    .07257    .00400    .34550    .00907
  2180    .04800    .00000    .07228    .00398    .34619    .00907
  2181    .04755    .00000    .07201    .00397    .34689    .00906
  2182    .04710    .00000    .07174    .00395    .34758    .00906
  2183    .04665    .00000    .07149    .00393    .34828    .00905
  2184    .04621    .00000    .07123    .00392    .34897    .00905
  2185    .04577    .00000    .07099    .00390    .34966    .00904
  2186    .04534    .00000    .07075    .00389    .35035    .00903
  2187    .04491    .00000    .07052    .00387    .35104    .00903
  2188    .04449    .00000    .07030    .00386    .35173    .00903
  2189    .04408    .00000    .07008    .00384    .35241    .00902
  2190    .04366    .00000    .06986    .00383    .35310    .00902
  2191    .04325    .00000    .06965    .00381    .35378    .00901
  2192    .04285    .00000    .06945    .00380    .35447    .00900
  2193    .04245    .00000    .06925    .00378    .35515    .00900
  2194    .04205    .00000    .06906    .00377    .35583    .00900
  2195    .04166    .00000    .06887    .00375    .35651    .00899
  2196    .04128    .00000    .06869    .00374    .35719    .00898
  2197    .04089    .00000    .06851    .00372    .35787    .00898
  2198    .04052    .00000    .06833    .00371    .35855    .00898
  2199    .04014    .00000    .06816    .00369    .35923    .00897
  2200    .03977    .00000    .06800    .00368    .35990    .00896
  2201    .03940    .00000    .06783    .00367    .36058    .00896
  2202    .03904    .00000    .06768    .00365    .36125    .00895
  2203    .03868    .00000    .06752    .00364    .36193    .00895
  2204    .03833    .00000    .06737    .00362    .36260    .00895
  2205    .03798    .00000    .06722    .00361    .36327    .00894
  2206    .03763    .00000    .06708    .00360    .36394    .00894
  2207    .03729    .00000    .06693    .00358    .36461    .00893
  2208    .03695    .00000    .06680    .00357    .36528    .00893
  2209    .03661    .00000    .06666    .00355    .36595    .00892
  2210    .03628    .00000    .06653    .00354    .36662    .00892
  2211    .03595    .00000    .06640    .00353    .36729    .00891
  2212    .03563    .00000    .06627    .00351    .36796    .00891
  2213    .03530    .00000    .06615    .00350    .36862    .00891
  2214    .03499    .00000    .06603    .00349    .36929    .00890
  2215    .03467    .00000    .06591    .00347    .36995    .00890
  2216    .03436    .00000    .06579    .00346    .37062    .00889
  2217    .03405    .00000    .06568    .00345    .37128    .00888
  2218    .03374    .00000    .06557    .00343    .37195    .00888
  2219    .03344    .00000    .06546    .00342    .37261    .00888
  2220    .03314    .00000    .06535    .00341    .37327    .00887
  2221    .03285    .00000    .06525    .00339    .37393    .00887
  2222    .03256    .00000    .06514    .00338    .37459    .00886
  2223    .03227    .00000    .06504    .00337    .37525    .00886
  2224    .03198    .00000    .06494    .00335    .37592    .00886
  2225    .03170    .00000    .06485    .00334    .37657    .00885
  2226    .03142    .00000    .06475    .00333    .37723    .00884
  2227    .03114    .00000    .06466    .00332    .37789    .00884
  2228    .03087    .00000    .06457    .00330    .37855    .00883
  2229    .03059    .00000    .06448    .00329    .37921    .00883
  2230    .03032    .00000    .06439    .00328    .37987    .00883
  2231    .03006    .00000    .06430    .00326    .38052    .00883
  2232    .02980    .00000    .06422    .00325    .38118    .00882
  2233    .02954    .00000    .06414    .00324    .38183    .00881
  2234    .02928    .00000    .06405    .00323    .38249    .00881
  2235    .02902    .00000    .06397    .00321    .38314    .00881
  2236    .02877    .00000    .06389    .00320    .38380    .00880
  2237    .02852    .00000    .06382    .00319    .38445    .00880
  2238    .02827    .00000    .06374    .00318    .38511    .00879
  2239    .02803    .00000    .06367    .00317    .38576    .00879
  2240    .02779    .00000    .06359    .00315    .38641    .00879
  2241    .02755    .00000    .06352    .00314    .38706    .00878
  2242    .02731    .00000    .06345    .00313    .38772    .00878
  2243    .02708    .00000    .06338    .00312    .38837    .00877
  2244    .02684    .00000    .06331    .00311    .38902    .00877
  2245    .02661    .00000    .06324    .00309    .38967    .00876
  2246    .02639    .00000    .06318    .00308    .39032    .00876
  2247    .02616    .00000    .06311    .00307    .39097    .00876
  2248    .02594    .00000    .06305    .00306    .39162    .00875
  2249    .02572    .00000    .06299    .00305    .39227    .00875
  2250    .02550    .00000    .06292    .00303    .39292    .00874
  2251    .02528    .00000    .06286    .00302    .39357    .00874
  2252    .02507    .00000    .06280    .00301    .39421    .00874
  2253    .02486    .00000    .06274    .00300    .39486    .00873
  2254    .02465    .00000    .06269    .00299    .39551    .00873
  2255    .02444    .00000    .06263    .00298    .39616    .00872
  2256    .02424    .00000    .06257    .00296    .39681    .00872
  2257    .02404    .00000    .06252    .00295    .39745    .00872
  2258    .02383    .00000    .06246    .00294    .39810    .00871
  2259    .02364    .00000    .06241    .00293    .39874    .00871
  2260    .02344    .00000    .06235    .00292    .39939    .00871
  2261    .02324    .00000    .06230    .00291    .40004    .00870
  2262    .02305    .00000    .06225    .00290    .40068    .00870
  2263    .02286    .00000    .06220    .00289    .40133    .00869
  2264    .02267    .00000    .06215    .00288    .40197    .00869
  2265    .02249    .00000    .06210    .00286    .40262    .00869
  2266    .02230    .00000    .06205    .00285    .40326    .00868
  2267    .02212    .00000    .06200    .00284    .40390    .00868
  2268    .02194    .00000    .06195    .00283    .40455    .00867
  2269    .02176    .00000    .06191    .00282    .40519    .00867
  2270    .02158    .00000    .06186    .00281    .40583    .00867
  2271    .02140    .00000    .06182    .00280    .40648    .00866
  2272    .02123    .00000    .06177    .00279    .40712    .00866
  2273    .02106    .00000    .06173    .00278    .40776    .00865
  2274    .02089    .00000    .06168    .00277    .40840    .00865
  2275    .02072    .00000    .06164    .00276    .40905    .00865
  2276    .02055    .00000    .06160    .00275    .40969    .00864
  2277    .02038    .00000    .06155    .00273    .41033    .00864
  2278    .02022    .00000    .06151    .00272    .41097    .00864
  2279    .02006    .00000    .06147    .00271    .41161    .00864
  2280    .01990    .00000    .06143    .00270    .41225    .00863
  2281    .01974    .00000    .06139    .00269    .41289    .00862
  2282    .01958    .00000    .06135    .00268    .41353    .00862
  2283    .01943    .00000    .06131    .00267    .41417    .00862
  2284    .01927    .00000    .06127    .00266    .41481    .00862
  2285    .01912    .00000    .06123    .00265    .41545    .00861
  2286    .01897    .00000    .06120    .00264    .41609    .00861
  2287    .01882    .00000    .06116    .00263    .41673    .00860
  2288    .01867    .00000    .06112    .00262    .41737    .00860
  2289    .01852    .00000    .06109    .00261    .41801    .00860
  2290    .01838    .00000    .06105    .00260    .41865    .00860
  2291    .01824    .00000    .06101    .00259    .41929    .00859
  2292    .01809    .00000    .06098    .00258    .41993    .00859
  2293    .01795    .00000    .06094    .00257    .42056    .00859
  2294    .01781    .00000    .06091    .00256    .42120    .00858
  2295    .01768    .00000    .06087    .00255    .42184    .00858
  2296    .01754    .00000    .06084    .00254    .42248    .00857
  2297    .01740    .00000    .06081    .00253    .42311    .00857
  2298    .01727    .00000    .06077    .00252    .42375    .00857
  2299    .01714    .00000    .06074    .00251    .42439    .00857
  2300    .01701    .00000    .06071    .00250    .42502    .00856

  YEAR   MONTDIR    QOZONE   QKYDROP OTHERDROP    QKYCON  OTHERCON
                                  A1                  A1
