  1764   277.951
  1765   277.980
  1766   278.011
  1767   278.045
  1768   278.082
  1769   278.121
  1770   278.164
  1771   278.210
  1772   278.258
  1773   278.310
  1774   278.364
  1775   278.422
  1776   278.483
  1777   278.546
  1778   278.613
  1779   278.683
  1780   278.756
  1781   278.833
  1782   278.912
  1783   278.995
  1784   279.081
  1785   279.171
  1786   279.263
  1787   279.359
  1788   279.459
  1789   279.561
  1790   279.668
  1791   279.777
  1792   279.890
  1793   280.007
  1794   280.127
  1795   280.250
  1796   280.377
  1797   280.507
  1798   280.640
  1799   280.776
  1800   280.914
  1801   281.054
  1802   281.195
  1803   281.337
  1804   281.479
  1805   281.622
  1806   281.764
  1807   281.906
  1808   282.047
  1809   282.185
  1810   282.322
  1811   282.457
  1812   282.588
  1813   282.717
  1814   282.841
  1815   282.962
  1816   283.078
  1817   283.190
  1818   283.297
  1819   283.401
  1820   283.502
  1821   283.600
  1822   283.696
  1823   283.790
  1824   283.883
  1825   283.974
  1826   284.066
  1827   284.157
  1828   284.249
  1829   284.343
  1830   284.438
  1831   284.535
  1832   284.634
  1833   284.738
  1834   284.845
  1835   284.956
  1836   285.072
  1837   285.193
  1838   285.321
  1839   285.454
  1840   285.594
  1841   285.737
  1842   285.881
  1843   286.026
  1844   286.168
  1845   286.309
  1846   286.448
  1847   286.583
  1848   286.716
  1849   286.845
  1850   286.971
  1851   287.094
  1852   287.214
  1853   287.330
  1854   287.442
  1855   287.552
  1856   287.658
  1857   287.763
  1858   287.868
  1859   287.973
  1860   288.078
  1861   288.185
  1862   288.294
  1863   288.407
  1864   288.524
  1865   288.646
  1866   288.773
  1867   288.905
  1868   289.044
  1869   289.188
  1870   289.338
  1871   289.495
  1872   289.659
  1873   289.830
  1874   290.009
  1875   290.196
  1876   290.390
  1877   290.592
  1878   290.801
  1879   291.017
  1880   291.241
  1881   291.470
  1882   291.704
  1883   291.944
  1884   292.189
  1885   292.437
  1886   292.688
  1887   292.943
  1888   293.200
  1889   293.457
  1890   293.715
  1891   293.971
  1892   294.225
  1893   294.475
  1894   294.721
  1895   294.963
  1896   295.201
  1897   295.439
  1898   295.677
  1899   295.917
  1900   296.160
  1901   296.408
  1902   296.663
  1903   296.926
  1904   297.198
  1905   297.477
  1906   297.764
  1907   298.056
  1908   298.353
  1909   298.655
  1910   298.958
  1911   299.265
  1912   299.573
  1913   299.884
  1914   300.196
  1915   300.509
  1916   300.823
  1917   301.137
  1918   301.451
  1919   301.766
  1920   302.080
  1921   302.394
  1922   302.707
  1923   303.018
  1924   303.326
  1925   303.630
  1926   303.929
  1927   304.222
  1928   304.510
  1929   304.792
  1930   305.069
  1931   305.343
  1932   305.613
  1933   305.880
  1934   306.147
  1935   306.413
  1936   306.680
  1937   306.950
  1938   307.225
  1939   307.506
  1940   307.794
  1941   308.092
  1942   308.400
  1943   308.720
  1944   309.054
  1945   309.403
  1946   309.766
  1947   310.146
  1948   310.542
  1949   310.956
  1950   311.388
  1951   311.841
  1952   312.314
  1953   312.809
  1954   313.328
  1955   313.870
  1956   314.439
  1957   315.035
  1958   315.659
  1959   316.310
  1960   316.983
  1961   317.673
  1962   318.378
  1963   319.106
  1964   319.872
  1965   320.692
  1966   321.574
  1967   322.517
  1968   323.525
  1969   324.594
  1970   325.716
  1971   326.883
  1972   328.086
  1973   329.311
  1974   330.555
  1975   331.834
  1976   333.163
  1977   334.544
  1978   335.965
  1979   337.415
  1980   338.885
  1981   340.371
  1982   341.880
  1983   343.420
  1984   344.992
  1985   346.601
  1986   348.193
  1987   349.768
  1988   351.335
  1989   352.865
  1990   354.407
  YEAR      CONC
  END OF YEAR CONCS AS USED IN IPCC95
